1.1124820693145243 0.024682334751767246 0.003010935849848198 0.0012660152933446848 0.06102248722020124 0.19909876239730045 0.10416897898823595 0.06214988586091955 0.05760681155898597 0.02704667217873732 0.040666359800802805 1.2727232537801565 2.8510404624392383 0.823401849495194 0.5156690704416131 0.5162956083494413 0.9182200136759583 0.5932996885175663 2.2940985180147324 0.7646129854812888 1.0858185852551625 1.953328801223231 2.934432463697233 3.1862253819499253 2.388616573874486 2.6188626921751723 -4.476266234196173
0.9390459054063073 0.029938088020217104 0.006197184990994359 0.006537706251214374 0.015407761409259056 0.19688406114663431 0.12429043852597302 0.08857715620064012 0.048512702647356215 0.017484875073394843 0.020085036456961716 2.4211855853842796 3.2973673869039635 0.9402110993046439 0.5781933303778705 0.5614665308783329 0.973681564608318 0.6032783430146361 2.1780455757991937 0.6957041509718964 0.9146940646599577 1.53764438834879 1.3872489460552415 1.4644651499904615 1.0559430660815605 1.117526150373625 -4.373813246168352
0.9273095987290763 0.02771611798654179 0.004907845932279128 0.004093274195006512 0.03181393979213768 0.1946337114222293 0.11450755780359935 0.0755162532898308 0.058340854228780374 0.021688224692039695 0.03687127581184941 1.9977428573305758 1.1677899911315808 0.9522976571054487 0.5847910517086666 0.5681108064433178 0.9547782232448905 0.6103386629497186 2.3601335161085912 0.7189013203475337 0.9631639995002262 1.6501980051635334 1.7551820698937963 1.873338819038253 1.3676268238731661 1.4887858520589605 -4.881356243008699
1.0756134651446072 0.02560661732611225 0.005347468950685179 0.005975234266803365 0.05054068431705047 0.1999999652777458 0.1392528199857933 0.11204084333961806 0.05319241022187966 0.019227003431384143 0.021689849805003745 2.2156410533363533 2.9412312722470593 0.8501457427815972 0.5266588095210599 0.5255628908836414 0.9403673438693348 0.5966613437355184 2.2814385606170084 0.7531643292357995 1.0637459542215333 1.8987606792452194 2.747642514707934 2.985898197511734 2.2291378067193066 2.464557250820394 -4.270053536725839
2.259398526138374 0.019017047298938487 0.007899632452695855 0.00368932380355232 0.061846946654791984 0.17288074068712797 0.19854942521768787 0.09029857419242883 0.06356070232552183 0.019745949637942503 0.026711404769220272 1.903203659527467 1.5897893028958523 0.5260731029650919 0.37037482311590797 0.3993873903354435 0.7974595968181467 0.5788479826411055 2.427793918976158 0.7931823504095108 1.1332842548282895 2.0772024230127153 3.2395481267095287 3.536534983603605 2.615826848634598 2.9026774732113125 -4.367653602882545
1.9210200220456943 0.022760772189513938 0.0042280121962970235 0.00381842204846492 0.06027552108396375 0.19231446223465123 0.12460878378064565 0.08862471194590468 0.059649423726823074 0.018545091476585007 0.02366544240670547 2.0095190474625917 1.8194609455477149 0.5827542594967363 0.3912683406098143 0.4158939258319667 0.800438233497976 0.5547851429877897 2.4055699807206845 0.7827359259025125 1.1257447564274476 2.0309835373718146 3.1028082445768828 3.3998192437898815 2.530368912189531 2.770664257028529 -4.473677981721605
2.2940256845900358 0.017066042311689282 0.004168945433939596 0.004091622604483032 0.05377371428215211 0.14833321626801518 0.11245976047065279 0.08304661649846692 0.06625251420110102 0.019083082940446187 0.026865041684777772 1.800596225292331 1.586326704749999 0.5235577824307609 0.36112030838196185 0.39114440002625034 0.7701164700760779 0.5434164097079915 2.3492307107355774 0.7576985282358909 1.0674194452432444 1.8698442199807894 2.357587707280004 2.5362300960289224 1.9007602732456486 2.0422549031169503 -4.658124713634819
0.9140344285529367 0.026622026486175163 0.0048705885961906285 0.00292534599158518 0.044637052776056396 0.19850394957122994 0.12369804765813018 0.07046139200988684 0.057152246261055875 0.021208980536192253 0.03631789467832284 2.0388299554014506 1.1950088509464716 0.9702266861113166 0.5906696771164636 0.5736513954469039 0.9831188950724055 0.6202153199358921 2.2824521605710344 0.74036105835094 1.0133913535315051 1.76814782002086 2.2301186890260696 2.4008600004012157 1.7910780748161812 1.9446161768864767 -4.792515846671518
2.0878865314862067 0.019974635595767662 0.004433661151359681 0.004437749074510866 0.044360047108527756 0.15895431079213745 0.11035813031173276 0.08033094627484422 0.061964475413281754 0.01776879396102607 0.02511881714956981 1.9354335040526354 1.7036213048757314 0.5496195029537637 0.3725206711299332 0.3976956044350069 0.7817336250096261 0.5471473632895861 2.3055574168980097 0.7385653548435616 1.0274882407369512 1.7896291469178935 2.0515129724472665 2.198018272335331 1.615366001667216 1.7418718475689987 -4.635732097558754
4.088475413197259 0.00979930369225957 0.0019994106667787803 0.0019752378783798497 0.07989676069974402 0.12070614913557745 0.09295632132971206 0.07428937465916707 0.07389803949126797 0.027016820131959496 0.03501343127406961 1.555987525841812 1.088137528140172 0.41178717660804015 0.31036429974712876 0.3600816865555016 0.781394351510061 0.5532828884244025 2.469477397494608 0.8068192943842429 1.1784236119393132 2.120099740840848 3.394489222216292 3.709674531013291 2.782744580214761 3.10335025669589 -4.783132715308395
1.5001580840344233 0.014604393140218162 0.001746276340894586 0.0004824808545285935 0.11911268653553607 0.11895667317395275 0.0702603993922287 0.03946568441064956 0.05729157300693106 0.0193359925342669 0.025932721451248395 2.019737341741594 2.223259129821752 0.7025755111424512 0.45026434891542344 0.4744833733447372 0.883657399584781 0.6126824024594533 2.595602448205587 0.8936581946679083 1.4054717512911936 2.777511327237845 3.5665980516052875 3.9987774230125384 2.633303336967755 2.7788112757979224 -3.3792109175048513
1.1197783755577473 0.024887800217046615 0.004993252951230075 0.004964820164264117 0.060830592029575255 0.1999999038619319 0.14147758762997178 0.10715649157604931 0.057637213012162646 0.01893323690051122 0.02289702284653406 2.0688956968858463 2.843922374046649 0.8316775689869389 0.5212207558917266 0.5176048413610314 0.9230867578576906 0.5973281065591237 2.444397591720689 0.7747709353809669 1.110530797391517 2.032416369442728 3.3279398300667995 3.6253581532232144 2.7458878472766544 3.0390227091591155 -4.208938528896575
1.303851581514039 0.021920773767517596 0.0030193891309036355 4.8256450806561385e-05 0.071215899781841 0.19099509277032872 0.111412498273376 0.052866747918231 0.06553116159230932 0.026285058288985377 0.04237683826099947 1.774389137105689 1.030054300659788 0.7433826184263638 0.4729350147127048 0.4848424385029727 0.8903042159972919 0.6019899319363718 2.437909807202159 0.7818216293807227 1.1312190319679232 2.0674235356050774 3.4242980836713914 3.7333951052270193 2.8171095101235144 3.139207486841357 -4.871395741627878
7.186328011731523 0.006874664514265188 0.00021183564093399967 2.3908599431445753e-06 0.087015573227569 0.10239185184839915 0.0643525385919973 0.05885625023196154 0.08088266897712727 0.032520105369848916 0.049366551084419605 1.443012209565486 0.834328348696566 0.37244359330678356 0.30333311326384427 0.3593681406952279 0.7631094201689644 0.5606231159825565 2.367195887963725 0.8219653366516789 1.1932336628031959 2.1558203796180915 3.4624520807580943 3.768189494000914 2.841931488738121 3.1539922315179694 -5.065652470879309
4.772795656436285 0.013403498104698599 0.0016714437405416264 0.008644153844986117 0.0445062322352057 0.13034535564040717 0.06129682345749975 0.19996269735195144 0.07142768844631762 0.027425865559145828 0.04491176855226321 1.6156008128241344 0.9930023172787356 0.4006505347309048 0.30448559251728124 0.35326858992048077 0.7446445128418154 0.5392937687762467 2.314641739515706 0.7419966557724624 1.0234339249510755 1.7474741247712386 1.8695306674526035 1.9804578053833966 1.4382447503995284 1.5655635887670196 -4.4127585962063645
1.2081185525391807 0.03288067414462803 0.0032845366646858483 0.001597208164632156 0.011419169631063795 0.19859538765579454 0.06881437803097572 0.026529138147494788 0.05684284662486365 0.024810461318530572 0.03993164320501568 2.06571595247966 1.1598718989963084 0.7774726043140825 0.4882174580396382 0.4858499558103305 0.8792607843985659 0.5533519142758899 2.0751427297192206 0.674208093662985 0.8860743551945371 1.4633277232246922 1.143868834426769 1.1903967746750015 0.8597532749649774 0.9066476747830721 -5.099464500284861
2.1633526110980923 0.02395163891324093 0.004276876808168965 0.0041117600119621135 0.0628742232104344 0.1986253446977925 0.13050335114238737 0.09878849357492892 0.06253123866587275 0.01896887578082945 0.0252463818139395 1.9112576943104445 1.6620657750911427 0.5434428937362867 0.3726972313195313 0.4007000037227389 0.8025257208729779 0.5553281664707395 2.3081371085793148 0.8002271401456864 1.1614715979610255 2.107437820458379 3.440158093210145 3.7608638040838773 2.830690963411659 3.1486627872169914 -4.583293919911482
1.6136870698657226 0.02562402263548194 0.0023904139284465784 4.7682586585755584e-05 0.05458718040066026 0.1951184159550072 0.09055231066018735 0.040835935969893385 0.06442321914496449 0.030317596394347383 0.043308368542076855 1.1873216304431307 1.0223988991749506 0.6432185170999488 0.4207997311464224 0.4352006390790251 0.8107141517773738 0.5538061908439631 2.2232722784864185 0.7564335096664401 1.0698015250849056 1.891610623121347 2.527051722573902 2.7106592472681985 2.0385694336741196 2.215653160973291 -5.009588523454519
1.0497326158300673 0.02435675646867962 0.004239117834019107 0.0021426595603394414 0.05284852218166849 0.19112792249255262 0.11843690757819278 0.06711664971020614 0.06232823432245366 0.023633371073354684 0.039820892593993046 1.8673843759530457 1.0895311543513349 0.8704313226671535 0.5350616982676104 0.5335650549852101 0.9189148705831527 0.5970732225717178 2.4037869438270856 0.7505384244790321 1.0416891502767625 1.8431141273683644 2.5084766608341207 2.7174123162857144 2.0160565664402355 2.2219667526620124 -4.874639375709157
3.974310709529945 0.008491400082310151 0.001962746528370921 0.0023052005888313716 0.07549378593739547 0.10661490388096384 0.08574535938784425 0.0728005375029698 0.07522079852180762 0.02671989614983739 0.03432272727873437 1.535422547233313 1.1109104710499353 0.42103862636941447 0.31919677563582227 0.36559230469042703 0.7781991096004721 0.5529359224608404 2.440296349823279 0.7974395679977675 1.145304982338877 2.0444589523231604 2.973608532663171 3.2312872723024375 2.4290413730430385 2.65839108002899 -4.832816690457307
2.9115744398941463 0.0173016178928687 0.003348165265028632 0.004245758669470368 0.06690998578744946 0.16269438667618355 0.11224876954621743 0.1005408472754131 0.06998063527423765 0.02228250957843486 0.03051593728818907 1.6896808862928423 1.3435184874412052 0.4689347671688321 0.33412564462063366 0.3724659413137773 0.7695503915203301 0.5482556957429819 2.313721622683773 0.7958713343889583 1.1482839206960427 2.071749876976818 3.2101026678802 3.5017830966454087 2.6444409441678407 2.918355573382198 -4.701237120315655
2.2569508396149836 0.02356620843893459 0.0042238797829187305 0.003616897655101796 0.06340706575156807 0.19747448468275158 0.1293818506401629 0.09143906654099872 0.06310131424479286 0.01915331022586982 0.025646884566304953 1.8918137809691007 1.6098779174676134 0.5306453548637144 0.3659506012455682 0.39599972682680507 0.7876829128669056 0.5535549325477943 2.3087927117590525 0.8013748461248844 1.162490363351754 2.1063927606901967 3.417240527909672 3.728586656834207 2.811431952968238 3.108969267182995 -4.599496348926936
2.1007064923189662 0.02588541753357208 0.004529051481902528 0.0039438560386812335 0.05051667769442745 0.19999995098795323 0.12528187683450184 0.08458296458116828 0.06044747546450901 0.018882573164221216 0.02414038548192769 1.9666812200272314 1.69098713407238 0.5523233686913193 0.37861572951537603 0.40453359807212746 0.7805660703509653 0.547806841595413 2.2539418701213454 0.7728982491568103 1.0968835792679077 1.9562600982589353 2.698051817806489 2.9049882297940854 2.179980289611033 2.3724976014923667 -4.621992441056345
0.8556125578436417 0.027310892968738062 0.005183948603983933 0.006547137311355668 0.038648467440215654 0.19855668088948675 0.12782006218544956 0.11331417726655207 0.057481302327131584 0.021791282419219727 0.03546839088188138 2.0284394546062123 1.2013599226031304 1.0170223087513623 0.6245991925131872 0.6019779640179677 0.9984196076744688 0.6350487110350286 2.436701105262075 0.742167619783761 1.002876358745929 1.7454816702208638 2.14707462300348 2.3088982843309176 1.7041550299843424 1.8658403298661002 -4.765057626000931
2.511819188285043 0.020876258723088688 0.0038850571867132615 0.0035352246424491785 0.06676597383169829 0.18392797511472841 0.12443059360998114 0.0923200888517075 0.06675848766517234 0.020040184021545046 0.02755544604053896 1.764373496435183 1.4897406195072063 0.4973999518058748 0.34663371951534105 0.3821159803915213 0.7715446984421575 0.5503260776825015 2.315815166126552 0.7999790624331837 1.161721816545771 2.109202737092972 3.464610543792305 3.763086444271942 2.8634431211809273 3.1592477558430976 -4.613401363737036
1.3256378118866174 0.027602750050249827 0.0019716945068714857 1.85352409148304e-05 0.04003770332383435 0.1929724471608802 0.06796937654281111 0.02649400534452056 0.06437187979092719 0.028967270060463568 0.04228175290397273 1.2033846703390285 1.0173747292333717 0.7325815907491757 0.4658839551324911 0.4695252125530987 0.8352010465211642 0.5593425257826452 2.161722167353596 0.7211427676428873 0.989297171580343 1.701794990362256 1.8474029347484675 1.9629237183885426 1.445895559212917 1.5506209256125236 -5.1355671467970145
2.9359849741615873 0.013807316057828494 0.003286525748092361 0.004379109616263291 0.07119731620863262 0.14357653288053238 0.11346318316150561 0.10276019130239886 0.07038745176969406 0.022679767686118096 0.030216670164032643 1.6795085623109411 1.331132228642739 0.46548723893451344 0.33137004510052936 0.3716729174854534 0.7740995758566399 0.5489648672756532 2.4478787741147854 0.7971053485278459 1.1610125795146002 2.0840765269384396 3.2984161964491467 3.578816627070328 2.685495804974732 2.9892047283531946 -4.669591402880745
5.521182720713274 0.009609022085971452 0.001265782578881748 2.927536680730887e-06 0.06550091711921917 0.1018643380174934 0.06324328661802779 0.03833571801690903 0.07768917618252696 0.02895314951298298 0.046369894896112755 1.498043547712285 0.9263545197726499 0.3830532355934624 0.30246101390807223 0.3538012542558065 0.7434918606020706 0.5404004558469742 2.2434939881405183 0.765211398980353 1.0718516359572043 1.8693868066937995 2.2609790817425526 2.4175538398897545 1.791628942702407 1.9449363679647624 -5.111529668899385
2.9982310564966568 0.012759939629571698 0.003304998239359664 0.002947004714469267 0.07337121039360471 0.1358529550381982 0.11280456710171241 0.08341096952274124 0.07078852142951297 0.02271178098743267 0.030516978651560542 1.6585757497381346 1.316590951436759 0.46294007015356936 0.33349114701919824 0.3732058291928491 0.7882630855239972 0.5522522492174732 2.4517909389137613 0.8019094681100186 1.1608544363922613 2.088464719386251 3.260007409016899 3.5496039445042045 2.6665871363166906 2.960943166761331 -4.737827139395979
3.4266100371656933 0.013699684731524353 0.0027603027871446304 0.005760503892145741 0.048049483656368956 0.12155126156756381 0.08224954872100623 0.09872247452707618 0.0744349853800538 0.024422332195695295 0.03243528758413942 1.5705756694579225 1.2033678651090227 0.43264552145317076 0.31780255921021355 0.3587060375205308 0.7387459314781761 0.5295374515823792 2.187592955171153 0.7388638028042405 1.0198361033908006 1.7636478781931744 1.9389257385510252 2.0743984413018213 1.5172140305895003 1.654470601360852 -4.919665651274498
1.8298468691841259 0.0270731432452325 0.0009763844720196606 0.003571773401583712 0.02410418890676497 0.17901499586072173 0.039721720240611894 0.06328375475601006 0.06022695711028726 0.03254891895594906 0.046137674530564325 1.1024037805572784 1.8807395457383882 0.588861263038286 0.3925005627614477 0.4087445032526216 0.7938692336209012 0.525970807218324 2.0825175383398933 0.6911217576122307 0.9244475285421597 1.554092570725906 1.3546262821447572 1.4282060482575452 1.0292912216190322 1.0988657896399214 -4.9255572432486
0.5770556273654888 0.029717451868347705 0.007237781229087209 0.006870819102848266 0.02561844092696485 0.19999986850370646 0.14935105413808114 0.10301896485396968 0.04346957910272472 0.015948367077681755 0.025044709609950894 2.6834011401090216 1.6017440968709629 1.411052159774382 0.8343264184668184 0.7822350897543262 1.2296860695638623 0.7482249007139098 2.5071236385424465 0.7641473447053709 0.9643814189318121 1.606298260027054 1.7032715419162554 1.8109243731075577 1.3328800198581154 1.4475049410850178 -4.550867203143383
3.4583524146683393 0.014015676646091404 0.0027876378464218136 0.0025046307322339908 0.07486203202396412 0.14609723571008196 0.10553214087823706 0.07950494388825936 0.0733551637805008 0.02459770926351511 0.03237600355024481 1.5878549863788485 1.1998265536331505 0.4405247535048251 0.32771422460643423 0.3708600389330875 0.7852301602523819 0.5629119415302938 2.336608665103297 0.8128048420692631 1.1763611237485612 2.133249730103791 3.4110364411312553 3.7269449364184433 2.8128262254454617 3.1116830221555625 -4.789249951814094
5.0146679059775465 0.010069604435551008 0.0014166950949595733 0.00013671537942241485 0.08226586169109285 0.12186787847185164 0.08230369644307849 0.052169289413532896 0.07717843968577053 0.02856751456188264 0.04092764196733673 1.5019905719057234 0.9735413971494757 0.396334810043844 0.31053183747879304 0.36123855747356975 0.7880681484379843 0.5580139183768359 2.354720088122871 0.8194231675024138 1.1875435896838424 2.1468212443579793 3.4290384132175005 3.7314416459293094 2.8154734312318848 3.0996870789983726 -4.918461814599005
2.2955178759114547 0.023326400674209696 0.0042968890004060215 0.003576977422637796 0.06511719577347336 0.19771601755374202 0.132739000328606 0.09271806492408675 0.0635476325358978 0.01901293574913921 0.02585378071966763 1.8732989350027098 1.591445532577849 0.5286280262392477 0.3682042444025386 0.39776826607222066 0.7905956703920204 0.5548530328936492 2.31866432296271 0.8070932293952835 1.1665117052338692 2.123629713318491 3.554014071596658 3.8754494812730225 2.9195194147252566 3.2578294744598684 -4.592157685015139
1.5389299201871152 0.028291906761966353 0.004657390359319427 0.004609078434907546 0.04001348915082735 0.199798697697329 0.11908347818380367 0.085781944065437 0.05781051175001348 0.01906738786888038 0.022923893726423162 2.0541132969119937 2.1685684216508747 0.6613273686329147 0.430003324280784 0.4430058744441894 0.8191073634654246 0.5549144608869447 2.1993240623079866 0.7421075966810616 1.0382337111471134 1.8192188404800296 2.23316553844033 2.3934316522297676 1.775906295891735 1.940692760118246 -4.5026790565558885
2.2117793241000476 0.024330848966543056 0.004303011325527103 0.008308085267399437 0.031155923443843405 0.17681645933190504 0.10385709551581108 0.12407067462815195 0.06209837431430538 0.018618860031916783 0.026214192750770058 1.922790229875914 1.62431785802921 0.5357885760969963 0.36759258206184553 0.39331598510418 0.7806403024467917 0.5330572144564504 2.1558080414478216 0.7300836704251139 0.9989333629534658 1.7191344599240834 1.8191461396265889 1.9412519308284182 1.4164482327539876 1.532910421906993 -4.717801738126713
2.384673324412892 0.022349225781315353 0.0041567578639803695 0.0037839949655729447 0.06166860915589719 0.1888934301579172 0.12510235693514388 0.09195511472466436 0.06437673184773131 0.019282420024600854 0.027106167007719586 1.841331634742533 1.545642983903177 0.5169772101527115 0.3610919304037883 0.391949903718553 0.7799890887264287 0.5565219465201692 2.2972079794587312 0.7962743544543963 1.1453647295248846 2.0646237376454692 3.2081139408611543 3.4893496591401245 2.620139863641348 2.89557097900302 -4.642443487036879
2.331324562147511 0.022748396596751538 0.004375811820213845 0.0035773098815065347 0.0658101202638758 0.1944136444518759 0.1339652750283398 0.09333966927458978 0.06418363576679177 0.01883937856999412 0.026578801314332007 1.8551380081700812 1.5725367863942608 0.5207546083375687 0.36146446352369616 0.3916532769839337 0.8017859141613627 0.555553655547912 2.3248493507489463 0.8062884709431488 1.1738940718752233 2.13916627290527 3.560883793739228 3.8918371567322527 2.9376037559754833 3.2679540539269123 -4.609649615488797
2.3800094068962374 0.023211607381622482 0.004167719205489244 0.003596301009227738 0.06556469993845501 0.1976273575530434 0.130341311432813 0.09340290861316997 0.06341317506134876 0.01936855716857443 0.026301265701900004 1.8754705204024011 1.5489073692121424 0.5164395419390978 0.35982283294010614 0.3913794791131435 0.7876082075087392 0.5553146929038753 2.3238861811826474 0.8073108647620842 1.1755414344103625 2.1396638218344104 3.5679238688895403 3.907920801498244 2.943067035170625 3.279703584658261 -4.606958262110764
2.882330866502357 0.028399960757321662 0.00393792593358809 0.008481544355102738 0.009306005297647607 0.18752159239248273 0.08551283848005914 0.10905725203033703 0.055806776076832446 0.02408036365444705 0.03212354070810774 1.6227469652743196 1.3295532573887385 0.4806464857527119 0.3334316151954573 0.3741664960683507 0.7362830418619016 0.5126475163139977 2.07092323615557 0.6801140505442865 0.9078163961171197 1.5145876436897279 1.2070200285488433 1.250654466370286 0.8924188171594458 0.9448358997931618 -4.7343187767194
2.9469998709786247 0.016356195503360534 0.003265085441107604 0.004924582037345421 0.04482483932556194 0.1360188765577297 0.08871349409529122 0.08662722807116743 0.07106797540097112 0.022436198548168054 0.03069739473927509 1.6470235714372978 1.327572026975811 0.46345162408968427 0.33134268984110293 0.36948378541608673 0.7671520424973526 0.5320169397347821 2.1767664186912503 0.7365720594890544 1.016656820108038 1.7507202116194 1.8920341466466097 2.0137004152330857 1.4706429666505934 1.5945108481300552 -4.8791428625648585
2.176078040770268 0.019566603138679375 0.004463675360450299 0.004441739416546615 0.05757911448446555 0.1688396676050952 0.12419509233201013 0.09402815674296937 0.0629945075989423 0.018090765369224146 0.025469964196118484 1.8949355977600357 1.6543623831533047 0.5389299589158777 0.36971265974285117 0.39624455030998296 0.7810121293615604 0.5496557204334054 2.3872574378668534 0.7752381535576113 1.1045970672779926 1.9704582261978592 2.7702846785402984 2.9978640894706823 2.240741563806491 2.4567735515104427 -4.574816702572372
3.235513093014632 0.01669177765576685 0.0029931214303914187 0.0027410744674031145 0.07242217281453714 0.16278700153287923 0.10973613215550464 0.08385848891985244 0.07095966903019578 0.02330193184020455 0.031796994712295794 1.6562402791913422 1.2489137303697526 0.4452617356086316 0.3329480380201828 0.37496641976908757 0.7757721852097637 0.5589630629720396 2.340110811399506 0.8057772455421314 1.1684894344580001 2.126602670406643 3.467570887782274 3.797629222672382 2.850245544644567 3.1726157672654467 -4.737545324652774
1.9099009794857051 0.023956872702110436 0.0042952844443994035 0.0041434109220680575 0.06556932960558633 0.19999193442457883 0.13313514008245345 0.10050486386036324 0.06189884258186364 0.019462840016068583 0.02383935617520509 1.9464587323463327 1.8287448574356424 0.5826968098304652 0.3909774730999409 0.4150295102550627 0.8087198866705596 0.5617779873251234 2.3204043039426723 0.803306529471777 1.1724698593440033 2.14582837440044 3.6534447496890716 3.999988644279664 3.0305084061371983 3.363932569169469 -4.482785262756275
5.146887296674362 0.009088627691572286 0.0018237188351052605 0.0001466474429406181 0.08351076394715028 0.11673644393944926 0.09055644254907204 0.05396892357263632 0.07386149035503302 0.027502634849624546 0.04150271929146726 1.5732902238703712 0.9576055159660377 0.3941351526091395 0.3074884574428419 0.36415670183300153 0.7877810610267042 0.5712922982976902 2.499909493739502 0.8217005160177705 1.1959655743296693 2.1623922504760373 3.4960311031908122 3.802665334127942 2.8775931158566364 3.1633229948214177 -4.877248466660859
2.5395709992644324 0.01838578486169824 0.00390529420649033 0.003262541513497138 0.07025380073120116 0.1713100001084847 0.12576321496266096 0.089775590250258 0.06884440732990786 0.0202633981671103 0.028816038653874203 1.722613241425266 1.4777428651355127 0.49928728794811716 0.35206158415674565 0.38449018952709113 0.7946931709466729 0.554519385847558 2.3232794166671327 0.806978669631617 1.1733667359926174 2.1298245155513253 3.5178012089657935 3.8368702630457467 2.902010644601921 3.213796664203799 -4.653621125845804
2.3646909429174205 0.02304473023482454 0.004191685151914149 0.0038996348615207505 0.05136711870633523 0.18324362497223898 0.11663063512689512 0.08403537110979109 0.06354348397957149 0.01913798734243499 0.026547364754639355 1.8713969976462739 1.5540657818610295 0.5119019144398766 0.3533950909704601 0.3852285141536662 0.7684388765776485 0.5402852826611833 2.2393060409784296 0.763735415067256 1.0817370867319693 1.9184014714061164 2.5604802333661745 2.771068364623877 2.0538813601090213 2.26280032763164 -4.688761095856708
2.554748101612688 0.016595213724834575 0.004194886898822398 0.003821023806915622 0.05881596652429357 0.1499272690631891 0.11771636011353528 0.08433518571155031 0.06686740632800382 0.020191939348621617 0.028274112069799684 1.7633140720796356 1.4675977030480463 0.4942879492009961 0.34428862373521507 0.3799400045307435 0.783331724007172 0.5397545975839056 2.3848634916992446 0.7723619714342802 1.0973105674164618 1.9476232573584893 2.627272676351579 2.83062936122007 2.1153474241415298 2.3028466618797214 -4.681105106134013
3.181849262139848 0.013830091021262059 0.0030071701014842437 0.004017596531029869 0.05645032629759399 0.12818645982145763 0.09269349758808229 0.08359433531526247 0.07376729424188097 0.02346764270449115 0.0318548775655355 1.5932632300283125 1.263525543535218 0.44990873731689957 0.3271292414424846 0.36672280397202306 0.7486118669798492 0.5376816919584279 2.227078387150069 0.7613895003778782 1.0669912915146418 1.8632201601884801 2.2834153665963672 2.4494410090241554 1.8191030335981737 1.9774517411423047 -4.8687418500254696
2.7583404621191585 0.015314528344916672 0.0036218950311303986 0.003726753009650315 0.07369594747442595 0.1551800139470842 0.12247647200588284 0.09788917592485451 0.0686970371069887 0.021841287089252658 0.030109314043552615 1.722683461748922 1.389699515146628 0.4766755603406606 0.33740175368409353 0.37627476531651677 0.785333826836187 0.5521387805903611 2.4624459349906136 0.8053609277639391 1.180663484158026 2.1396257146602258 3.5751351081913336 3.91647944495781 2.945917363045389 3.2939187698819192 -4.637680189310488
6.564743771421455 0.008968137896010437 0.0009802599800713264 4.550267386796738e-05 0.07637462949552318 0.10769098689865432 0.07041303797695808 0.05063902130270762 0.07822312635341987 0.030963414923767734 0.04806536415279991 1.492858369327836 0.8619192369993091 0.3748876428873775 0.30220662430382866 0.35663090713685835 0.7873180485811277 0.5516396491818962 2.312942777830903 0.796948888717624 1.138768845538184 2.0262971305951436 2.875912694067627 3.103821291047828 2.3262686439407614 2.5567419981155606 -5.09980898879445
3.4143808135245637 0.012986571119500473 0.0027551202243353973 0.002316635739924444 0.06915573644856468 0.13312601558361067 0.09861072857546008 0.07079013481461124 0.07514170388583263 0.0246053899057873 0.03277915244011406 1.5613587517904697 1.2095854464617877 0.43850149338343597 0.3228837787651496 0.36750075525044507 0.75356103255883 0.5478199828776954 2.2889121305575464 0.7897468131428448 1.130053776995792 2.018878272584897 2.9108334920071637 3.1418085550915067 2.3462040530529396 2.5922046018130613 -4.853063517487359
1.3365124247990054 0.02508398986342516 0.004490882798867824 0.004536230858362407 0.06096430542726405 0.19999699846354108 0.13354936434567824 0.1021865273912095 0.05987436776557218 0.020287776228154596 0.02392233056375162 1.9752644154624692 2.445337785294598 0.7308319479122717 0.46755449941349025 0.47547221313128835 0.8718649126372229 0.5790019255944591 2.297027201526766 0.7793319685157488 1.1268428936949757 2.0488830455988936 3.3261673447140567 3.616689531505481 2.7419227137061446 3.038700820006982 -4.3110193571777415
3.716310029280454 0.009379825142769268 0.002563081982153431 0.0022733502025447014 0.08055874497495547 0.11901574854737182 0.10361508200536902 0.07840127160608554 0.07450331757679546 0.025387950292837913 0.03346630423290273 1.5558889180022828 1.1531632876679228 0.4297301955083022 0.32351968687024424 0.36858664754858456 0.77208212534 0.5553542744976224 2.474254566142026 0.8104058060769087 1.1828028548010012 2.138514880000506 3.4739893001494844 3.800342959596351 2.854751106172025 3.174858191822436 -4.778959849985044
2.626832826782062 0.01875210439015965 0.004165848672581994 0.006213247566383834 0.06703968653630447 0.17704068828916963 0.13168801020732177 0.12859980967943005 0.0642739605601518 0.021033244630375127 0.02788409152900571 1.826536668909766 1.4397548603784043 0.49130491549062955 0.3518928652510213 0.38647287405969616 0.7808784364903479 0.5546505515283258 2.4617493616041455 0.8063842997768916 1.1731912812570504 2.136286809002382 3.549385919343834 3.899834212110373 2.9238744312519573 3.270331281300194 -4.5534500218721545
1.5080688904357165 0.027366562480613223 0.006580642421105042 8.400069603832642e-05 0.02210293250952325 0.18098956582437192 0.12837532962815618 0.018333326482994804 0.05452870471178586 0.013293951430554223 0.04716486748736519 1.0620390827091857 2.1970302155141526 0.6704353429463723 0.43400399534808404 0.44188975162347766 0.8263549472480786 0.5397201577495853 2.2144396349715243 0.6934624967267679 0.9264809925805498 1.5577753467087014 1.3581117895609685 1.4279107900058197 1.0348451438272916 1.0936149714300112 -4.588754178575823
1.7751331036684712 0.020554823251734897 0.009844194330295365 0.003650325888798844 0.026458672315544506 0.15044476948288948 0.19610763369076117 0.0636603823963415 0.06291704660070421 0.02645010559313407 0.03740117488116568 1.5334762482566147 1.1150975147684925 0.601860445428662 0.3982781699138426 0.41596025606738674 0.7803366598257847 0.5418317936040139 2.230766470853354 0.7020776045785925 0.9515534768655611 1.6168578277319097 1.5164261744681082 1.5985436308694942 1.1540197475891547 1.2351851724713774 -4.666490363526972
1.6341628082568118 0.02531529467252753 0.004805464883607296 0.004737018323554301 0.04837640774451671 0.19694745743758038 0.1265431282948701 0.0922685646756603 0.056586227834428 0.017602815172043318 0.02149927091209252 2.1240677466897018 2.0663660660203482 0.6388787065959097 0.4183808853286803 0.434956216695653 0.8209990493250199 0.5563811802508931 2.3543419906192082 0.756966992174052 1.0712589783834945 1.9029510840240438 2.5670375143646096 2.775591946967543 2.0627964465988584 2.247026931170974 -4.442979344023187
3.750056341447185 0.01960650705473749 0.0033270409530705885 0.00831749687927747 0.03524317667578238 0.15302080842725044 0.08810282614513898 0.12386637679564964 0.06507956043890631 0.02372676593005029 0.03143423160999386 1.7781257454274768 1.1374706652590936 0.4236277720180493 0.3154960523366678 0.36091845661393174 0.7527432236860082 0.5343119652851784 2.174293589422002 0.7319367979623479 1.0015825765464117 1.722009060354952 1.7805475764563223 1.8736389816002734 1.3792767548294682 1.4762914621777234 -4.755388507996872
0.29721171337770297 0.02686705310471624 0.009504493021778516 0.011698748147121149 0.05040337220064612 0.19999841215913122 0.19999983842270125 0.17473412695880852 0.03025952877483503 0.01149486206665424 0.01962144111489848 3.8487685080438436 2.2553842641813047 1.7335024986702925 1.473983224575559 1.3446858340404297 2.0304891305473545 1.1767915902738206 3.6199635210315986 1.0418629297445274 1.1932794876790163 1.9097781321978196 2.616505987224475 2.8455181175534228 2.1583098847858353 2.407548153147463 -3.942150878091405
2.5736930699652523 0.0148258110097904 0.003833954017631995 0.004747874612447016 0.07147625749555807 0.14976652628668694 0.12351920211602062 0.10931995530995992 0.06871533840679393 0.020968884224821523 0.02898354622640985 1.7301686933882112 1.4637362275027292 0.4968098130086552 0.34880856861921067 0.38454373330860053 0.7746083334115098 0.5554132592880655 2.4548744769341018 0.8041159294945334 1.1704784215256172 2.1175356983450295 3.4397902631274504 3.7539604717278716 2.8265266526071784 3.1409658476768314 -4.604374809955169
5.3035601080609 0.011895536035774354 0.0011605165536928892 9.5204674781722e-05 0.08295011168126838 0.1369564353680403 0.08024342419991867 0.05478544261022691 0.07596220427548085 0.028745134110555702 0.041536251909051046 1.5243458531808305 0.935883874017848 0.3913342532108934 0.3027335912047483 0.36433165754101116 0.7789889293943466 0.5578645401134734 2.3727153734915127 0.81863739596322 1.1996769899920858 2.190473454396545 3.6275973614535735 3.924816437779304 2.988088466094324 3.2978488704178153 -4.890304886185661
2.8425814788834636 0.017550667271818258 0.0033684193501285964 0.003090391199482134 0.06391426384436603 0.15960485351894593 0.10853718010539536 0.08016954753130395 0.06938238074931936 0.021893158580381128 0.029637242077359974 1.7103629764850967 1.364182155152814 0.4736950131584584 0.33831118776277685 0.37473393143706885 0.7841280180277038 0.5468055114626111 2.2848123344439073 0.7884606087000707 1.1289578543261864 2.015437902061076 2.9307241449339263 3.1796557072100087 2.374852863463319 2.6201863900766575 -4.756488523378975
5.085794419632078 0.0123331443252223 0.0017534056096937636 0.002952766953507958 0.07838610118903182 0.13784753157315965 0.09033027341686964 0.09472501206624895 0.07452787018784655 0.027796873466980548 0.04395209985819101 1.5508523651865604 0.96433917339759 0.39463106342418786 0.3077889717622766 0.3623227069389848 0.7691368540103881 0.5612159696293949 2.3693070422337446 0.822217214927284 1.1944281410520083 2.168578697606809 3.5552812749044307 3.8911835076152563 2.924970409264307 3.266666658882109 -4.872280831244877
1.595435917022785 0.02456309204188872 0.004638904979578431 0.004497485764045823 0.056780657240392385 0.1999860822474285 0.13009830790383436 0.09682138189961785 0.057664221181574944 0.018299537596641324 0.022335398340566283 2.0846838018618827 2.10585445100099 0.6500375619502936 0.42479739174793296 0.44221775292155036 0.8283851101108772 0.557886548584887 2.3936704345520576 0.774510584139913 1.113645599153596 2.0117199764421048 3.0415700851272462 3.3052286229268164 2.482738796651243 2.7238978436453185 -4.383712531121736
2.4420266175911265 0.015771075250917123 0.004078794044819989 0.0038061938888958747 0.06763357368002451 0.15227316503495597 0.12369024582840915 0.09178693345107941 0.0682371964986349 0.01992358621487227 0.028242446093955764 1.7531173419569723 1.5219024342754035 0.5100781933502871 0.35440376748692815 0.3870382517108094 0.7854715380023227 0.5588319042372918 2.428345390367848 0.7915600017457929 1.1441421870350654 2.0614587396361626 3.1390388156564764 3.433305491048183 2.5922262272888545 2.852655863026993 -4.619997220587
6.02973113165566 0.006694114984466638 0.0011178103227382152 6.176014484962587e-05 0.08703470866512208 0.10175080727728039 0.0789311345966728 0.058548538961797014 0.07697473043190323 0.02969180435915177 0.047931493016394114 1.510243916977393 0.8836915440866223 0.38544127702176306 0.3093704793367097 0.3641464122743349 0.767621187108038 0.5700768304491549 2.509242311644576 0.8172810115633232 1.1955609562148986 2.173795142204863 3.529039241376365 3.838926388461943 2.9062991518552805 3.200793556682052 -4.951401321812742
2.56108191826847 0.020128813523007504 0.007547306517379136 0.004298556826310106 0.054844489509825164 0.1737066478550586 0.1999128413452302 0.09428276206178433 0.06407486614018104 0.020896796850006935 0.028772161812520215 1.8278468046802108 1.4729999123756132 0.499966010141877 0.3530479989691942 0.38923826103952913 0.7769418312809093 0.5455144153736687 2.2951082559098945 0.7811957456132325 1.1179202852532286 1.9856968146458438 2.8379972265198017 3.0829446139428986 2.2924480192836256 2.5328745624520836 -4.387556534288689
3.4438701408883623 0.012689282393309739 0.0027103254025976483 0.0022411032218394114 0.07419312975202794 0.13521828043780895 0.10278030739738045 0.07440994370988437 0.07497804927112821 0.024674969014486473 0.03274309931053674 1.5603742150162063 1.2032148078769653 0.4372396765320493 0.32295827753439477 0.3662090652246825 0.7858914591893166 0.5512845075180479 2.320800240366547 0.8038098069903988 1.1594009082597099 2.088469290453657 3.2322965339354686 3.5102266977557437 2.6417910336773467 2.9200402891907973 -4.83479286963293
2.9247005547641542 0.01425061484068149 0.0035349712635430047 0.007000045635318252 0.03285183420984485 0.11137160201544914 0.0816252843360788 0.09872590553781178 0.06870490395898175 0.021882362234118515 0.029788452863586685 1.7122327751449489 1.3329526062518788 0.46305308282743657 0.3307947430034226 0.36576210263288633 0.7322636036649749 0.5235469387575468 2.2345158359061443 0.706614368309646 0.952226172120753 1.600549415382285 1.4274465335853532 1.5033921358679445 1.0986693311709606 1.1698416396717437 -4.88595075319187
3.7925230093948374 0.00791612273045835 0.00020726617770689003 6.63716411595356e-05 0.12901098690000012 0.08957507211909041 0.046801749988088386 0.03962569018238205 0.0635994069550979 0.021854902927812392 0.03001176653234475 1.792042438120618 1.1443817593234757 0.44014154173399267 0.32535721020393643 0.3793062827282418 0.8164992113437913 0.6054274897410443 2.7726066621309884 0.945868399206448 1.4951060883849177 2.986541506602287 3.6988922671571283 3.930978096197033 2.5220012065041515 2.593913982195765 -3.4931715279397992
4.73796528378306 0.012159695215366643 0.001730488983500555 2.3183434157096604e-05 0.07195048043929281 0.12682389176562125 0.080140070981679 0.04486136081941256 0.0745814392005781 0.027351304927395206 0.04284952632492605 1.562589514875864 1.000120202836257 0.3972296647215013 0.30772520051971425 0.35794256519313755 0.7808970221915968 0.5488555839096134 2.299410209691674 0.7911056459739063 1.1289821477854634 2.0079836476027237 2.8264222716517664 3.0526861031350228 2.283480318564139 2.501744394962766 -4.977017426386174
4.528670017446715 0.010714402172854276 0.0015592478534977782 0.0005041753810588235 0.08015233918714873 0.12514008534409335 0.08492591367601976 0.05526963494903311 0.07713044908343718 0.028294253226023393 0.03880994241875446 1.5033276294223799 1.0255488850887824 0.4028242275241973 0.31053331791637373 0.3610243849206842 0.7877939244006137 0.5546259862033509 2.3425202375668115 0.8118914314034148 1.1752526594397168 2.1193977320337405 3.3423248226973046 3.6344691358254493 2.7352139036719962 3.0210459505841114 -4.910917253237477
5.690029732811068 0.007284398337108155 0.0018498146559497353 0.0006069482681046654 0.08616364689965193 0.10625305823229156 0.09381341995761805 0.06628671108896594 0.07626340378228316 0.0289045889655334 0.04669477507888555 1.5163447687378975 0.9132703439791958 0.38314423487355614 0.30992574724499194 0.36438790057868353 0.7914250801803834 0.5623328668644165 2.514624805352332 0.8280142625260977 1.2026908371812501 2.1726016288332586 3.601490155940216 3.9386195294684683 2.9642817255401654 3.3117338899171185 -4.940204252392417
3.6610353614329547 0.013454084577755288 0.002367549434986479 0.006186083707249881 0.0669495541429177 0.13896209099107423 0.0940509196244179 0.12331396891955289 0.07467596025894137 0.02552077536588912 0.0335122078318539 1.5469504215537186 1.1542891359569878 0.4275012985464163 0.31755455825143714 0.3631963853381167 0.7750818177058316 0.549182807999867 2.3082111802596876 0.7939735676999553 1.14012884938202 2.0419274179194864 3.029374614063483 3.2914618113695986 2.4520934988901764 2.7250177530461928 -4.79273171524308
2.564196939585092 0.014891502160827021 0.003610834219994008 0.0034174647401368986 0.056213820174849306 0.13505741809307228 0.10298995807232725 0.07448912707303154 0.06871918232337926 0.021484958507959857 0.028950329516516857 1.712515404215747 1.4640026492892535 0.4938142274441301 0.34659813143509793 0.3796904841172165 0.7804490521836872 0.538633287481999 2.3511459698545836 0.757364657553941 1.0655231936197793 1.8638849025676016 2.3172081565590497 2.4902560266403664 1.8421246972475538 1.998565387506323 -4.752288893918562
1.8516876652228382 0.020280999048334677 0.0005683136173154342 3.128721060520965e-05 0.06501184405622605 0.17147323648883328 0.06249160874943245 0.05001412902883755 0.06347386630395521 0.03325623866713721 0.049880411708763596 1.0272864499718013 1.8638517871101927 0.5932122272917806 0.3978934212358674 0.4193332870651023 0.8163844046628013 0.5510631329774884 2.37829702151286 0.7685275098367025 1.090833398253652 1.948678561710993 2.751592848574749 2.96415571156895 2.220005406866832 2.43253118329688 -4.827247132054895
2.322394114580614 0.023665017583063025 0.004156549288862817 0.0043392525400747905 0.055859394065699876 0.19300536639658197 0.12165037084325404 0.09559041372460285 0.06297922731150284 0.01925935937111337 0.026650452205049847 1.8944749060232795 1.5793734600410627 0.5217653213455845 0.35827675956177685 0.3882838692353426 0.7890718457255741 0.5450391750236382 2.2708088535150512 0.7790565628116282 1.1125021437393796 1.9968790457693237 2.916363872894266 3.1680321024266402 2.370627003879564 2.622835151016558 -4.646764964347339
3.8976836997141198 0.018558475275952904 0.007379510564809146 0.0018154708425212058 0.059795521814750174 0.16622985882489222 0.1990019619526371 0.06860905552019265 0.06552087010758585 0.023789609956446748 0.03890178965292689 1.7553936118718585 1.1058469244178173 0.4351121234048696 0.31880069137076184 0.361289405631239 0.7867800917105146 0.5669147809739953 2.3090985241376467 0.793337032435354 1.112968368765467 2.0353574942547907 2.9137980930931238 3.191491946911527 2.3690995101706287 2.605914189570686 -4.4815961199339505
1.444085833471466 0.03185916801837903 0.006472611538489129 0.006297547696299794 0.007082750768131467 0.19955946066168243 0.12410181743320521 0.08088978609832011 0.04818853586642724 0.014153792144760858 0.018738245874102267 2.4764040065470514 2.2763936683347197 0.6891332314717719 0.4412948351882754 0.44811271586612894 0.828296875574292 0.5385712951031192 2.1902481150273374 0.6798253809752437 0.9014174685203399 1.5009308117849187 1.2230956276879303 1.2827092477731543 0.9199684125795885 0.9691315352485251 -4.546344741932747
4.209795901777516 0.014311117838499164 0.0008504011232844088 0.002913860286678942 0.07305588706825926 0.14563173266592216 0.06962604548906581 0.0874625588347812 0.06830814461641509 0.029138706194362915 0.0394787007912288 1.3208027308207664 1.0552343419366819 0.4196556352668024 0.3180311389840425 0.3682953469610585 0.7734382137512245 0.5511230301539455 2.4300064889757977 0.8002921308944838 1.1624989206750438 2.0751897210057155 3.2144467249260282 3.4619194819458645 2.62936336358348 2.884357693569553 -4.801723969643706
6.602444162662998 0.007447030579879716 0.005475047961039334 0.00037866638299581366 0.0750926516824613 0.10100191497754313 0.19034375819317698 0.05601894384633903 0.08008204903764182 0.030644951791932114 0.047455656960842786 1.44064710454693 0.8633495716071212 0.3800994567931191 0.3031339059528717 0.35708500027119444 0.7735746087447273 0.5559378611066447 2.3316097862526175 0.8009754567882547 1.1487493812398157 2.0615705924573016 3.013070566340413 3.2585916028239157 2.4502771376612587 2.68109857223308 -4.569490975265327
3.3222620295969603 0.01122734201361 0.0029584681880562578 0.002661404623112008 0.06286750576382756 0.11581208847457915 0.09447122708783712 0.06757772101527612 0.07277656002794632 0.024164926092583267 0.032093902875960575 1.589542912475024 1.22871810930884 0.44239858254007136 0.32502919140065206 0.3658027359379078 0.7737473620401373 0.5413160333574867 2.3766226383345073 0.7682410855198538 1.0843846901167171 1.9038512631479831 2.4305340890342393 2.609155758354506 1.9425609102986177 2.1057751916240104 -4.858237425549662
2.559389701711031 0.022081325004005774 0.0046089087664943525 0.008475505120430726 0.05254652730103158 0.1857982336682624 0.1335265111675961 0.1459090005208051 0.06063039228573989 0.02029778988826422 0.027322482286230628 1.8911118597404286 1.4604461745830495 0.5087527463736737 0.3545202224389685 0.3817783020194414 0.768964674894597 0.5514229771397406 2.385868053556549 0.7739090633516127 1.1031642643653334 2.0017662083965178 2.9195726851529864 3.178244566839419 2.3645013045595773 2.61206143460224 -4.522322857531569
3.3871159470089047 0.01105138314463352 0.0029818495632011545 0.0026085575985787873 0.07431954962436794 0.12481531594528208 0.10653311093885881 0.07816186481525282 0.07273887957171471 0.024299546755770896 0.03210204922840988 1.5991749529075223 1.2158624029901726 0.4401873284963662 0.32407438296813423 0.3669452494297272 0.7843448461373784 0.5539361779277573 2.449958946569843 0.7998124627200874 1.1556138924833428 2.0733830811749177 3.1670762952718423 3.435060115368059 2.5853936763009013 2.839425277323972 -4.791362798381033
2.004863497175505 0.027362966394563953 0.004784095090516839 0.004330174500692696 0.03777508342279355 0.19660960964941998 0.1177033626486283 0.08002469854580475 0.05845246795224933 0.017778244973222498 0.023726128374148715 2.0322155853742756 1.7563924692458939 0.5616093223108958 0.37895137508521237 0.40057198085314033 0.7956247522953388 0.537878474210974 2.183304934445395 0.739609982574357 1.029882482851028 1.7911325986523108 2.098829806469667 2.247272188444553 1.6568938284094108 1.7950622978762574 -4.69007409703768
3.2529534594118186 0.012804621861398165 0.003067695930743678 0.0030759123781986487 0.0775241410060884 0.14180292073221584 0.11356532951522594 0.09023415057333875 0.07136068378404814 0.02388591038799378 0.03147499467764053 1.6268384384405588 1.2486178308069955 0.4483470883127951 0.32986664221699596 0.3712335344879137 0.7701589561154248 0.5561718472298018 2.48241441655457 0.8162127817558299 1.1896017816485875 2.1582182659874243 3.60228740279749 3.9475860890399415 2.9663102163584716 3.2985736370192944 -4.710291931364444
0.9563627355042966 0.02669753537303002 0.004902294851185396 0.005507029173850954 0.03872630865055299 0.19548193419006116 0.1207505852025385 0.0959583900074293 0.0597361563920752 0.02014556504269424 0.026090673501193266 1.9435928438779355 3.2548278293797663 0.9353708579255463 0.5746100770426562 0.5608466103231677 0.9768013860417537 0.6118731771972201 2.256175992117127 0.7332425111076708 0.9994114298909851 1.7395040089872136 2.080069748149436 2.2309906573752145 1.6494882885606146 1.794310916812172 -4.370450381943628
0.5156228697067298 0.030553865653739937 0.007606284953220822 0.00783327224499401 0.024515984752195186 0.19999825238004876 0.15521767945224718 0.1140128139618937 0.03827047796041733 0.01672745891455595 0.022592769347052608 2.2329387460261287 1.7688411902161425 1.5552863442520708 0.9153067975819906 0.8547295540178189 1.3855016233197093 0.7956374458410329 2.7771245810019085 0.7879418049989482 0.9757215080032167 1.607011376863037 1.7119944434411196 1.8176898403531119 1.3546148144921664 1.460380799739813 -4.514099372858164
2.8340496552828753 0.014522392408852587 0.0036209746697637227 0.0031801663780861534 0.048336326391787934 0.12481647407756387 0.09489027414475494 0.06304625901435142 0.06857235695479443 0.021655791605192952 0.02940545127878901 1.7143161632012565 1.3634542993229266 0.4709261714558082 0.3355812443238026 0.3705662882189049 0.7703766355619964 0.531406954073708 2.306171173600652 0.7368838414888236 1.0190616611264278 1.7535621313027527 1.903615803065068 2.0312121264771656 1.4888097538318732 1.605680476175452 -4.855859802133733
1.8408235750119493 0.02987094318223124 0.0050294745269585635 0.004404097789452665 0.024621289443344085 0.19864272526215215 0.11159431363069099 0.06967132732990225 0.055524090130630845 0.01721099326781378 0.022377652467782665 2.134010506479363 1.8740626249515433 0.589746499831719 0.3917646890081184 0.41004488021946855 0.7998926130483448 0.5330000054077467 2.125919584721816 0.7136453826723624 0.9736273840122468 1.6568596471686319 1.6389795854062899 1.7337360436315936 1.267209153622885 1.366853724791066 -4.730174388979764
1.8211493725275045 0.028622310705648912 0.004664192633657683 0.004492781248600171 0.03502386773055182 0.19994021273965132 0.11344263955290627 0.07852147394227942 0.05695927406485707 0.018351665733590743 0.022571754809102666 2.0899087971259935 1.8929918208654155 0.5953796177841579 0.3949744006625838 0.41838762751553865 0.7993633994820812 0.5530478416795065 2.1795641036261557 0.7366925149129618 1.0200578358701535 1.7738737549141446 2.0116161847867575 2.1466577318809303 1.5859135011886434 1.7067018205627937 -4.645180078351539
6.519781598678212 0.009042591364519018 0.0009879076842913203 4.7783579157043754e-05 0.08486195102784712 0.11646146951489236 0.07888076216755623 0.05911327723508139 0.07815015409301897 0.03083253968960349 0.048123273120093 1.495106142997269 0.8654094035855946 0.37618641093898125 0.3040004040424902 0.35919999204118536 0.7964450799070486 0.5604513626112887 2.3697782241405343 0.8235209421201838 1.1968700536736037 2.1669502250984203 3.526195764930773 3.8444746976724185 2.8999840354893562 3.220106381422974 -5.037227650058727
1.706603621215967 0.019886946918451383 0.002453489844008765 5.0426596777702764e-05 0.07304884124422203 0.177765846215114 0.10288207668046706 0.055510901436159645 0.069341978509388 0.027758075501056266 0.04536420022828027 1.6812885339241517 0.9747825188184268 0.6242794350871773 0.4130341866566781 0.4301055715659675 0.8358493469565799 0.5621798313360348 2.294211053340548 0.7922116556874185 1.1481708038251321 2.0845269850955432 3.418063989332345 3.7286190963018178 2.815505514446999 3.120766024310304 -4.889705380620796
1.4348219609461692 0.025670649156713347 0.004383128724192085 0.010368376602657344 0.044169406485814536 0.19996323247593945 0.12039650857682702 0.16159381245279142 0.05689454928451942 0.0188937623620806 0.023332170476383026 2.0687674896300132 2.2964365970414735 0.6938417408933967 0.4487623275404784 0.46258190610534394 0.8478127775786565 0.5652642926671548 2.35897301817037 0.7580072091694149 1.068663032371616 1.9049003953104506 2.6357901530144834 2.8490114314896497 2.1028988622454117 2.3197429766066398 -4.321634980211965
3.7115533833568093 0.010686616607293793 0.0023631950937652597 0.0019746947374214056 0.07962970917269167 0.1264557411871837 0.09950354503560319 0.07403987087653975 0.07599808096345005 0.02573018497635635 0.03380063623382725 1.5326262878394912 1.149419528982004 0.42614680862548576 0.31903457548804676 0.3646593973119784 0.7726650393660183 0.5548300171521848 2.3887359285201284 0.8130772230360086 1.1827758887254474 2.1390963823135043 3.467777886655816 3.7848320524054575 2.846934962737575 3.15627343255627 -4.795043642718683
2.0447350872579446 0.026598374990624247 0.004585722264244746 0.003881712533149529 0.04665614087630598 0.1999612672379094 0.12203285353975236 0.08104684119893421 0.05976163580361392 0.018193303291967052 0.024104644627834213 1.9926940649509501 1.7313328521491154 0.5588664482467 0.38001002413155804 0.40378578231956436 0.7742175360401401 0.546353180350845 2.226927774126968 0.7625833525667958 1.0774433793100582 1.899424800903633 2.4925828387426594 2.6952070610097048 2.0121724336963673 2.1894201939723708 -4.644348467996532
2.444615367595258 0.02063209509334214 0.00406751678070386 0.0036062011608774657 0.04742918699202531 0.16307041117030197 0.10790784490983824 0.07389154576635756 0.06609882262742912 0.019448099111405243 0.027685845953216912 1.8007065903013044 1.5145418484662438 0.5050794490958427 0.35367577843172626 0.3839165212523213 0.7818666710979942 0.5381992435551447 2.2028490083008623 0.7510402706337267 1.048625217256897 1.8276323992987007 2.1829539555660418 2.3355573734429806 1.737596093595378 1.8845210654010278 -4.774654183691883
2.2734252100442838 0.01707094160450373 0.004288256994359444 0.00408970684800694 0.07075700106189252 0.16442666039267584 0.13200296068251538 0.10047900148084161 0.06639154814960918 0.019048911685540775 0.02685411179801496 1.7950721102933065 1.6024890211181206 0.5289731160840945 0.36689285527558635 0.3963818676918726 0.7909515782359724 0.5577620627671828 2.452578179430387 0.8050284038429102 1.1719625072797697 2.1271034042506916 3.535828067315376 3.8630854428722112 2.90258933219029 3.2372976426016833 -4.546158014568376
