2.463715845347044 0.061631382841532224 0.009846243985265393 0.004696413786752708 0.004214701899538085 0.0953220955213264 0.014622611001457316 0.07223531469732902 0.1679952682198771 0.09159448987306036 0.01760592258745146 0.8482552835447577 1.3275034143846192 1.492439448028792 1.6021307125387623 0.981735278180221 1.4901226036265502 2.6111111731087178 1.0458427419857879 1.6436890402216418 0.5054452416251556 0.36870874825207545 0.7733913540893321 2.144586033555427 2.5472596083077526 0.4396217631381851 1.1710826939037626 0.7900332890991805 3.9999977117456433 -3.6813332632340336
1.191576079692206 0.06994443628235458 0.019080652158411215 0.005563737537174535 6.896327432388542e-05 0.0922389006564292 0.03183373934055976 0.07353179412874687 0.14696972839685643 0.07875488055161661 0.014388784215341923 0.9814375226798997 2.08392458692069 1.7529903050582862 1.8748303312350454 1.072565473283541 1.5226470425620484 2.6759698578227726 1.0688273130195367 1.7094890332027335 0.5163693074903818 0.3627595328324572 0.8504531211358142 2.306821245722529 2.8797674753166675 0.40988600251664564 1.0974822654413054 0.7338871417645596 3.999992822682651 -3.593923683554566
1.5451704029556785 0.05560460548804974 0.013169998986747223 0.00414070061434659 0.025312030292278898 0.07497321957767726 0.01740189329146505 0.055893376023005356 0.16434361330650557 0.08511870274920397 0.01646200111929803 0.8728020790784804 1.743457482405232 1.5656323389728668 1.7467758664700483 1.0338440089743532 1.5316803061317994 2.7277266205407265 1.1028904161649757 1.775469309780469 0.5438217895408789 0.38340058434865576 0.8907561578123294 2.455384160213474 3.060144014165989 0.429577892582981 1.1801149319927657 0.7780105976345163 3.9999985158343763 -3.5378531011575194
3.293033018077807 0.039541756798312226 0.015219417793993514 0.002741697174225851 0.04444405162779349 0.055110385641460154 0.018708858826695117 0.03817425526070715 0.18347512582808376 0.0701939581524101 0.018300377285043596 0.7703547092198898 1.2259074840825197 1.3019731647065933 1.6238099940642594 1.009498489718848 1.5762781336648988 2.836737033173658 1.1619598261672028 1.887780631794656 0.5769554560081588 0.4102251502404967 0.9461039137793567 2.6341389395593042 3.298347000707078 0.45154927722451826 1.2305643653849017 0.8061207170881259 3.995265915013472 -3.472017448942551
2.1103618110178686 0.04639426748321835 0.013660868189773504 0.0036124551952498494 0.03762822238676246 0.06215062627267819 0.015829893075514363 0.047799361545848115 0.1688744718983427 0.07888900979821178 0.016663938360928558 0.847841449526747 1.5981813334271893 1.576430099947339 1.6622416822408999 1.0157979922453595 1.5511696154903507 2.793111686483151 1.1366802547868258 1.8363654547438018 0.562139197903227 0.397793466615889 0.7279192546534878 2.5750257349664696 3.2109914480920865 0.4414956676857715 1.206756496333148 0.7823466202137206 3.9659489694746575 -3.5673255053762714
2.963900199689735 0.05026613305606381 0.014168799892521632 0.0037024158085835943 0.027829552891245467 0.06868962372271964 0.01792762782770926 0.05126205149455546 0.1678271598426078 0.07676627090710988 0.01697722988677911 0.8493458392709193 1.3455075188303476 1.4639136182928634 1.6162692571175763 1.0068939915149924 1.5486148030235847 2.7654210569808972 1.1220505999921437 1.806996699571217 0.5497200946326689 0.38853793978942514 0.8953258207684857 2.4761360099538225 3.0959460784274224 0.4365353158182201 1.1748336438898146 0.7861433371013993 3.944294874986938 -3.553648402517828
1.753844361877444 0.06298922275506313 0.016631880019170004 0.004732906806226264 0.009902240616006034 0.08367403144352589 0.02498538681166488 0.06435781371838672 0.14787396956298465 0.07699786333494572 0.01605012101762454 0.9905777249801169 1.6021417171890182 1.6675793364066873 1.6974741193364526 1.0176794236496385 1.513397249994589 2.6946765222474527 1.0902628454517573 1.7494518538402224 0.5221724786086721 0.37056547110465093 0.669711476219375 2.3702790700995284 2.946163189735301 0.4206340946870083 1.1235065145783143 0.7427945957271026 3.965623246358417 -3.6551510623027266
2.4410119433829847 0.04835206635402862 0.013366913014925862 0.0034728504267599043 0.032464044455529056 0.06408571709523235 0.01414081598238452 0.04639910209206567 0.1677307935732376 0.07738898604075495 0.017350405230229043 0.8486971593469631 1.3362712523356235 1.5174956254006833 1.6362018728462118 1.009045446682306 1.5502012235028926 2.768822477831083 1.1217440286317166 1.8094459467382409 0.5516977194567699 0.3890398891132088 0.9114426842476128 2.496423110410472 3.1047278157199867 0.4325683682176691 1.1707249682309424 0.7644708812449998 3.854395385628395 -3.5628693147382173
1.8962832664718818 0.05691540588638544 0.011954420473251256 0.004118034275364459 0.02147653625961836 0.07704193902881307 0.014344704599392308 0.05706674694402388 0.16445741072923753 0.0852760769164723 0.0170808653431753 0.8682345961655201 1.532292325240039 1.4574884444848635 1.6741204240258962 1.0093775475366837 1.5267384565656286 2.7134805839381766 1.0889044239478132 1.7596156960231921 0.537334915186802 0.3818968878610017 0.8605678758346581 2.4033259538474927 2.98110952431886 0.4358138679560968 1.162893394342789 0.7657544011976342 3.925963367676358 -3.535127992265915
2.6621216779814345 0.07007306884555703 0.0004662109450377292 0.0020149828296836814 0.04579454514472837 0.16828570466819842 0.017565095093516597 0.05420759661033606 0.17809305184049148 0.10262787259550589 0.019990107718600356 0.8276707493867665 1.3247691538713824 1.4403109367110982 1.6544471280336932 1.0348114507499413 1.6384637952148253 3.0037754160696544 1.240708857737926 2.0479736938363304 0.6535086814271601 0.506534621144136 1.074936105447478 3.578128330437521 3.9936249501710552 0.7902945561269954 2.195139605423472 1.5029913586838084 3.999999966412953 -2.9258599571618955
1.2301566425582688 0.06967985272059064 0.018384240743774774 0.0056840805728819764 9.236862712866392e-06 0.09201780955740486 0.030313548934204872 0.07557773971362758 0.1482291918886483 0.08108387757158912 0.014275467758503853 0.9771473472739935 2.0331596369565177 1.7239814021640933 1.8546953303152758 1.0641719512905286 1.5158920624733014 2.6635768171106906 1.0655273394093858 1.7045849848715482 0.5131311618997991 0.3603158765531066 0.8481550947354304 2.29615981288437 2.859659041268397 0.4029136163909713 1.0928850653592193 0.720932325183003 3.963045163660215 -3.6071229564769833
1.9504757013044838 0.04539446487850914 0.014946565478296316 0.003390544597611373 0.03728657372917864 0.0616541421129672 0.018298017021151032 0.04470861803744067 0.1793508425986149 0.07616173556469837 0.017022755196318254 0.7903254578130882 1.6766652664735915 1.4424278937832804 1.6779438210236417 1.018017703249392 1.553314886063205 2.7756054264861114 1.12732228131527 1.8305866984454988 0.560307827875567 0.39601874540100573 0.9271546922229943 2.55157010690613 3.186370084293282 0.43804868608301323 1.1959664023826857 0.7783092110051071 3.946009857256577 -3.502601864375377
1.8957628119920302 0.04527670151850663 0.01464433100538162 0.003590685616664001 0.03941136739166917 0.061274563598301135 0.018010526065164595 0.04844349215802543 0.17656724364691456 0.07678793133762907 0.01705149478746868 0.804423583167577 1.5354391772735614 1.4574152592700607 1.6884875045646146 1.0185150002496686 1.5590644354263308 2.8038432790615366 1.1270127831525958 1.8542008917810129 0.5668998175053792 0.40075426303101774 0.743602107241256 2.5882987613284314 3.254481030575742 0.4398683965142804 1.2050623311406143 0.7897541970000889 3.998409724536768 -3.547342406403244
1.232285700974664 0.06568223595578539 0.017282404286032445 0.005419051887001337 0.007987794358723644 0.08659932895576647 0.027230276611178477 0.07094718926862506 0.15027423435237625 0.08099926589239068 0.0143982061587296 0.9638569669070072 2.0261251053289526 1.7291057938538361 1.857416459468419 1.0673484775700124 1.5299797659549002 2.6995035692964797 1.0797620548727853 1.72747864082169 0.5219341713556962 0.36810010145664024 0.6652701728688781 2.3531050099228317 2.9372615279405805 0.41606690473380065 1.1146695718110637 0.735635273317644 3.999999999967549 -3.6363117120324606
4.020721356731531 0.03296309884619026 0.012309013072911995 0.002157674629790313 0.05755189985720276 0.042878282041950606 0.007327840612762134 0.025963168471724276 0.18253810715754082 0.07208384769260609 0.018028385772454004 0.7757910279633894 1.2084798008641935 1.4257939789905125 1.6324296309590043 1.0239601483810234 1.6062266229810707 2.8968983018264383 1.1783475185347279 1.9216876926636857 0.5943162045286368 0.4219954721164027 0.9874977394302107 2.718341208382479 3.4371122893036445 0.46565752365273466 1.2382593076148896 0.8161258791291254 3.7870760459016806 -3.5057695865270944
2.2889337523004096 0.03678245596158067 0.012752794667906188 0.002801342911895308 0.052275061733608734 0.04969336359283949 0.010733043908266751 0.03699260151385469 0.1853236788287178 0.07500316554254087 0.01806061864735477 0.7721651508482986 1.3774116420700884 1.3827629174422538 1.6574778740391216 1.0180407979436312 1.5658234038871088 2.8227552651715104 1.1615562661484364 1.8766723376435201 0.5764544888041663 0.41030229696566 0.7522669317277402 2.6644283294270057 3.3522202464141935 0.4492095522260147 1.238820867542781 0.8013701249825756 3.9038129711735703 -3.548994631809955
2.950202229755646 0.03872222511424971 0.014502910925871566 0.002805659644956385 0.046364589968127166 0.05370016421762082 0.015981145443495246 0.03855435044448418 0.18469524053139633 0.07131596574054935 0.01832609643708849 0.7667557854284976 1.2247083548650077 1.3178062021386547 1.6294554196593922 1.016688753654453 1.574551352461211 2.8311259251486613 1.1585514740232354 1.8740351182792607 0.5744921519362468 0.40729815020939525 0.9585893497604158 2.6388483549992867 3.3040496230413448 0.4530389764427426 1.2435224128370133 0.8069585129844695 3.971546419469822 -3.4904792254725256
2.9662984521738185 0.02997602741908168 0.009770588848351355 0.0015934258367458801 0.07190722117063561 0.03951079823983258 0.00276877423357149 0.020604670722512465 0.18155169916105002 0.07697613637924551 0.019021093258768662 0.7945713150735364 1.226645474838635 1.4801177032132937 1.6509839209433823 1.0360351815655686 1.6174262172940541 2.965796962418573 1.2241738862520848 1.9912908058981182 0.617332538383725 0.44134622929197326 0.7978608158007672 2.8709111487618237 3.7761759349476276 0.4754596243363706 1.3080550516765008 0.8542404670004242 3.990035618009254 -3.5220331170387165
1.9858570751000681 0.054727815752713176 0.014055522301589842 0.003834152445144809 0.02384264428771177 0.07450830499647564 0.01900499986838061 0.053754172549886715 0.16615649100994914 0.08062018947539977 0.017296799396740482 0.8603612491974855 1.490078539150049 1.4349394645226852 1.665865567110872 1.0136954506564724 1.5307308578441001 2.733232980139692 1.1064574542040437 1.7810633741239938 0.5421936427394644 0.38289891687127137 0.8860782287467527 2.4461275046965976 3.042253159036017 0.4326404862277316 1.1614297816090406 0.7657610847332272 3.994131096721058 -3.5329305123095183
2.899252389884057 0.03598884904488301 0.011622428983767015 0.002467874786520644 0.05573674066011054 0.04905279512320003 0.008974042518010261 0.03331155384771648 0.1796087382234363 0.07596689202695439 0.0183275377092716 0.8009188236946482 1.2343355795680113 1.4787257919661896 1.6389849320876841 1.022515171024665 1.5850245534874385 2.8665231446471737 1.1805814134731487 1.9081669251440592 0.5874492443423485 0.41846808715668127 0.7718360317270289 2.7231270141367516 3.4312579106338412 0.45963170100002615 1.2680932727136236 0.8206309570977564 3.9984533788639345 -3.5649656621043797
4.1713412249397335 0.030663780556110434 0.013429335438297895 0.002033757301130767 0.0617930663824495 0.04256943150612799 0.011353592508709237 0.027765478365884867 0.18910620694951552 0.06968373746614992 0.01865888363344295 0.7469019247541083 1.1899694888623389 1.2867166383407624 1.636468800003052 1.033036861779197 1.6199809576263229 2.9282696072328185 1.1960700048148654 1.9609307585906444 0.6066930501268166 0.4320052991263027 1.012216810511982 2.8017775168328605 3.557098924380014 0.4672896916196937 1.275608611717728 0.8327569737265558 3.9851444633864244 -3.4556942923339236
2.9867197135470653 0.03245606632967679 0.012459728633342541 0.0020669453183675287 0.0615291196309637 0.043924489213726325 0.009613489291894152 0.027604919789203146 0.18243326258748196 0.07341425874463998 0.01871593549038852 0.7808806915317041 1.2201102187221267 1.4731599580903267 1.6410610452704875 1.0285475187457083 1.6008159304924858 2.912645186267942 1.1935719943964846 1.9389527394860238 0.6025043441275654 0.42890623229239916 0.7990177356018348 2.7949548123435695 3.545032060099757 0.46229005837039205 1.2747487574642944 0.8245901695861125 3.9842797441560225 -3.538703527337928
3.504368996240845 0.022403064214159777 0.010327475408999644 0.001155444584558785 0.08030340705872598 0.03181268545817093 0.003292816585609296 0.01568689217699761 0.1969795144074225 0.07358649107128332 0.01965337105351687 0.7158016673141904 1.149629052582099 1.3028305667783349 1.6452123306238546 1.038435050359728 1.6373276122457443 2.9853960160197492 1.238522909313222 2.014760971560218 0.6324453904644189 0.4536082225182 1.0721540617054393 2.9762299103622896 3.8000455639230504 0.48582167027449574 1.3482769385217401 0.8761176005077858 3.9994644099179126 -3.4488905598299002
1.7704424305170805 0.05199324183712709 0.014181996358079403 0.004380626592128216 0.026598401798332835 0.06934488926825383 0.01736052776106954 0.05856135610311898 0.17085490273014486 0.0796609735785978 0.016288267749995776 0.8340920146318648 1.5968869523929061 1.4877246456748032 1.6967259138452038 1.0232242479215932 1.5263682489809187 2.7334965013709263 1.104441678220725 1.7791744573505062 0.5449324497577697 0.38649477183159164 0.8841870218419122 2.4502186488792974 3.047224671571867 0.42821850451022736 1.1666152538066696 0.7583347177339689 3.8725336198397002 -3.523621068574733
2.829887605464231 0.07109208490685208 0.004637619706954523 0.004552019412445718 0.0001163575671807857 0.14317274703376623 7.02207934703404e-05 0.0717225811033835 0.17856107410642166 0.09429091571342 0.01795764523444549 0.8017379876488107 1.2431877632146562 1.4552082642253792 1.5883738002806989 0.9793776871908859 1.4825095305888447 2.6223179534690324 1.0513385295024997 1.652322868631989 0.514102962939913 0.3847004587727995 0.7815636060092336 2.0964108339804826 2.547272730258146 0.5495419064864195 1.353489392988633 0.8846872716430908 3.999999999760479 -3.563254419376204
3.1349357751907263 0.024691259009976898 0.010996706421575802 0.0016061579465634192 0.07532787988631888 0.03473412253562698 0.005282251479263334 0.021839132832708004 0.19526139128696668 0.07398238241522122 0.0192761864892421 0.7261798840840235 1.1952871535632792 1.3148242618486838 1.6443372886730023 1.032024775886433 1.6181995418097428 2.9467746538823296 1.2249722472721996 1.9889194774194425 0.620351554441721 0.4443719430988413 0.8212721799830898 2.9159469540114347 3.7235684824281514 0.4765332263289321 1.3256899445847632 0.8628465638864616 3.995607130541063 -3.51361952180713
1.6063104485645328 0.04884212792084587 0.0159571603217446 0.00395330584297345 0.03361053774198931 0.06495228645083229 0.02059701419298139 0.05195418293840937 0.16913407692869936 0.0749399531249484 0.016315119728420577 0.8479591813636941 1.6993083043593336 1.541187338489719 1.7381592650313105 1.0346179301178051 1.5407526358343755 2.78890453007583 1.128048177465838 1.8170600130906096 0.5576260244600917 0.39413848830536996 0.7177933103333906 2.540033818203421 3.2069514431840718 0.43179210487836905 1.187038272202836 0.7713340600008397 3.9905000176846137 -3.549067533637871
2.308870444724721 0.041482657300584966 0.014382927020536073 0.0029559769880677187 0.04297725935373176 0.055532562176328105 0.01513323406480874 0.03930539051685466 0.17835045629944393 0.07334774360685044 0.017908025500294026 0.8042058188184429 1.3711427611793068 1.4070710834519826 1.6501472256366205 1.0162241151682798 1.5568325235477547 2.805055534682807 1.144153408128283 1.8476559799711225 0.5678808877010658 0.40190459378428656 0.9448799179013716 2.594102084835604 3.2461096603260358 0.4437032243780331 1.2154371030441935 0.7877737894763062 3.887256849808983 -3.5086254443612908
4.796591795146893 0.024154727678789345 0.011342288777093824 0.0012612071974448364 0.07399577578000337 0.033099863833850086 0.004826698297493896 0.016083650585056727 0.19383474815716098 0.07143425221814903 0.019527232823912048 0.7289273507870416 1.1537631013733172 1.2788574727728559 1.6447718912899487 1.040132233047074 1.6320018071819784 2.96834863240042 1.2250730232016704 1.9938857195605384 0.6223114407455449 0.44464466402486535 1.049221765464864 2.9055753659744123 3.6872791073379005 0.47373453034183843 1.309980139917977 0.8528160987374314 3.910574679984894 -3.450512393028906
3.9316163504180937 0.03145983692861465 0.010544890488142262 0.0020083544419145084 0.06253270069322281 0.04087758267009216 0.003314309960870617 0.024826078901397163 0.18133321763055785 0.07467955662287522 0.0185071676273408 0.7901286733695496 1.2208604583186606 1.434590023173251 1.6380244923641007 1.0290255404397857 1.603027900541955 2.8989981511911203 1.1976236145391945 1.9355863218492564 0.5957795846802495 0.4252794550562333 0.7775462778962263 2.7651478881368865 3.4979451825576553 0.45930882471609835 1.2686402219281334 0.8174932367854472 3.821977352011255 -3.5656472900670715
1.5167094360630642 0.058489680833009663 0.014922018680695858 0.004660812933017947 0.019674187241747368 0.07730380517388888 0.021015633896358694 0.06061506235512561 0.160148791949939 0.08256265118634787 0.015685458304289045 0.8940398564896481 1.7618175740456783 1.5867836308791952 1.7535371723740587 1.0348319685733247 1.5396973495863184 2.7182713773327145 1.1030287424769383 1.7718927744457602 0.5367935229620895 0.3777824345985657 0.6872515405505201 2.4084859252814756 3.0244739811022137 0.42420379142931564 1.127722967260659 0.7419318228962631 3.9751986850658962 -3.583504505709523
3.3640002472005057 0.026198821352457574 0.011732997293712084 0.0016244972949776468 0.07085723562662859 0.035884252636355814 0.006167318679963809 0.02119772807820478 0.19379561385662492 0.07262549059540896 0.019311519040259878 0.7303874805803379 1.1638160057452656 1.3027957780730426 1.6396026320168087 1.0301199265418424 1.6129332194173125 2.928846474366689 1.2137752903802108 1.9690636570756348 0.6124188083196869 0.43753797230545766 0.8123526414409149 2.8640667001011058 3.639600002371527 0.46736151108188756 1.296858944103808 0.8482797780351649 3.9101501747046123 -3.519474020754495
2.5314162897139583 0.06033809352616999 0.012114406627174319 0.004037717327724927 0.01227726716516623 0.08610529389434825 0.017393247094581427 0.060553982984679636 0.16802816489631295 0.08508041951631974 0.01763586602190972 0.8466469430061035 1.4352721005291584 1.3488353701442728 1.6062267477743803 0.9859714903142266 1.5119642884495328 2.6916794390662875 1.0737034308738125 1.7298020439217416 0.5243857371996224 0.3739505588969306 0.8322075650778135 2.329133212452388 2.8612303538016377 0.437585911296276 1.1539128609203375 0.7672806511076558 3.9999996409345755 -3.5256552814308466
1.23261468343278 0.06557447028268903 0.017792154625303574 0.00541142116651067 0.007970694025512934 0.08626169070649681 0.02832910060337283 0.07063166287706005 0.1508553084390451 0.08036088020501463 0.014377051332502862 0.9582303434883079 2.0393020462253713 1.722211767485018 1.857449369985742 1.0677137410171902 1.5383305447062678 2.699888024458519 1.0784196451244605 1.7413623798744093 0.5237740675187083 0.36892642337523135 0.6668536309738864 2.3581259132261816 2.9407052544168226 0.41493057498169306 1.1107994371030077 0.7582798109097498 3.9999999999744524 -3.6297247648562685
2.8108238396905456 0.03967773258283037 0.013939508086490112 0.002922880882850048 0.042680313156414754 0.05175125770680492 0.011639234050101066 0.03727602352289004 0.18359509990806594 0.07241163482679287 0.01828237768956753 0.7764030893051749 1.2473482030658358 1.3234049313302 1.6266352971175335 1.0095301693196994 1.5576096363237055 2.7939635136244467 1.1403072128090723 1.8370682953813773 0.5601011345633888 0.39616834721117744 0.7372108950664069 2.5541891421137266 3.1790846300880355 0.4346556688146903 1.1817315784624376 0.7655291004902531 3.691601787690344 -3.563924778705335
2.7580475515286844 0.035542331740391654 0.010390171842947082 0.0023146365360926756 0.05701530342941867 0.04959606320347157 0.006855750702856795 0.03208243442194676 0.18721419495945177 0.07920335483405286 0.018699548446631475 0.7582557160257856 1.2644772178406498 1.3347509875843233 1.6371162180273175 1.0203113532794414 1.582409906471077 2.8608922237578613 1.172018165706728 1.9018430147911227 0.5876867365756163 0.41763137159650815 0.9787565198303864 2.7082124280681352 3.3991966003528287 0.46643886665023243 1.2814643895226296 0.8257273908454703 3.999999968444759 -3.492469319767863
3.8758146945197365 0.06442629614017706 0.005398896527792914 0.0019957176654039127 0.00865097289315066 0.13290832741434536 0.001559124081100235 0.03684366993823735 0.1802761348945426 0.09281076848712422 0.020797929900440763 0.7946789007647702 1.2147356772916618 1.4073058066515751 1.5801356394415924 0.9799120171876299 1.5012080319913388 2.651315144911245 1.0671439357468073 1.6652237140922348 0.5178427657049557 0.38941061904805746 0.7947421438203569 2.790791800442014 2.5632125537827033 0.5485264889031204 1.3725944788514148 0.8915842127756145 3.9998576985327876 -3.676655042197174
1.770127892477768 0.040508399800182435 0.009030900676416294 0.003351189017245606 0.05323650496360764 0.05438079730752391 0.006774322215692693 0.04310668113148003 0.1782709105100388 0.09259867748323275 0.016496770418560125 0.8056437335014437 1.7858503332896418 1.4890326827881473 1.7145494110711461 1.0317151667978195 1.55664554732776 2.838332924452732 1.156240601330402 1.865520582458645 0.57581661578669 0.4090998809014555 0.7497715408996961 2.6618287057044863 3.3646027226012856 0.45442887404951376 1.2362984357312221 0.8068080823563213 3.994705587777771 -3.55858325945152
2.9162272466520585 0.04568268611505297 0.012779976658654825 0.0029633124061665367 0.03835242292084387 0.0622443786284077 0.013817178845392047 0.041051737847391065 0.1704357449509498 0.07727248603365806 0.017812426722065903 0.8385495597126364 1.3599890405437787 1.4715037150634402 1.626588496668797 1.0132868744996795 1.560294683289934 2.8046355174796584 1.1441217731605808 1.845437284702802 0.5630873327138481 0.39821962431936414 0.9383095799993311 2.5696519697418134 3.2060281630528733 0.4459316600249569 1.2077949581435725 0.7893004916044356 3.9886124477928946 -3.541750745250947
3.067741435596406 0.03212185788222868 0.012315329236785496 0.002417615722748591 0.06098415036355684 0.04275524918075246 0.00866392332966641 0.03113889462694764 0.18339817597846203 0.07402264571931896 0.018062848804126883 0.7736263201670537 1.2103471768427743 1.4657675863537356 1.63807576387122 1.0300515708911315 1.6060041558247933 2.905609969642727 1.1963149861116469 1.938889039587521 0.601056501342895 0.42702007684222615 0.791493000030655 2.771156211998612 3.5283810221894623 0.4603621932231415 1.2837908320389364 0.8278652049733745 3.908112519140411 -3.538957264631202
2.0230923401645997 0.05451335106514683 0.012962700277067819 0.004927204935434834 0.021752225994521285 0.07597362460737418 0.01774021796102572 0.07270181140529824 0.16843718765069163 0.08342851599294468 0.01704324446493829 0.848567226739612 1.4852180198429445 1.431844241620849 1.6593984305726046 1.0082701195877009 1.5216570646063945 2.718735557324301 1.0950590474704018 1.7617301809484616 0.5404845869117213 0.38628170578485793 0.8310713685083021 2.4416710213361994 2.9542317824212483 0.447575363932393 1.1814605294513827 0.7781410165671515 3.9943169599048445 -3.500925245403676
2.4516066611225313 0.05211944386789653 0.01762295772160327 0.0034895974738583797 0.021180860514245704 0.06864084673651687 0.02308706772467701 0.04644201059022628 0.1655202675203554 0.07005574653689388 0.017486718443563 0.8631329216114825 1.3331845519635463 1.5124174176852863 1.6311065275917633 1.0055439911338926 1.5297791895779616 2.7320835681004323 1.1073775331161368 1.7783909143685284 0.5365913254972454 0.37790530562122243 0.8864449093305634 2.4165305482262345 3.013687054321272 0.4151251415176994 1.1441565415409027 0.7382907942381477 3.767131524133848 -3.5692824751253625
3.3861052130418083 0.04067698213827313 0.011778669672488027 0.002586586615490849 0.04710997019995533 0.055531837539078775 0.01026361545465261 0.03551673034521134 0.17464936826753344 0.07633277639777858 0.018153921341800723 0.8133135400204171 1.2808622717565272 1.4463229350675628 1.6260677281215834 1.0197208854147732 1.5779610577115526 2.845452881617407 1.1634300924244683 1.8788067156534116 0.5767460754239553 0.4088584165088158 0.963440353055392 2.6444487638898138 3.309692544907589 0.45697434193420156 1.24005778531034 0.8076069675029934 3.986985396133917 -3.5258772763071056
0.4753420786311658 0.0826593367220686 0.03159562996976238 0.006395279450793929 1.2808063791122726e-06 0.08717400509929144 0.04206588524368721 0.06875571187193903 0.0899128396365323 0.04221954173245359 0.009878995069642627 1.618653635574072 2.5742924383459185 3.2333896409668363 3.085108709099777 1.6077653622589472 1.9656033623360474 3.1286577167937946 1.2081755734673087 1.8419252422957624 0.5753394836367912 0.40374131051561235 0.8864875652957066 2.4319610600561403 3.229039653366931 0.41007444648913444 1.0975860538793714 0.7271413726691877 3.999162226558432 -3.0254156837459414
3.0782747306404796 0.032933645058125106 0.012060947172998172 0.0022334534643281925 0.060070125993420424 0.045479922804659234 0.009077730931079084 0.030075955996445358 0.18723178220292186 0.07359149876289002 0.018607545189306945 0.7603292958648794 1.2044194096320693 1.379067072627777 1.6374668233662544 1.0249491801771584 1.5994833969369509 2.8894080117885146 1.1882807985762565 1.9264318977324302 0.5959964065058424 0.42409718598033713 0.7836497943990715 2.764839197892483 3.503455522832892 0.46385971215731664 1.280188107117962 0.8274635383177997 3.986463212158362 -3.5363841541974503
1.1059337201865613 0.060993478437199565 0.01755260882668778 0.00472737092400046 0.024923182807620535 0.07216052874072258 0.021256715112878435 0.0563598841898666 0.14419357455330012 0.07443859606631954 0.014187936590318442 1.003914872849667 2.2083526622813454 1.8345291924600644 1.9507005336968064 1.1114612427594126 1.5737939108643206 2.792161840186666 1.1255696007647378 1.818047220845115 0.5316289705501748 0.3895471020326494 0.6702967889423275 2.4244344084542027 3.319490826939313 0.4092936334098325 1.1333676416034364 0.7355122164945459 3.9139070275794063 -3.5268608763550904
1.8470008619481084 0.040750538720706574 0.015085475459977234 0.003098400352082516 0.04760859799594639 0.05440492037412589 0.016843280334254876 0.04062570677454541 0.17739827293688323 0.07321059695594936 0.017309919965477504 0.8083950270437648 1.5585699464913012 1.4706820782797143 1.7035808778959658 1.031060660067967 1.5620934033958493 2.8414965510821886 1.160001278853486 1.8761508692512314 0.5778041764608409 0.4104258467973758 0.7458437923436048 2.6551486506505535 3.3895217888154363 0.44137553383318934 1.2373158573667775 0.8020873462082764 3.9913985320653533 -3.5261553080689945
2.7952078638285847 0.0710492752444411 0.004498250007717944 0.004411019884495995 4.614369105734882e-05 0.1427333321908738 7.923791150851046e-05 0.07017353942260382 0.17828129334148837 0.09550647754830352 0.01815459920388768 0.8036114341130597 1.2498665856127493 1.4572466536356479 1.5882818222945654 0.9786725131988114 1.4818657719941486 2.6230835618675226 1.046336382135291 1.6461666435778626 0.5122347185970566 0.3832184749242466 0.7778862425511255 2.0769406477772323 2.52707729444467 0.5507789893948748 1.34372942372455 0.8868019205193306 3.9999796035448534 -3.5638663118704668
2.751069904881162 0.0723722165294752 0.004897088847478317 0.00246434513164366 0.0007098522594903672 0.14743647270024512 1.4249990500217098e-07 0.04399300531632687 0.1772201952109107 0.09705141442438642 0.0202186296936922 0.8212304359588471 1.2536842460196966 1.4662855163611959 1.5926621275027295 0.9760774686768884 1.4808429080531043 2.608911711476615 1.0536458713315904 1.6509424371610013 0.5131948352800467 0.38475443733990755 0.7867733396337236 2.7405309096009622 2.5451903574487376 0.5473803155465244 1.351806886326107 0.8822850138360817 3.978959534467735 -3.6996182341332307
2.774503028183918 0.04447303984906028 0.01508880078861385 0.002849526477524236 0.03473381669936926 0.060018391999636635 0.016850572300104557 0.03889712188249597 0.18045504900436668 0.07221297065199993 0.01859998927337008 0.7859376649246976 1.255433384495294 1.3259319824333835 1.6227142928966984 1.006467957922412 1.5505403578966848 2.7695934581273995 1.1264894058099322 1.812097024251199 0.5525776177711911 0.38989457519454207 0.9087598596526995 2.4990096830416233 3.124247421419909 0.43585196589650066 1.1816434818306882 0.76542894275019 3.810942138046456 -3.523197259915559
2.6025957591090707 0.033523870985211854 0.011999992251354903 0.0023859411707544457 0.05868025262680481 0.04535780713402614 0.008286043693020946 0.03153223550166856 0.18766748945558542 0.07453121691723498 0.018530876405896807 0.7578394864273348 1.2925920274322737 1.347484480869868 1.6459547662042717 1.021198905744616 1.582671840237194 2.8597434212576522 1.178723822437887 1.9084864822447074 0.5886682571011477 0.4193999597306088 0.7717895832016942 2.7293501623179592 3.450692030836756 0.45685136111406216 1.262692672059425 0.8158604682791343 3.9070720428857055 -3.543382388245134
1.283341399297155 0.06322414731745181 0.016094484714911594 0.00525191376571987 0.012152598212301599 0.08325233722806853 0.02438299930988267 0.06868245014174257 0.15265391420855073 0.0836832794105406 0.01457869732193786 0.9552657656414715 1.9750779428807956 1.6913107255843993 1.8359489246217144 1.0594606281797945 1.5316342844343107 2.711318170434811 1.086851281146211 1.735082429554879 0.5239688840046116 0.3699503800845875 0.6671007237665386 2.3716417410719295 2.9593353705593257 0.4071602211738243 1.1166847722203153 0.7361668057988041 3.980401206685544 -3.638072546694725
2.4862073849066326 0.060738287534241854 0.012740727699821758 0.004022932659711873 0.010673437929050685 0.0866858243915673 0.018883583002086195 0.05945928710739916 0.16193943502913763 0.08387458357432286 0.017459772155649995 0.8770600160937168 1.4292328667899201 1.5014294000460973 1.6146421762028547 0.9944434161961748 1.506318506036838 2.6792551622505414 1.075219745556844 1.720449284325248 0.5222503998660444 0.3722477849729592 0.8300709926619545 2.3038243636483715 2.819524709432178 0.43249422082421907 1.146319530237753 0.7648127596371581 3.9999970230753097 -3.578527964860853
3.2069093013157817 0.07177443932245069 0.004226554521058019 0.004060216222246548 9.153394118907705e-05 0.1435918710796968 4.417105229582939e-05 0.06506768008955716 0.17191431141794147 0.09796401657379895 0.018333196661998265 0.8471116941311375 1.2992836449181717 1.432364700862719 1.5816463275464876 0.9801842350243908 1.485477714363444 2.625573048649528 1.055010589301721 1.6560633192590972 0.5148205915751232 0.3850159298225425 0.7846742557758313 2.1145910812256563 2.549101538872831 0.5332911773756956 1.3435712793649617 0.8901270434684329 3.999999972872615 -3.593486025405833
1.116647779159042 0.06160598287161494 0.017868221840286594 0.004744396217187338 0.023622245184443186 0.0742306993171609 0.023261566686551615 0.058044531019311715 0.1447185896627019 0.07511213566129525 0.014255181293728866 1.0013194958945113 2.189877486039396 1.8257607285011155 1.9448670166772817 1.108384466966939 1.5703408414584201 2.795445354435711 1.124012705937625 1.8153171310404639 0.531467012704885 0.38922365764835565 0.67181718648782 2.43482689924953 3.317210675744304 0.41704743730107197 1.1330538826388723 0.7427534059985077 3.9870690476983124 -3.528005687330878
1.9399859162149289 0.06613850950326772 0.016374707644159023 0.004249239968471642 3.148250569546811e-05 0.0933917796210779 0.027968888300446023 0.06204529239868886 0.15407023430133124 0.08125678252298685 0.01740306106974652 0.9310292955399917 1.5100455156596577 1.6002430071563214 1.6559508852516882 0.9984384229358806 1.4905621195308143 2.64195428444492 1.0575569581258573 1.6894068203719947 0.5127671187333386 0.3625880232186791 0.8127664970570054 2.269241602642134 2.7106634594734658 0.4194485602376964 1.1201934383627417 0.7437371532551431 3.955316038054579 -3.6244576441252576
2.4017068455220834 0.048011271944826565 0.01708259064359466 0.003646320703264805 0.025948342107826657 0.06388991927745298 0.021409410279640263 0.04830752199309906 0.17591692681381818 0.0703103721994176 0.017710791764300546 0.8051544006352545 1.345255562756088 1.362703201673217 1.6321356748757474 1.007177125251568 1.5305334935615922 2.7336891363698044 1.1097873998169479 1.788030899315297 0.5416107832889583 0.38109759536933796 0.7121980177794814 2.4390091870818718 3.0437670104643995 0.42075681352696104 1.1576350478411892 0.7482380062474564 3.74360416087185 -3.5725921117325345
2.6002331677729966 0.04134490102479461 0.014913430640267069 0.002965188096917023 0.04033762052539628 0.05500193155109555 0.015416359369472062 0.03893782375560506 0.1822698449681164 0.07190352183214099 0.01809466301302925 0.778852135289006 1.29385024582948 1.3429887403127925 1.6318756447239655 1.0109074086008587 1.5627287028259333 2.7925790368275014 1.1357964435660093 1.8344003414404333 0.561673497777563 0.396559203593994 0.9295915608667704 2.5482616179230897 3.18179971362996 0.4371554233574374 1.1997837094836465 0.7756015324282506 3.787602545596842 -3.5156956921953304
3.3442199271718795 0.04052874694089301 0.011382037493245315 0.0026573504301341568 0.047707335884914194 0.055437812687598204 0.009787335911841631 0.03658094486260205 0.17444122500567544 0.0778777386281182 0.018048839838164788 0.8200043518531952 1.2863168811872814 1.4485977407978503 1.6267153213309857 1.0196579052250363 1.578670584544225 2.844078001306206 1.1639383122241582 1.8797361490474858 0.5773916651712824 0.4090596133349517 0.9637639363072388 2.6467268050246755 3.3119152785193764 0.4560381295491701 1.2481484696932152 0.8110977828014263 3.99908375434635 -3.5288082675102617
1.1143873832885225 0.06879203511023599 0.020661704940833053 0.005904240990863331 0.0003261266924544876 0.09014572391507211 0.034254424565789476 0.07692031242895214 0.1485990829292403 0.07550946453965132 0.013770840023320732 0.9717138039259526 2.1868682471108114 1.8152566411077091 1.9220437453228456 1.0893481494534425 1.5317202583756815 2.675695356475273 1.0709145112126408 1.7086989426160533 0.516413781180597 0.36271637166838583 0.8531665717920852 2.3156577383580226 2.8886240075965555 0.4027606802786337 1.0999888427603375 0.7220657323373808 3.98727412274085 -3.5751479190792086
2.6354454514589354 0.057783336019302044 0.0058519865334559044 0.004941871528370159 0.011245955950722036 0.091562712279045 0.002568146412926974 0.07638627584819598 0.17396840146745254 0.09352961362438167 0.01738364013467642 0.8233515580820858 1.285834705819759 1.4705290746114281 1.593181731311859 0.9805374224438876 1.4800938748036383 2.6153448157032178 1.0439925795585108 1.6454087216387707 0.5074174325810454 0.3732682678016332 0.7674415206922997 2.1241001544638713 2.5287790095290736 0.45230402745392 1.2849606793919937 0.8084170159526421 3.9999997056455894 -3.6658041726263253
2.385001868839529 0.062448514094094756 0.018449526003987384 0.004665296929932397 0.00035796909260634233 0.09109655853321726 0.03322602836751054 0.07051027733964309 0.16964288738883232 0.0759019516291761 0.0173650291736679 0.8355789047120818 1.4010052572139196 1.3601555512583532 1.614273293450403 0.9780027057418185 1.4985841692193032 2.6538879308123513 1.0602767839586364 1.7022216075602405 0.5133796396208975 0.3642622167783715 0.7894670412524155 2.2600738942663865 2.7538950430939013 0.4241664862921424 1.1258887863271214 0.7484580667656767 3.999696937298489 -3.560249614144712
1.0475571434417321 0.06945208192426365 0.023306447288175585 0.0056416587867755205 7.040094502853613e-05 0.08895332192408283 0.03832579560454129 0.07530102069733437 0.14045854028734495 0.06785377848729382 0.014978444579382362 1.015692030677808 1.7137958541035723 1.8965323993199752 1.9592045012613197 1.1089816834277912 1.550433423430773 2.687340759676992 1.0795061618914463 1.7227652432293328 0.5275657020888276 0.36983378725847776 0.857849162926175 2.3346599250942806 2.96431743189117 0.4070434508611977 1.1051810898154264 0.7273066262329099 3.999873242178297 -3.455505199554653
3.2731059190051135 0.02767757008600916 0.010064841167240482 0.001683638625258359 0.0697240848575948 0.0363780281667957 0.0032571106675624213 0.020555217582764244 0.18887000537317317 0.07578058304582212 0.01900684872229422 0.7536763514111883 1.1770834367120302 1.4550525710747255 1.6409271609763654 1.0295641353090372 1.6061309146756075 2.9292174683600165 1.2052852734555184 1.9532336325943278 0.60681917167403 0.43299699346232196 0.8049895600314806 2.8216805073079296 3.5827325386724795 0.4731293527271716 1.3089556346718911 0.8441358046689744 3.8253745956329643 -3.53200365642896
2.858100032980648 0.03540309917283528 0.01178428917091651 0.002406810669693122 0.05541527428055937 0.04590150281963129 0.006799164391484321 0.03037826669189796 0.1791771201855944 0.0747173629698108 0.01828807337185538 0.8028393039107351 1.2411210741212118 1.4814764436476189 1.6393966940946612 1.0208042501867904 1.5802633176784093 2.853859995903916 1.1760448321524297 1.8987919089541456 0.5827542407652229 0.41511849445365906 0.7567456188819904 2.69417662973615 3.401104244984675 0.4483846107390838 1.2384966313590213 0.7992997218445275 3.8124812538837456 -3.576498973077842
3.2208704495288596 0.028985255287678348 0.012813432347454348 0.0019127752222032777 0.06284227096586308 0.03749716572790625 0.0071064179291677534 0.023602367273269996 0.19148589637576371 0.0716361231837315 0.018978339908538543 0.7387166244168495 1.1826436649933343 1.3064235427193802 1.6334076685964702 1.0240439000231418 1.5941740633694927 2.885798832299836 1.188269853461968 1.9234689603281139 0.5965358035572931 0.4240259245890853 0.999343697094939 2.7509165513717964 3.47834354663356 0.4517360749141275 1.2441621448865785 0.8094402351005673 3.7238435447521763 -3.488212083750385
2.4124614226763423 0.04803929853389456 0.015631792461163235 0.003501291466861968 0.032116222331209594 0.06456925557649448 0.019632670716309433 0.04746861347589669 0.16649024766004036 0.07226510695815666 0.017383367686807694 0.8650383816366094 1.34160047329857 1.52443416308995 1.6445445829086258 1.0114830034940938 1.5475521216954287 2.775195716294748 1.1347368730736516 1.8263277435692105 0.5525896875258068 0.39280911447324984 0.714014117441385 2.534876807522509 3.1660496645892207 0.43183537459613597 1.1881039952090535 0.7728609056228061 3.961149331975902 -3.602919056924428
2.593516622966362 0.04709040656992924 0.012904506112587004 0.0030861989419780963 0.0358518638289402 0.06386678767449976 0.014115116076290237 0.0425579276416119 0.17041963100504742 0.07787198041945317 0.01794222542777778 0.8361345038754845 1.2984215877031733 1.4987878140243116 1.6323804323524207 1.0109332346410806 1.5509461807177531 2.7850596319300402 1.1342916599745072 1.828511699761109 0.5572808585146504 0.3934823800806954 0.9250368417219488 2.537311024830076 3.161447944750839 0.4409152324763637 1.1945906894904486 0.790594888492391 3.957289914935607 -3.5534634662306446
3.0670260795185924 0.032020408853438605 0.013049181542425655 0.0021168251934594678 0.059636471151136995 0.04292336692404376 0.009491438455378379 0.02680587301445166 0.18928893914114317 0.07173146788571344 0.01850509474115923 0.7459657581233144 1.2181641829033256 1.3223802087599028 1.634159766738062 1.0242545980088251 1.60191714337316 2.8924708973222093 1.1772689807696557 1.931605522095405 0.5962551625236578 0.4239815564740947 0.9954745386379544 2.7476126063695676 3.4751326361480723 0.4580458064130606 1.255031731456434 0.8142813242542499 3.8554017953701845 -3.4821055966387844
3.214196352195725 0.02773231852617341 0.012261218582338274 0.0017876787458183617 0.06780805429659652 0.03779769698023669 0.007557647432892498 0.023417052240008493 0.19212647098230035 0.07220225813839388 0.019143307216560122 0.7378339981413505 1.1834988644914266 1.308589723266024 1.6396234321821397 1.0283310593506552 1.606876285700623 2.9155635467127667 1.206589313529889 1.9567736198839092 0.6077362559397641 0.4336015434195494 0.8066198525225793 2.8350142108504874 3.6010689023151987 0.46394530772372283 1.286677456483063 0.8374136593216989 3.9082782417106006 -3.52323043633211
3.3218813550806567 0.0684683559334114 0.003640744596188191 0.00240687092821674 0.0061196385680808 0.14006563751120488 2.609807919132654e-05 0.043057217258733495 0.18250666759456105 0.10477351433491958 0.02024446835252704 0.7950426830061131 1.282437258559061 1.2779486201999857 1.5805359232210656 0.9775419053049803 1.4887028698929754 2.6254443231413447 1.059079433192257 1.663247868354166 0.5166894580105306 0.3871871146276147 0.7898729511975627 2.753966604846404 2.571053717482034 0.5470897011805336 1.356226912693752 0.8831301040747368 3.999999371423829 -3.650544219371424
3.4282622370002813 0.02437164962205651 0.01126061144298578 0.001506291910029276 0.07417282949814477 0.033238994623984976 0.004591305929381706 0.019258100130910016 0.19538686236982633 0.07287245706441293 0.019380153283454896 0.7260781438694037 1.155418369572989 1.3005642917762616 1.6407514091814626 1.0312080538641448 1.6173437059683784 2.9400553388740396 1.2204605693588955 1.980398698056032 0.6166894142379273 0.4413591777027303 0.8197553679740066 2.8903229184998334 3.6798856397566286 0.4653772272654708 1.3010737551889813 0.8512991654510158 3.888412459555039 -3.5168673172526126
1.6167543479644089 0.06074481793303262 0.02048498678479472 0.004602304161645128 0.008464917660069411 0.08095559773207156 0.03194711826643914 0.062317507627274046 0.15992854243979873 0.06837855488290799 0.01612693359812086 0.8966974884348687 1.6725685852355765 1.5367568525588515 1.724387286825235 1.0234016180198777 1.5222295137856892 2.6840736360369175 1.082854804495396 1.7394740696363435 0.5249625835538851 0.3691449249366906 0.8647865212706455 2.3563966081407637 2.9328022795798905 0.41033678083504055 1.1246840987779325 0.7313007929725563 3.9102238687603976 -3.535926250986019
3.0687776572010907 0.03385282568677064 0.012754750343147887 0.002179921792824501 0.0566061040438414 0.047010022060688765 0.010974728000763297 0.029894027347772113 0.1884754392662539 0.07294047193409608 0.01891767413804485 0.7506315842749286 1.2052171211851013 1.3132114585347876 1.632781835379708 1.021155284008351 1.5864755292350037 2.868026514135261 1.1779722260200276 1.9082104180520112 0.589572351828039 0.4189289929957549 0.9873083867309825 2.7199767406894653 3.424860951252096 0.4610950185904336 1.2684510034978242 0.8213383765843187 3.9673812636162014 -3.4845050185401982
3.282119546849173 0.022096792696706776 0.009690535150320218 0.0012677724111280892 0.08104663330411452 0.030893089973102247 0.0015812560803127606 0.01661317649526979 0.196771339030164 0.0754189823674207 0.01956205510521 0.7263980767826401 1.1741338883990493 1.3089254551875613 1.6462650971948227 1.0349886997148245 1.6271664906368335 2.9674280564264777 1.237325354658474 2.009138698036112 0.6282184211701399 0.4508848924375942 0.8329260369670558 2.9648426650323096 3.790962413696261 0.4816908438100547 1.3454056134602155 0.8727029859435466 3.9623415133196476 -3.508995292449816
2.453233249596182 0.05079014189242487 0.014493959430403661 0.0031453247719797997 0.028497743848299416 0.0686068668177342 0.018295964761427534 0.04396956091102857 0.1670319823842429 0.07681782074350352 0.018039048138819937 0.8482363492792613 1.332127633852794 1.5143756132066353 1.6350006354280582 1.0077831976538696 1.539474466272565 2.7579272927757525 1.1211038076502173 1.8043151865612725 0.548997766865986 0.38775460077923696 0.9071848721879955 2.482735817983299 3.0841770879283654 0.43273108602665505 1.1717528772383354 0.7677948572845039 3.935657821401458 -3.5651030406536868
3.4300811191227463 0.03058847348517742 0.010243778128217902 0.0016644447856010607 0.0704929930413135 0.039621693254004116 0.0029203905709631658 0.02120884466407456 0.17797140089422053 0.07406953526410591 0.018705727195337023 0.7993234848884271 1.2783269812127342 1.4569274557099112 1.6483763967668026 1.0394967771035915 1.628947835889953 2.9779844979862373 1.2277413834340483 1.9969661752144143 0.6161298350690186 0.4416176482487003 0.7962162787959514 2.8743838872233884 3.781178611546889 0.4750153063117432 1.312496973524307 0.8437932117118041 3.963989141955903 -3.518509244197168
2.322764882304884 0.044790734128882806 0.014602848697933497 0.003258528249906504 0.03765936287293116 0.06156133609308952 0.018079379491165278 0.04527227299064165 0.1783581551553265 0.07596049920592274 0.017784081812898613 0.7944216494637439 1.3678654848203438 1.3777246345590957 1.646429388587167 1.013069287123492 1.5502468321382792 2.7871271909730453 1.1355958416256327 1.8339114490461979 0.5624158760299549 0.4004433739661225 0.9268898344965809 2.5578198873499263 3.20097636724705 0.4515647130105659 1.213305396582085 0.7936082520478343 3.9800459838135933 -3.5109400222169507
2.9062405102838373 0.032304457703016 0.011003578561163165 0.002308308410161356 0.06116183762585463 0.04500092997064303 0.007007201243907543 0.03163500973822042 0.1895661636061004 0.07620310480147197 0.01873789550456712 0.751182276772181 1.2315796645419794 1.3229939272014104 1.6378328363867232 1.0213342321315078 1.58933797231698 2.8739363940064444 1.1852091022589708 1.9190472708436943 0.5931848451981248 0.4225368488713002 0.7882138627392545 2.753669485153508 3.4697155468470626 0.46944670053663007 1.2842901348610951 0.8309945022589887 3.9809234958640847 -3.5342128192702353
1.4424193487291526 0.05360721386905757 0.012357234860031423 0.004306214459288197 0.030060751428705228 0.07095606979972303 0.015685765472056166 0.056027636285874455 0.1626102466836787 0.09048036577258105 0.01564403536758777 0.9000841046480322 1.8211916660021452 1.6044755698532835 1.7862052093123544 1.0438999611125424 1.5313185047120368 2.76376729391686 1.1120702614322304 1.7837976589683961 0.5415909084913068 0.3847456903556941 0.6943705874463473 2.483357889373145 3.1076852943591353 0.42450309917583234 1.1663730163239836 0.763710330590094 3.983393304328829 -3.6127661530292148
3.081570603619104 0.03445196859238038 0.012923964572296042 0.0021852264859056566 0.05395117032616607 0.04656258785917165 0.010311941975284965 0.02890674871450997 0.18819491392423995 0.07295765433511409 0.018932380913740943 0.7557651974282025 1.2024033955551696 1.3105294253172868 1.6291296194341434 1.0177795805695056 1.579520955184821 2.8486362714314692 1.1678813662248921 1.8883932320099517 0.5817339982247052 0.41292929000850154 0.9711886644670212 2.672234835020807 3.3504930474280803 0.4541109753599477 1.243503531517453 0.8024342948941655 3.843759193830094 -3.4957445861314747
4.457430801744105 0.025739251136620747 0.011394222363795151 0.0015713500478052806 0.07218445679667744 0.034617087247825015 0.0050765183413621524 0.019603892396429116 0.18814742028695025 0.07179773717527656 0.018823383106757723 0.7568768657783423 1.1787028547010974 1.4300098788972864 1.6490120691777697 1.038520555165616 1.6283807598741986 2.958257721252406 1.2283271009632157 1.9905454642980875 0.6187210386428037 0.44283050966067494 0.8184380034218043 2.898680989590845 3.688830868147669 0.46525202613632777 1.3046842454340242 0.852074253603414 3.920575286306704 -3.5304741621961098
1.7630476760292941 0.057323399073996896 0.019261297413782037 0.004372491522891397 0.014203377707498984 0.07717572432843138 0.02916672682941967 0.05965080386727958 0.16627829226846938 0.06978985180482014 0.016549379780959085 0.8760422786381262 1.5963755386349059 1.4864006281718452 1.697579275248045 1.016979322719054 1.5174512370965558 2.7013836745893114 1.094100206537905 1.7581299128396195 0.5284926692348115 0.37372961744233757 0.8791593327097851 2.395652243088462 2.9815936356665187 0.4149976415092215 1.1344327205840428 0.7414862888150969 3.932651249787328 -3.5308946101207126
2.6099948624671714 0.03604497377823302 0.012121044642560492 0.00250368236809816 0.05378703220046034 0.04938537078069777 0.009781473739998584 0.03362730370477944 0.18595588415442457 0.07577339610436017 0.018579971522638735 0.7697751660089015 1.2903412753540169 1.3443997056523127 1.6427195973835753 1.016717193724991 1.5730123433184857 2.8359580655421652 1.1671961084303726 1.886130939816649 0.5792055280518056 0.41243994479501056 0.7622164629246387 2.679454534851601 3.3656702186296044 0.4558379442471414 1.2500342392379975 0.8095211912379271 3.9380455096959737 -3.552805660426266
2.645761864472237 0.043716797673722545 0.013473902217336953 0.003020628495474007 0.03925557027038838 0.0576677701545881 0.013181657918008474 0.03999793019168656 0.17226508410110017 0.07612878645574175 0.017818825117524126 0.8249677603535959 1.2853859953878342 1.4941469444216269 1.6326257449866346 1.0117411637130007 1.553498153824218 2.790080647246675 1.139642954579785 1.8353275091079306 0.5610062133629798 0.39642587755135444 0.9330211959746179 2.554561758197346 3.181204636659187 0.4394406576981925 1.1920493921302506 0.774171085395408 3.8252915278140134 -3.550416133143207
3.5788482330950164 0.0377316304545217 0.014032288477837551 0.0026821293612184923 0.047482787166796644 0.05141449224941219 0.013689970988657669 0.03608530387588965 0.1838425110118362 0.07080821249458101 0.018387480291242736 0.770093972951192 1.2524072072346355 1.2894173926245545 1.624164323881308 1.022955489441554 1.586772718045275 2.84356951590964 1.1638744743328089 1.8832880490983013 0.5759273532236274 0.40807207986231797 0.7610225940525465 2.639469237294364 3.3017951409039226 0.4432181220914075 1.2325414058372623 0.7912108309983866 3.8917348178278646 -3.5241132012103265
2.8104825979295116 0.039298920207830185 0.013728608458859395 0.0027989184815713 0.04263809024075406 0.050582012299211714 0.010539838361333502 0.03520232217946235 0.1842425344298568 0.07314560045673701 0.018318273541272776 0.7737141992376328 1.2477222409723563 1.3231842105073506 1.6246929191551656 1.0083367343274052 1.5535272105652211 2.786758546006118 1.135812207590292 1.829271312244117 0.5584162413614008 0.3945974691480593 0.9260993530166332 2.5368171045213086 3.1513620470811112 0.43138039113579824 1.1720498566965967 0.7584892632325817 3.6250483798217745 -3.523796186804032
1.1509545153005705 0.07011277968972175 0.019094582781139683 0.005862167234263764 1.5524786044744857e-05 0.09203754348766352 0.03125374023315582 0.07664190553771456 0.1449961769809848 0.07784782895052521 0.013712955868000719 1.0089730193163384 2.1319848348353654 1.782338335670948 1.9023227567269037 1.081515575126891 1.5244614965028533 2.6906278601719085 1.0697008653045699 1.7075020896438013 0.5102540698590307 0.36157863886606145 0.6468476815353342 2.3074925476459893 2.880817893751548 0.4012360313282733 1.0952937404722338 0.7218217522569561 3.994466115624022 -3.64852700823514
3.555932175000935 0.021031888526916655 0.009967743024199146 0.0010750696192044628 0.08196569225097129 0.029450394360141064 0.0017739164847589686 0.013669509189203281 0.19823877836367093 0.07415483207853082 0.019796772662260997 0.716703210667632 1.1407684700641894 1.2983440438573273 1.6438675115378907 1.0353877550011799 1.6312801783382243 2.9734006937464037 1.2407608542473185 2.013988056939984 0.6295522900839091 0.4521629029979042 0.8409630929873378 2.9717082795476863 3.7994234486936977 0.4771383939035138 1.3381979741551697 0.8740899309368506 3.9441594711793626 -3.5038230699668143
1.8149030971391604 0.04347032577523649 0.015924479511221397 0.0035170847940535683 0.04115669199686624 0.05793083218194742 0.019095637280371634 0.04557305235828762 0.177194548256003 0.07310826027583141 0.01666380775569556 0.7994303883396725 1.7549028727956704 1.4752088275075554 1.7031879359040876 1.0275300898637385 1.558739912793755 2.802341310411304 1.1467631359429213 1.8457824533259684 0.568680844549257 0.4025753050699063 0.7353479223059541 2.593815026892789 3.290830752178726 0.436394860431549 1.2024134397893662 0.7832722529944347 3.9500388904888073 -3.526366185604842
3.631712822773328 0.020729819656269893 0.009691317087678614 0.0010446535797813642 0.0829279535397834 0.029269324534262238 0.0012049682828004138 0.013421758720526441 0.19889693271596406 0.07450469791613067 0.019818590357199854 0.713504312317468 1.133477461992509 1.296885835595831 1.6439194642880028 1.0364689317698719 1.6343857739881331 2.97972096437776 1.2431178194576518 2.0195078397932757 0.6318215819934228 0.45392551111613577 0.8459736408619998 2.9853192850331167 3.81734089006344 0.4783937539787952 1.344760303564673 0.8783470991144817 3.954951903232493 -3.5007985260996093
2.94579281690278 0.027700689315087044 0.012366102169576792 0.0018744451757512187 0.06698900587141361 0.03686805417259458 0.006916386084530902 0.0236839673377243 0.19282873640770173 0.07232281482912219 0.019017334548286052 0.7371122852374297 1.2248850542804954 1.322214654491678 1.6408774453559023 1.025372494852153 1.5992503893417869 2.8988024995621497 1.1994759449345505 1.9429784090585507 0.6026622093108293 0.4301717140019757 0.7938331211547371 2.8059894923951094 3.5617665274496435 0.455408906127361 1.267581175586913 0.8266749689101117 3.826522492794608 -3.5339339127725804
1.4457713237322822 0.06467530115626528 0.021728222638817976 0.004681734152616412 0.0038434013875302286 0.08580591572583082 0.0355698254468169 0.0635473934387729 0.15320887922714704 0.06790427192809627 0.016301279101482435 0.9341860263369671 1.5830279768097772 1.6271084038031756 1.7655372840674892 1.0366204063091946 1.5155112189380453 2.6822088221616776 1.078776201580212 1.7348263388721337 0.5262930400327104 0.3692148601847453 0.8653457117206311 2.3484200995691755 2.936339029487375 0.4078030790244744 1.1172522398847236 0.7325883307538233 3.979053186243809 -3.5070399132325454
2.614770165561636 0.06937978212492271 0.003531330835835352 0.002346329210341867 0.005069064323090195 0.14198336826672947 3.4659207438081224e-07 0.0424658205645819 0.18517820253693842 0.10654218752044126 0.02067268289026819 0.7879449316604498 1.2806308919908325 1.3217281143967823 1.5931365525426768 0.9739218476990187 1.476972928356669 2.6020678593961124 1.0522255308496442 1.6474373454269309 0.5121479815022176 0.38414131098177984 0.7855819298137072 2.7393104145365474 2.537727804947806 0.5506851226610526 1.3484521028559138 0.8823447998355897 3.9699646666268977 -3.6724925343393022
2.074778188961859 0.04481667964531419 0.015984933517652292 0.003218365402898092 0.03561060353767471 0.06049901634564121 0.019661282422776073 0.042420515358430846 0.18056762942795535 0.07277126967505601 0.017461457859222207 0.7909141879785361 1.6170124628002325 1.4148068238772447 1.663922860950937 1.013595282533406 1.5412670496517398 2.7638859466533967 1.127168283075668 1.8171648447593245 0.5546637335079458 0.39227493186848233 0.9232036810698604 2.5287314372042737 3.156094296487907 0.4337893342200942 1.1851449198599269 0.7705957652212236 3.879883428375685 -3.4977252199972977
3.1823100355634053 0.026175573735185347 0.011899160502354511 0.001637939161192627 0.0705655480079666 0.03541964009796944 0.006198383949025152 0.020952540389295022 0.19361671423178625 0.0724721988026194 0.019270953690920325 0.7340854607243994 1.186916623019041 1.3098326261793665 1.6410865960523244 1.028105303239021 1.6089470705705518 2.920895496006232 1.2114906133464831 1.9635395641999611 0.6100517469652357 0.43624076736662154 0.8059715683842693 2.8526089906793337 3.627317749461307 0.4617687411526087 1.286095424245579 0.8405366821982394 3.8791404046808875 -3.5255410621761474
2.875065701760594 0.04275348556769739 0.015811745137172404 0.002385394584912443 0.035543915799650654 0.05815012402675101 0.019010052697161123 0.03398056940680674 0.18282658469388574 0.07134001892014619 0.019204652658649225 0.7775706857387615 1.239637108421456 1.3208132853838144 1.6184585939426783 1.0072326116626662 1.5477341491461 2.773528652697738 1.1238223612395264 1.8109973777223873 0.5572960995438927 0.39845334262502585 0.8992145022830238 2.5016554244757754 3.1398846064412753 0.4410256054427803 1.6157799639233603 0.7727339681431213 3.792018103811263 -3.3941248970525213
2.043651048993883 0.037504609673921226 0.015265520858814758 0.002773696883167008 0.05061787214001248 0.05028144481132034 0.01592875730622883 0.03622977869477195 0.18322270465953922 0.07106464091954037 0.017906024395590726 0.7861258706007875 1.4674839572670286 1.4243058516867935 1.6809004349718466 1.024259345844289 1.5652090792429145 2.824924679639478 1.1639108319591083 1.8811603854000163 0.5785603444487221 0.4121153365144909 0.7520322185575126 2.679275492380501 3.395737363804465 0.44148622741939025 1.2299260464918167 0.8006478200044692 3.9338242900341647 -3.5355482893756567
2.7631517672962507 0.04072642503732438 0.01243771598428553 0.002553597883277603 0.0469264462657759 0.05530337429536734 0.011864477148182529 0.03509579862179058 0.1753212761577436 0.0769481765710407 0.018409857069535126 0.8161826776316973 1.2611228926163907 1.4860957701979343 1.63538969388243 1.016924599609959 1.5687697192129864 2.825968182484512 1.1595308280023524 1.8714510175930297 0.5736681416396721 0.407260255132484 0.9624495927796531 2.6387905275028922 3.304395420101349 0.45324586388715155 1.2345565564283891 0.8032407270131128 3.9750619858308793 -3.5345156757730383
2.7398556203569844 0.03512169166287097 0.013764225261489934 0.002201093965781853 0.05409363174021205 0.0444485654386628 0.010181270519417232 0.02679329050064485 0.17735248110130405 0.07192808464682798 0.01854759074428524 0.817337558268945 1.2641539179664512 1.491971085031949 1.6429673089273993 1.0211478560662308 1.5784623484257378 2.8525760666699327 1.1763681685616558 1.8967125900923247 0.5837120186399388 0.4154473469855139 0.7568992020781079 2.6925755573121797 3.4018481938310905 0.4400061592028827 1.2212313049229873 0.7914586002652106 3.7519077804051957 -3.5736643414488447
