9.903509064979922 0.01813280730653494 0.05144180731404975 0.01156428125219976 0.03088884856393765 0.15537526873177626 0.19999431970543974 0.16941208115319198 0.009085194563394652 0.1391457445860011 0.02668230187273554 1.126101302058547 0.9779739437021895 0.6786017184975547 0.5819763272752191 0.4450757430228259 0.4451664738500349 0.19760475687944434 0.40887656566964126 0.6885508895816427 0.5173510229414465 1.1773229767163342 3.095136062654694 3.999996830629323 2.046733917839925 3.437611837903596 -5.097802458690848
7.789766008909413 0.01669190005060166 0.049186230108577034 0.00967942135734483 0.05211118541225775 0.14381986441580122 0.1974493022302578 0.19702925251803163 0.009343707389695107 0.13220550602896938 0.02510145848385543 1.1935214685004087 1.044958982140084 0.6888967493844118 0.5916179598913699 0.4467400893553754 0.4513447952958291 0.2142145476335841 0.42626234889815856 0.7269637482969246 0.5624001964285664 1.3185294716053377 3.9906843415248274 3.9999999139290616 2.6241523438303966 3.9557555248414595 -4.255410167962102
6.495174175481637 0.018939003568111772 0.05997901370818303 0.006517324773137918 3.857146594125195e-05 0.1386311275551933 0.1999947805463809 0.09405080360446734 0.008988030061262984 0.12881240134230465 0.024183778129506898 1.2226894116843603 1.1031608615047526 0.6899696415359117 0.5792377126567213 0.43027010093192425 0.4266434341804822 0.19069381979367686 0.3715455707871111 0.6156057247566471 0.4375227167466487 0.947342930919074 1.755743724090562 2.240463328987086 1.107673785505736 1.8069012898284171 -5.452031288357795
6.7578805429737585 0.01858176458413337 0.05155075396531706 0.012087047997939422 0.029417496743511358 0.15778305419112124 0.1989320125578293 0.1633068428760381 0.008942533276661817 0.13355900051156044 0.024532613077395564 1.1948225539313195 1.0882858562373219 0.6938626996432314 0.588243662596782 0.4451328650846959 0.44127664346358303 0.20058467330209676 0.4018462974928462 0.6813337042679546 0.512325224801867 1.1639018087933823 3.046563957115762 3.9999999999999893 2.019264894819397 3.4082298638270805 -5.060155319327397
8.470917253567967 0.018845868025334337 0.05517795901946341 0.005859223979599655 0.021649640431987943 0.15199231707209304 0.19998234521216804 0.10005234607476322 0.009083983626341385 0.1353604467445283 0.025960249895154257 1.161729658975348 1.0119598803015113 0.6790898933019991 0.5798403048296967 0.4412210202190084 0.4364161995676308 0.19713714059873738 0.39412542600039785 0.6581121609174666 0.4824247735690807 1.0799018729829866 2.4508257496497445 3.3579051804159428 1.5922074941635764 2.644220705664926 -5.299239649664982
9.957067537753517 0.017767058888734307 0.04713565804873451 0.011129980270034668 0.04209615620110246 0.1551838377394552 0.18747722942072023 0.15892582712832548 0.009316691731638061 0.13984754161075844 0.02652733979421152 1.1354402405370634 0.9730221014507159 0.6795096293508831 0.585028233387142 0.4444603157515763 0.4469040892002732 0.20406118638412585 0.41225476608676215 0.7020278169451208 0.5341914621674387 1.2289404621663202 3.3342463729656004 3.999999261620481 2.219382012548191 3.752778176843854 -4.958517803872053
9.852247529493523 0.018422072779122604 0.05144998431484431 0.01201302848604959 0.030969338686698718 0.15804252870149105 0.19968624992595058 0.16611884853270129 0.009035838976665298 0.13907762795528977 0.026426691140402265 1.1387978413911355 0.9745093844687152 0.6776315682698034 0.5832261451460374 0.4420960544644408 0.4441746298246856 0.2015912769298915 0.4052539665204746 0.688719506552889 0.5170221513253572 1.1809703911701384 3.1415408990539335 3.9716900798006933 2.0870442511318754 3.5061541337667705 -5.110166235740563
9.999999999999707 0.018228012681174736 0.0518573609069756 0.010678709545238786 0.029496075320095815 0.15424258204925423 0.1991675945446032 0.19788048722456014 0.008854401941529646 0.13599090580547715 0.025927608472874036 1.16981536318831 1.0013832489371295 0.6762707617208484 0.583230555524742 0.44148944505327775 0.4424821845545309 0.19960439275973768 0.40022880408296096 0.6809733287706161 0.510629558557933 1.1620204698015384 3.0058903040193417 3.980639819619493 1.9637235799331294 3.2719377863308914 -4.924499000544873
9.97404418476608 0.01845435652056046 0.05271603690659861 0.0123898559520872 0.02465724965856578 0.15571778255354266 0.1998743274405976 0.1651181273624282 0.008760741715127052 0.13546979034791354 0.025644317413299308 1.1626267541366213 1.0010700321946957 0.6744945546585444 0.5821356590391966 0.44080047252804905 0.4418719702890543 0.20007765223809132 0.4000112856936753 0.6736525782204107 0.5023194670699668 1.1420130343041486 2.855313556905876 3.9394529580883617 1.8864499678454998 3.1575952173399067 -5.218596107654733
6.708238333809648 0.018218094590966207 0.05194228335625094 0.011860556331252449 0.035050944616431254 0.15921385490989245 0.1998019463544264 0.1655300394278617 0.008982399678065033 0.12709512009744228 0.023874850533133176 1.24061080233692 1.0875759416636195 0.6937176002454671 0.5913708114229086 0.4421929331366688 0.44516189650969495 0.20284155043358612 0.41005185587095655 0.6953165432059647 0.5240996823281904 1.2101132145555424 3.361905014901925 3.999992563971461 2.2932041939919774 3.835027450170892 -4.883308914249572
9.999999999999869 0.018599351323400903 0.05710243183651228 0.013335421077480872 0.0030101495788879894 0.14352396958953487 0.1999995486257763 0.17677379687225334 0.008912316608260279 0.13427511626520125 0.025145966303903797 1.1915564883256993 0.9983576708757012 0.6733365214129521 0.5773989236726631 0.434081027241273 0.4296733271485422 0.1901508743620369 0.3904868705718612 0.6377978598163367 0.45929467386598377 1.003416777971608 2.0520699314265296 2.654481046252164 1.3006713290051766 2.1376090226101923 -5.379499821190125
0.41322213026358556 0.02533552005194719 0.07692878400765234 0.011244299750414402 0.044216846883135354 0.1560620441794203 0.19996768689888367 0.12517029267956306 0.002839673227994931 0.03971006527360209 0.007369918574568335 3.9871816345587816 3.540529334608668 3.588470269250377 2.1495465553900424 1.2860554960080173 0.9314868263176475 0.3619716704650651 0.5375585065137083 0.8057634865862555 0.5445505242557224 1.2121131179653066 2.950451257719187 3.891054678663229 2.0567522622475054 3.5229399221557087 -3.4131963995644674
2.6072593912832955 0.01921495214252747 0.06328507496832832 0.007909856597737781 0.011773003143007391 0.14080439338940418 0.19998352696126961 0.10540850347230597 0.005221906007621845 0.07182251727924432 0.013248044637167842 2.214523153792562 1.8921791263691843 0.9026673834218867 0.6594627793134444 0.4532837158443749 0.4350230551839036 0.2052245993577824 0.3775648432787868 0.645774285859474 0.47643502232893703 1.0583071272806464 2.1168561321321104 2.7160275377009704 1.3736773163647933 2.270779889054772 -4.3855974546088285
9.997493371627957 0.017041817322731707 0.048281103902935725 0.009634084477902786 0.05038356892358401 0.15438681952862604 0.19973798867852538 0.19996793279815395 0.00955786333938453 0.13979924539356284 0.026904258522522713 1.132009066639111 0.9736314076974811 0.6809200866261202 0.5877607801425803 0.4482031832354605 0.4516825275768433 0.20666446958383425 0.4178380583149565 0.7221269222157293 0.5571165108444832 1.3039397308634928 3.999998774018864 3.9999999999999996 2.7326156859181787 3.9999999999999996 -4.289726189735105
7.95432310575099 0.019216294810742045 0.05736892268758045 0.006297326914444163 0.011407482221217227 0.14752812577263655 0.19995139097297404 0.09754990875036243 0.00882123078020793 0.13145438256493144 0.024881401170590543 1.197922098820132 1.0602495395545397 0.6802228695742952 0.5800779809262626 0.4352109791947047 0.4319317138443707 0.19414654189664707 0.3896695970057958 0.639792327619271 0.46181240811121643 1.0188995160327197 2.094383392790196 2.781193991403132 1.3404382839064137 2.2169070147964356 -5.377341289052742
9.490996866528945 0.018485310931302887 0.051503057441978896 0.01250557665460408 0.02876607964709827 0.1577607032952952 0.19913511410365659 0.1711560203182293 0.008690741317257944 0.13495639688796623 0.025348542127356294 1.1833282644965253 1.0059666111879046 0.6793849351177135 0.585421546554382 0.44428037103380696 0.4435746704798395 0.20157959155611269 0.40106773476256796 0.6838261659384147 0.5158674819176968 1.1687181467554195 3.0674418693864887 3.9999999670119495 2.022890755771262 3.381509367965816 -5.101553783966712
9.948490828928035 0.013931244890010068 0.028828070203975525 0.014072301292954191 0.07957760056537365 0.11825378969695599 0.13463634569940838 0.16350887543247936 0.010290298358634946 0.1408869329292775 0.026123678625235586 1.125854436616521 0.976108403976178 0.6842489103643788 0.5941169837811326 0.4517644979600405 0.4589565879571247 0.21253778582050742 0.4305929406533844 0.7542217798689059 0.5955128779911322 1.4197147270439152 3.463049882355045 3.999808632912215 2.2990129504711008 3.8644828437192436 -4.602706321984404
3.48823975137305 0.019130037465011213 0.06267229303038416 0.00759768606914725 0.0005595471989806719 0.13889793919203391 0.19942332456689565 0.10080052544895797 0.006516064703032489 0.0903170881335085 0.016792968711182528 1.7595565438132954 1.5157639348551988 0.8010971450240663 0.6146597554275504 0.4414969908141471 0.425569147818272 0.1943999509234263 0.3704549304665031 0.6215107429496776 0.44648311786064954 0.9741408994123845 1.763753748556139 2.2629083392518496 1.1308045908612376 1.8510160912085198 -4.8341987893860185
9.992214003825858 0.01859143543530203 0.05303379053159617 0.012931392783774111 0.023751946189905025 0.15639970540167727 0.1999620385459339 0.1696124493142936 0.00890307278723917 0.13596649257747365 0.025609172375027186 1.1623186969756956 1.0011044000299159 0.6760344262193428 0.5825272049949313 0.440438577557772 0.44134332350207756 0.2001353434477493 0.39777529947598883 0.674911856732665 0.5028825418914414 1.139139354068421 2.8443345118290617 3.973070529799384 1.8866143562143056 3.1422729964683116 -5.2094853617390005
3.237743078938618 0.018773891060697833 0.058496403619267 0.006980559640104129 0.03170168334876983 0.1508475991596361 0.19981339476762505 0.11370550847508651 0.00707711098051539 0.0901843729607179 0.023475889197501668 1.5078003530145314 1.5976399501052907 0.8303010445313688 0.633949452102055 0.45959467171663937 0.4387317336390402 0.20290334124977288 0.39808855817166133 0.6878608708950212 0.5092939375157299 1.1754634634569872 2.8925612996520216 3.6975387023292416 1.9171530963998455 3.202303701251096 -4.26225287041741
2.5234718806532626 0.019628511156338194 0.06387546449785186 0.015269190436349942 2.8050419679416033e-07 0.14341536297264912 0.19995369478765185 0.17491089957097763 0.00531624044578869 0.07322044705689748 0.013695598958046444 2.163540447982684 1.8882305240721393 0.9238719531653935 0.672255916639812 0.46526718425249025 0.43353074126602925 0.196624624324926 0.37507304715449896 0.6337043984139951 0.4630509966271825 1.0243212356367755 2.00498450997454 2.547728544656617 1.2968620730375613 2.1318884359280044 -4.468899265682639
8.695656163442328 0.01722596330461004 0.0502126391561869 0.008836188383050564 0.043033047598636597 0.15344636864849356 0.19999927810956283 0.17649882260882566 0.009852004279373884 0.1363415586017072 0.025837273845069023 1.173393299097329 1.0082611233690844 0.6825240211372039 0.587888484249856 0.45046803650078665 0.4454818063425502 0.20380510832762905 0.41324878283508487 0.7083835063240213 0.5392623057552735 1.2495523383878009 3.5304364271788775 3.9999999993469393 2.363178836244005 3.964312311559675 -4.611717715402389
7.23390671618555 0.05499363791399505 0.05608147113413828 0.1973856637248537 0.09102173652687769 0.13551885553983714 0.07870450074569915 0.151090207067321 0.03136765892108541 0.06357153110014092 0.04026169448257078 1.364437893979537 1.116924649107241 1.9723918018504087 1.5635814757397766 2.290608519205041 1.9065440501099202 1.8728500158902368 1.632869369529013 2.1418331978760046 1.3509264837561756 0.5998161647261202 2.429317096457383 3.504827874752007 1.995539432857464 3.8815106312282874 1.4852284942076348
9.960520081038162 0.018517964767762234 0.05232099174776002 0.011946268841953623 0.025551416562560037 0.15641705150219296 0.19999971067836894 0.1608102157463447 0.008983251752776101 0.13980686265167838 0.02649635401327993 1.1323739897795453 0.9706330064620123 0.6759455705570915 0.581018332846772 0.44038429750236774 0.44135056953547697 0.19887481600125395 0.3978533810157491 0.6750237173107033 0.5031922977850575 1.1409119775846475 2.876696169500467 3.945698175375494 1.9048250505711546 3.1876755290793706 -5.240766816207568
7.609255762543276 0.018477131689356708 0.05245046993847472 0.011344261229765453 0.027690489475400978 0.1542650318869529 0.19936506766898038 0.1605057940908711 0.009060449449094942 0.13323622764454582 0.0259960963880883 1.1838720564530694 1.0449495477618174 0.6857601899151956 0.5835776802697197 0.44179322924627645 0.43967676109936144 0.20018346005727067 0.39886787018971054 0.6802589642810042 0.5096051431377369 1.149692487530678 2.9290529522244473 3.890349834913743 1.9290521276860393 3.2347006238629334 -5.106823756462666
9.956050953640592 0.018504447295106242 0.051917994222643545 0.012678717790538809 0.027069109587880398 0.1567306871648301 0.1995517151159509 0.17961774025870497 0.008942723677478599 0.13959705903312916 0.026473517159895106 1.1345363670017865 0.9714297264855649 0.6756508806321241 0.5814487325663964 0.4411369856373257 0.44302346000743953 0.19961023185816573 0.40091923107536 0.6805127581326158 0.5092407283382616 1.1567240228048394 2.9694712877867646 3.902361733292556 1.962598512773283 3.2788854584921214 -5.12657073072718
9.998406547254135 0.018315253817041133 0.05214755760318725 0.011807194184905967 0.02689429707900588 0.1554339050663995 0.19987691632192692 0.16017895137792443 0.008953306724847157 0.13640563545658654 0.025961675561051344 1.1476109432478565 1.0011590408031605 0.677257579568634 0.582440115079499 0.4438181234582837 0.4428900983497993 0.20057235880278185 0.39809254636327523 0.678212620391573 0.5056179819866812 1.151774224244778 2.933508740306821 3.999999999999998 1.9394537326296373 3.254574124761283 -5.208693772047272
5.039792480072956 0.018252353396180424 0.056274737130960276 0.006734206006084326 0.02710666784374926 0.14727193562014954 0.19993684318824148 0.11015033406138391 0.008488482895874512 0.11297070541877154 0.021184584955579084 1.4117883213126 1.2322615173382176 0.7249250013237843 0.5925835252312727 0.4363337602915295 0.434681051854365 0.20487219749116206 0.4091340468228801 0.6725987487225671 0.49285371614638857 1.127972479680471 2.646199335574016 3.450744996405866 1.761917630411033 2.8968382622186226 -4.848017681051089
9.915946752887821 0.018494492644717638 0.052234847654620574 0.0071618062916404815 0.03098668895767499 0.15682107369196918 0.19999502538208044 0.13681326382469206 0.00907874611512214 0.13988912808481557 0.026979058171657064 1.126612706099649 0.9741676183990566 0.6772581560836497 0.5822060346674154 0.4413717507415475 0.44233429591073725 0.20018786084096296 0.40586194485854826 0.6804250397876949 0.5065382050479564 1.1464690017092676 2.9147117735116943 3.999999999996254 1.927605486000196 3.2245068808818833 -5.127016000073369
9.99978880600464 0.01888831192379685 0.05550994702090557 0.011931055181565186 0.01135171577022295 0.1500892033847973 0.1999999966445248 0.15211712718871198 0.008822692410217737 0.1363634771822941 0.02580360412930466 1.1564640244440463 0.9989897479126656 0.6731909248493089 0.5786157416603733 0.4361940493296234 0.4348879972948753 0.1951462769971346 0.3862304888681955 0.6477347311154112 0.4722236563261463 1.047955237508168 2.284935718072274 3.049756162663826 1.5149567349498223 2.472141060809049 -5.387029561375217
0.0987583957798944 0.03056914144604799 0.060441447927815514 0.01457753872513609 0.08403264317381504 0.19997884900350774 0.19950368516165254 0.17211479326847123 0.005101750417075705 0.06347213500596194 0.013231245133387904 2.487997358743939 2.2469044301547076 0.8869040921465784 1.5603367332620344 1.2366980457948216 3.1295881991085963 1.0803416302286473 1.5072909764251796 1.995676787368296 1.066231444225005 1.899997885402624 2.9930988629726407 3.256389251158285 2.5091553672311497 3.591349511665994 -3.298265337576147
7.528413853910146 0.018497723004089157 0.05719550618369126 0.007117965250253862 0.010666796483728048 0.14326806292685001 0.1993379838012801 0.11084074479835114 0.009383042598171045 0.12962768520045256 0.035539648348039604 1.2335753293269185 1.071783567582359 0.6826027095996258 0.582351188706635 0.43638370732735704 0.43172647480298704 0.19385103569015927 0.381565619964609 0.6349638454859722 0.45859156942757867 1.011902635892088 2.1019301175545566 2.72198433915909 1.3242153389400835 2.1932992299540293 -5.292469491322103
9.467380070573721 0.01885476807278286 0.05751300983229613 0.012719079621438003 0.00010159630936280079 0.1434856538261853 0.19987198970676703 0.16426556540646992 0.009083195526066892 0.13776886129071195 0.02619453441173355 1.148367022464274 0.9795645267957632 0.6726408034260807 0.574800531123365 0.4326448221469444 0.4295852473553235 0.19197796135980275 0.3768792774873758 0.6257530939193141 0.44928591527670336 0.9798917580191234 1.9671976022326367 2.470131996065517 1.2375151556011805 2.031820259766727 -5.460645203480283
6.513480697897549 0.018902344881527314 0.05578616578376356 0.012507893219105861 0.009979645124841827 0.15064111059412102 0.19898684408921039 0.1577651781448778 0.008781508999113173 0.126664312606431 0.02358865417410807 1.2500329801627292 1.1003326090774792 0.6918860314997795 0.5821604870410025 0.43949211454211035 0.4315309376289822 0.19536741643947603 0.3837873330971198 0.6462476071292159 0.4714223348197132 1.0444332058706995 2.2671261552947364 2.9438997905574946 1.4597180899393523 2.4160311777185663 -5.269896343662453
9.563434201971909 0.018598288103159763 0.05100103688011764 0.01262566702237746 0.03114912531629366 0.16217253492639652 0.19969001350790097 0.1768597471963963 0.008865149625947723 0.13814776958627958 0.025954833544114413 1.1578480971527956 0.9814708977769644 0.6772615598385731 0.582808946784224 0.44784332823766654 0.4430838838039779 0.20166363866401069 0.4036695177902751 0.6897593742234468 0.5220054581616469 1.1863295384962746 3.2172451214654085 3.999999999999844 2.1292901916175935 3.583174699263339 -5.053242974993111
6.958974921387809 0.018563891887992005 0.05208547552426999 0.011309780016573933 0.031115436041152408 0.15710493281436935 0.1988432880057761 0.1573586613152477 0.00898950987499794 0.13070776161805725 0.024373868975328093 1.2050644606787344 1.0819003995800924 0.6921600610948577 0.5861552229063148 0.4380308336811143 0.442633455983101 0.2019591085787984 0.4036645201981041 0.686055000133986 0.5165216090589849 1.1759792573849812 3.0874943585038466 3.988267184523067 2.0273300183066763 3.448751265118065 -5.040668856497377
9.99999944200563 0.018385961071509097 0.05202774780542387 0.01061215377255918 0.028143366137263544 0.15606352477944238 0.19994763825417824 0.19427713415059933 0.008769866766398954 0.13639247647155878 0.026246201804895893 1.1493305349767762 1.0012444369446971 0.6756473091781505 0.5842135801783196 0.444994337613475 0.4428742518612933 0.2004552610663603 0.39917486260070506 0.6796584040942143 0.5081629587009898 1.1555551576276883 2.9673508741470114 3.999999663188873 1.947941895485431 3.2548684399788144 -4.980874238084613
4.741757738725773 0.01862070546780649 0.056214740858230375 0.006091196836950187 0.019139027533775832 0.14831466028758347 0.19993750041482233 0.10096892382269682 0.009577225231441812 0.13080745374589245 0.024799270258556685 1.2110665707396877 1.0833286657721801 0.7338628847003309 0.5941408975028567 0.4371817184449217 0.43284978148078784 0.1957792918446423 0.3841021699399187 0.6477979022962906 0.47498422556879144 1.0563574348897076 2.3524434730509634 3.149187539996188 1.5310263604600427 2.5412257380833707 -5.104246288812817
9.916151426313677 0.018500454073140476 0.052508965750216206 0.005489958733775025 0.032151564780101546 0.15647502247878897 0.19999999999914703 0.10415531253702899 0.008991946411533247 0.13933270456888502 0.02700184023644889 1.13701823042847 0.9724729553406148 0.6763633875570514 0.5814081237065336 0.44042834629949645 0.44189409159232895 0.19875688324833699 0.39849962801323374 0.6758497360432167 0.5043234223583978 1.1429709870957538 2.8840133399488885 3.9999999999999996 1.9105798284845854 3.190134066414275 -5.231826802941756
9.968678320125818 0.013673281461190446 0.02356627771495078 0.009017959142622057 0.09278762598478883 0.11194904643960948 0.11640297937930695 0.19994011947646723 0.010374533809985794 0.14189128906728196 0.027181490588535744 1.111496343988087 0.9761320862093218 0.6844989305315091 0.597367932088977 0.453631666471167 0.46265772645143743 0.21334381794031124 0.4353860932608131 0.7638171037314295 0.6069736486356069 1.451714776857758 3.165278236874771 3.980478999458933 2.0270601158122763 3.439927601855719 -4.243108390145339
8.871135254653991 0.018601857146249883 0.0514109133173423 0.011107743945146405 0.031125517397184884 0.15936743404619916 0.19834311159840998 0.19984023846800325 0.008742493495952576 0.1391024506149583 0.026455165911661825 1.135446396574517 0.9976384957832188 0.6815323433524892 0.5847990912900061 0.44087232973666357 0.44635483171148377 0.19864505612128 0.40854398775728384 0.6871217310216543 0.5106963456597834 1.1725694050058577 3.1090444309602407 3.99999999999659 2.0175041944176075 3.381800794811789 -4.879649647335719
9.869968408034806 0.019074039770036265 0.05627379877239271 0.013582008844191178 0.0049329999178350705 0.14782751501067642 0.19984091949542998 0.18135919948814738 0.008685466415245181 0.13853478745100967 0.026263077273410547 1.1453794521264407 0.9711246492262416 0.671232175320064 0.5770334077783533 0.43463382940090384 0.4324383934831999 0.19260335366181364 0.3814169556582373 0.6367831169243697 0.4611155191290299 1.0169643293754385 2.1361211287964945 2.7773629943782225 1.3591054951968637 2.2410796034146827 -5.3869176774096745
7.754185467400123 0.016179920270556678 0.04524419338032455 0.008922738714258253 0.07415181631469882 0.15640479559063739 0.19999222159243782 0.19925934305814627 0.00939934391886713 0.13084465088027641 0.02454927799293145 1.211189087667838 1.0784957726172109 0.6938076209793533 0.6042912736816188 0.45445730145396485 0.46404616731158865 0.21720567451977651 0.4558558441597757 0.7781103663179177 0.620730165037947 1.5068515211120952 3.9999999999999996 3.9999999999999996 3.9121734642556825 3.9999999999999996 -3.2483570235192976
8.248745006284846 0.018390137060932173 0.051523965742609104 0.010604369759595689 0.033377387030499084 0.15828649872086553 0.199427396479581 0.1528056844670056 0.009358738804978197 0.13566974315507865 0.0277268006282423 1.0763725704076255 1.0273445847883225 0.6830358358295372 0.5856196403819449 0.44139876014872703 0.4442681502562814 0.20227517130584094 0.4033872052174951 0.6888206892097856 0.5191534484672521 1.1897509531619102 3.166817971967163 3.9668698711718093 2.114435260254454 3.55902154867947 -5.024017100601459
9.999922048544459 0.018467512411719345 0.053631411264092134 0.013980435141818306 0.020817248383523147 0.15409300227665326 0.19991650918008833 0.19854038254858639 0.00888265270313693 0.13537791521800083 0.025585199292351864 1.1692907605419605 1.0008619620726655 0.6756399913394613 0.5824936347330755 0.4399026154774677 0.44115471140986373 0.19837768232618647 0.3986725601554113 0.6711740339853131 0.49871928738560684 1.1265004878851563 2.7567408788939396 3.8351064218954187 1.808285819836092 3.0064719400527227 -5.162125878879322
0.12909262366374635 0.030844397655695816 0.058605810294310105 0.017482009539072352 0.032620315156674316 0.19999999879304756 0.1999999999961569 0.19999999706514274 0.006678368258593854 0.08478702727298133 0.016323604091717462 1.848878017312493 1.6666833583383829 0.6877282757338353 1.1624241639689108 0.9279662242258568 2.36499488271166 0.8109506257630421 1.1258542643746128 1.4612571522300735 0.7831085480304794 1.3826815118498628 2.184245668837579 2.3958085601502646 1.8347917568610999 2.675368097989668 -3.5219828627294922
5.476347526736504 0.018702674616724462 0.053207368449886064 0.013259973394906732 0.019699296579523684 0.15302860421404857 0.19866686489250854 0.17424411457302946 0.008574390083078594 0.1346021010181193 0.023476002146683564 1.1822691252238742 1.2163913759749339 0.7120750796485128 0.5864414381673706 0.43810812165497737 0.43493627850619687 0.19741964927449215 0.39122074442237786 0.6617426282831158 0.4921689414075012 1.100328834323861 2.6726044471636214 3.4861555639562605 1.7246998339422204 2.875364719148875 -5.040747748485342
9.423177547309114 0.01850713038647556 0.049995065377448814 0.011652339308214795 0.03801617586221709 0.16249334164825752 0.19941771455001286 0.16259963656106863 0.008939479601251039 0.13859202385032426 0.02609733797202521 1.150759699266187 0.9849103393063776 0.6798293192283608 0.5849101222379758 0.44387378655786486 0.44698701197299834 0.2031076762282691 0.40808811478860424 0.698334248049316 0.5329766281583306 1.2300808947406634 3.4861172373110354 3.9902751200805526 2.324069544356448 3.9999823007524116 -4.9665918167653
9.883814522619238 0.01791121558823118 0.05034667470825029 0.012416943406531098 0.03702271756872125 0.15878619299781604 0.19991139626859955 0.17407870466882303 0.009237928670310147 0.13930829850143717 0.026359463236839215 1.1368584394785408 0.9746286281140286 0.678576727405722 0.5853788748637768 0.44402277816638674 0.44720327170818364 0.20248064097060045 0.40846812319656484 0.7000113444705321 0.5318304832862876 1.2262767418791425 3.491858371413024 3.9925075670699024 2.2797572790050404 3.9919096094314854 -4.9605171497357885
9.999386098515496 0.018902963532777314 0.05751801049891458 0.01355252815036535 7.411053788592044e-05 0.1442432163689254 0.19987428281725883 0.17901621611089025 0.008598265861964667 0.13475841089872787 0.025511145830735712 1.1752828281706031 0.9981482993872629 0.6707970794050628 0.576030058965311 0.4334857989871989 0.4303017963712667 0.191930550065594 0.3779108694026484 0.6285486774078605 0.4521017787350266 0.9898084658882049 1.9535970948922385 2.528698943832439 1.244708389370633 2.04237690066636 -5.415790336558865
9.999981393636569 0.018530455436241496 0.05251601649044269 0.013445792304846984 0.024125730234016818 0.15717701480547405 0.19998456690590521 0.19557305343836542 0.008990866746563882 0.13951794846083204 0.02644664521032846 1.135745631097941 0.9706535548835609 0.6777586157248692 0.5818482665233424 0.44043191696395007 0.4438724925580517 0.1989650339069229 0.3986485659706313 0.6754684763565336 0.5048840295783189 1.1423011074412677 2.905791674126773 3.999802363849526 1.9022855483091468 3.1703463271013383 -5.156734587163539
9.979802962109968 0.018297653585262703 0.05161356308662621 0.012256551071015762 0.030173303791665145 0.15642113046756678 0.19999997085457705 0.17442702830065984 0.009024739661418995 0.13957032320312748 0.026408703272011422 1.1394311588351007 0.9706918889339669 0.678214374613796 0.5809318394612152 0.43851806882354627 0.44362686453331385 0.1982485877999839 0.4043155511305468 0.687827221357794 0.5142326687052056 1.178064062036833 3.1017770300875562 3.9998934196424 2.050103746781977 3.4491377345125476 -5.1002959697327785
9.358814042430705 0.018738561027890364 0.05636747828046434 0.005937998110528306 0.012155918775612035 0.14540353762400154 0.19993310775318113 0.09618650024111312 0.008922377419531538 0.13758795397628423 0.026306135775639845 1.1624323961271121 0.98263669275484 0.6729810582709514 0.5759283795842383 0.432196299964938 0.43669712949304695 0.19407581249143804 0.3955782783143299 0.6397889095779644 0.4623848897850027 1.0158173443929948 2.1003503040557 2.7305407418390133 1.3439180869428555 2.2109590267207024 -5.421639362870885
9.59714721014491 0.01883600990037615 0.056730126846372256 0.011754553201188827 0.0052639372457217205 0.1452917897260826 0.19999472149239544 0.14790082572792973 0.008847815726839804 0.13793810448091318 0.026275827150859448 1.148236071593335 0.9769759179667141 0.6698589024496171 0.5719759573626148 0.43412162280106364 0.4366358215916287 0.1914492979287149 0.37950696298815834 0.635774332514226 0.4579685719152697 1.0076178604670238 2.0664521520569306 2.6911879825162717 1.3179347711450897 2.183798834744194 -5.455965545256333
0.6347419649817354 0.022801783162050317 0.06856836407057638 0.009653134298299403 0.03568753375848815 0.1551808379943301 0.19999071551131883 0.12130596350520638 0.004245619099512068 0.05835025328706712 0.010839201704267642 2.7144690814311545 2.416632934923796 2.456116586576657 1.510359715978801 0.930547352579842 0.6967302908808722 0.287000325541513 0.4826123909009619 0.7026663723169592 0.5040371429442427 1.1613574378489333 2.8450872767622255 3.722664762993842 1.96169265511836 3.3224241646132953 -3.681130780238134
1.2569873337453104 0.021098095948133153 0.0666108971723717 0.009726004238931543 0.019463176709005967 0.1509076404246652 0.19928444775648657 0.12393097703050185 0.0030363836461502333 0.041092160613629934 0.007713832791308224 3.8765561878013104 3.288632303896367 1.416800567307772 0.9333846249661097 0.605307361983406 0.4984983310326062 0.21416047531115298 0.3879857765551605 0.6514203356990264 0.48739689955815 1.1170585968928346 2.4629172692183254 3.120299793857525 1.6275316931916304 2.73035104335954 -3.771289036434204
9.99729381322267 0.012945672411930263 0.021727091042106014 0.010849232117751078 0.11782664950569258 0.10755326472467282 0.12827322623480822 0.1999999044742565 0.010765066548083005 0.13992929339370241 0.02725723597614507 1.1272634677990772 0.9877066452942415 0.6915953200858991 0.605467066578124 0.463756905223031 0.4775156743832348 0.2325641377553368 0.46867053714103035 0.8425957820592904 0.699171883427498 1.7560745241363742 3.999999999998528 3.9999999999882108 3.263065907552575 3.999999999999976 -3.2460948311492785
0.4436430203363539 0.02491448867313073 0.07428723440543178 0.010965002738593865 0.04620229546698287 0.15919610795555358 0.1996772807234352 0.12635636919818372 0.003040091490239136 0.0423165621747755 0.00785979265323033 3.7433675108872326 3.326532565189437 3.365627515195208 2.0298111044920053 1.2120903826467948 0.8856439294188072 0.34217264439080486 0.5332863588290592 0.7925984874538323 0.5453349533235872 1.220505597697215 3.0677286758201006 3.9999999999966462 2.153662030756077 3.6921032672530276 -3.430225636315221
4.237188533377558 0.019348038955348073 0.061608414349927816 0.007271025742179719 0.0004836053121845145 0.14168737903533385 0.19987505198389588 0.09944133154616912 0.007126241505605411 0.09892612816823218 0.018572391957101315 1.5956417241368777 1.3857831744559914 0.75169127232673 0.5981467893496496 0.4404736486381272 0.42379205228236466 0.19926732498276317 0.3713901807300813 0.6196365971020974 0.443072424464615 0.9645496953514675 1.7777114580135307 2.2940822889113317 1.1347286281412337 1.8497501795868176 -4.9879908261399155
9.985170039436055 0.01863671913954285 0.05286705254540546 0.007581960958673419 0.029486477524446848 0.15716226197414024 0.19999000285403884 0.1414485953327734 0.008738422660536342 0.1354358792859456 0.02583221931625205 1.178894080294208 1.0014420202207384 0.6751431569022496 0.5820521410797047 0.4416129077139502 0.4431396321915714 0.19802048993858543 0.3989127021879296 0.6757754383269367 0.5032187112163704 1.1418426597102374 2.8781993403674604 3.9995791189134824 1.8878427208501454 3.169529306181638 -5.097404899963927
8.074434585582745 0.008318511409836553 0.03553113524116494 0.011408425754125314 0.1279171719753378 0.06564986328017894 0.19988239138749736 0.1999853743365755 0.010796561276617276 0.1337180600829996 0.02523173110877644 1.1805442515747215 1.0485971165139616 0.7009640927392217 0.6136162767057766 0.469437993168617 0.4921422909977984 0.23563399890923592 0.49337363899474657 0.9056551307811348 0.7798526224517649 2.0424250301386038 3.9940030029420304 3.996261338188763 2.1746087352683 3.4964802119317 -2.691629478218084
9.395927305876683 0.018839745446397053 0.0537001131166492 0.007626305040254215 0.024363731307471017 0.1555733707759033 0.19999981503993303 0.13830929943354692 0.008895740165672026 0.13866813664447 0.02657645747047464 1.136445744021686 0.9848668201241414 0.676321382531197 0.580100228507489 0.43858263358029953 0.44104167321147786 0.1979989880615798 0.3942702438190448 0.6648545094927668 0.4914610479827333 1.1054891956859034 2.6439069869856415 3.6115509899085994 1.743153940578622 2.8877986601762147 -5.188961508690235
9.995342697004828 0.014454034204355051 0.030847420280107566 0.009372397219656547 0.07585992035203884 0.11799219869729577 0.13654518456010578 0.1985210750773244 0.010101933587617948 0.1403557832715552 0.02683835132823587 1.129827985261119 0.9782052095654009 0.6835510206860546 0.5905948847490039 0.4497572825842415 0.45424355373014647 0.20884472009094357 0.4220058085408305 0.7378201121582654 0.5756820369869055 1.3563620964624614 3.1552404926209694 3.9999999999554023 2.072690209084868 3.4829730817557305 -4.414840773573185
0.21031737083305382 0.02904581804793286 0.08509706819983891 0.010506799455552081 0.01675559700799066 0.14830090496521797 0.19997526137287425 0.0998778571544569 0.006953157642157079 0.09846790542584972 0.018254081630715107 1.6084512061949197 1.4529042715365172 0.561749565079816 3.9250409400697337 2.24185719601778 1.565031839588656 0.5427583791072682 0.776790128238216 1.0590265932542107 0.6028158774755564 1.1600022549790814 1.6590639694044496 2.1279090485999683 1.0897707702057173 1.8255137956395935 -3.485916424919177
9.974743728119337 0.01829011587827552 0.05236075546752168 0.01249962824942705 0.026103652046101274 0.15522297923222622 0.19998900098913377 0.17273141138586354 0.008856303815670107 0.13564133685622115 0.02581091653833147 1.154966040289148 1.0020515897628213 0.67526274297258 0.582644869213422 0.44424391897080606 0.44282757966606023 0.20042984616428028 0.39974708637604756 0.6793305035027322 0.5070023949487571 1.1541284931414486 2.9442251393928576 3.999980204248858 1.9382863008780642 3.2500785894876985 -5.170204409434722
4.8331657625870665 0.019528993697836318 0.06033666684163267 0.006100284396398617 0.0002551391773294549 0.1463572837507528 0.1997757398637079 0.09303400759711923 0.009300390994421539 0.11011436750601471 0.028825485130728846 1.0376835705870073 1.2643599166064134 0.7302773657422514 0.5936739781657493 0.4357530167012203 0.42347780347096153 0.1916185406284103 0.370827070377819 0.6196119658757225 0.43787396391837546 0.9508096408588853 1.7648789193230525 2.22958071504752 1.1236420260623758 1.8247981297620854 -5.022366102641009
9.931174441770589 0.01789357074165143 0.05108063827091108 0.011418850092545712 0.031028259898646 0.1529543453401515 0.19885380667412342 0.16332177838602485 0.009162845847949335 0.13893225432082348 0.026233819747812324 1.150846724157856 0.9726349718461332 0.6787237039332698 0.5802613496377842 0.44192414856890194 0.44813647165325854 0.1994615325159996 0.4081779283656894 0.688279894323345 0.5154177408897239 1.1685701159728672 3.0506353958035097 3.9999800182976135 2.0586297458148173 3.3899361935674435 -5.113332006060876
2.12545994369563 0.018900034107037153 0.05686533990624783 0.015051799019356667 0.019807252696728634 0.14959737784772859 0.19999786315127616 0.18193812186947694 0.00854962237560469 0.12270683697202966 0.023343731269020382 1.2763496045569147 1.1565290618776563 1.0119549816268516 0.7149154007207513 0.49759592731179875 0.445957981185814 0.20489935689564018 0.38768571209631003 0.6514762300131887 0.4937785904727312 1.1174803770422619 2.646256884148802 3.447718364785895 1.7412281494134956 2.909358110236766 -4.677252985428234
8.851866972055374 0.018195007639605312 0.051982409230933696 0.012388997995335516 0.029247791048742488 0.15342359628605856 0.1984061731550911 0.17056433366921178 0.009224756144929415 0.13525258615200622 0.025515182177149126 1.1716924514622171 1.0179705506289858 0.6787850688805241 0.585939913643275 0.4416680783910834 0.44479525699303074 0.20178800203803526 0.40678550488665605 0.6868134182979477 0.5138130613965805 1.1705203011373755 3.0118987635025634 3.999999718223058 1.973736392977691 3.3357889971628256 -5.098697304355708
6.775664726983346 0.018164151881957493 0.05274582238299037 0.005860053544576245 0.03722587144642984 0.15465890483524364 0.19999648485500346 0.10867497237983155 0.009008335412278348 0.1294859921704082 0.024242971501451903 1.2221139379460733 1.0889053001846918 0.6935016809432957 0.5968674603174907 0.4422356049701611 0.4405496347778912 0.20145988602131917 0.42061911457146006 0.6861636410462827 0.5161370638549093 1.182833303466582 3.0981494171382282 3.9999307477106845 2.069406356641842 3.474903244466182 -5.023906275869657
7.197496860146571 0.018354845967350975 0.054712783874089836 0.012880259443313285 0.017273735848299852 0.14984356668054444 0.19997853616750944 0.16389922533053128 0.009039202268240119 0.13148852195317356 0.024360647330037316 1.2091595054205646 1.0620474410182015 0.6836363640068143 0.5808258330567582 0.44117755016162963 0.4363808137876401 0.19820859634284257 0.4100099566504537 0.6634286006428555 0.4892462913474615 1.0888962514806912 2.530167796335625 3.3999805650945745 1.6562281310396192 2.758689492984424 -5.217678938542495
9.959154500399707 0.0185529095458858 0.0532435767233885 0.012214610089911766 0.023429707026180843 0.1553584853436726 0.1999999412236148 0.1603140535103705 0.008864985554122445 0.13592088981237704 0.02567301251205176 1.162334278479721 1.0016743289898404 0.676319716246529 0.5829455447531064 0.44008900836489884 0.44090179008792046 0.1995042236697361 0.39740925132131943 0.6727909810494488 0.5008615780346896 1.1317347467281698 2.791424537425533 3.8828335738023436 1.8499279221692309 3.0847497143603877 -5.23653313927966
9.607217865822657 0.019119906642357475 0.058783678755442346 0.006364155137839919 0.0016736240187245966 0.14163246425300446 0.19999998857734194 0.09468023187327927 0.008863970752985399 0.1325545130461854 0.02592734991951746 1.1778555661480063 1.0065311135738293 0.6723496264177391 0.5750374135471548 0.43294460006447644 0.42581386329769866 0.1913597131598125 0.3780721351913957 0.6212645473339317 0.4422142729435443 0.95957855843959 1.8088106316156136 2.277811972817556 1.1454457975760235 1.8651519568916568 -5.497053926896796
9.939372736323913 0.014360465484412676 0.031066126447676166 0.02651813129393269 0.06053471878497208 0.1161614886134113 0.13516803556616458 0.19999690348810983 0.009848189995796694 0.13655074380675578 0.025635491291291716 1.1570986366337512 1.006318049341198 0.6831913237600706 0.5959418223425359 0.44985152173882764 0.4574543084406469 0.2119923119568283 0.4260210746166772 0.7450839350057975 0.5818991057237217 1.3762396780848587 3.1387878351604104 3.984853399585926 2.0974884934633042 3.4624993517438862 -4.759319345158209
0.4134669342251853 0.025034878398346765 0.075418162483121 0.011193762432262135 0.04399410587408451 0.1521082375616091 0.195580792743094 0.12158633256908859 0.002878191081738664 0.039944577328591316 0.007385032330182167 3.9667237673602274 3.516838614204158 3.5767865924630504 2.14990313384744 1.2809312947996159 0.9282619032908695 0.3532865654577373 0.5555284722780438 0.807374948602807 0.5451173610653098 1.202186315293683 2.8050864575225307 3.680119286062724 1.9445108194757499 3.3257995352968144 -3.4046576645199176
9.907203760151134 0.015465919304723401 0.0368328997451962 0.003708959476381063 0.07136450380838277 0.1334998685218981 0.15795621515694042 0.08686381960644178 0.009902276415909534 0.1400693760731149 0.02687351602595213 1.1394213560024389 0.9759610068534189 0.683191285076571 0.59001401665664 0.4539895175485652 0.4524223975841718 0.20800057867249946 0.4213052238213159 0.7304676291816992 0.5657689761719852 1.3311586438173497 3.4443692169887616 3.999999510011611 2.2848184340041295 3.88253858814244 -4.780873806439442
9.272425802479278 0.01859426825157857 0.05506384444521835 0.011871448215070714 0.014712876176562298 0.15043768407126656 0.1999867458915836 0.15473280963427077 0.008916597674231443 0.13670948077418701 0.025817576652864563 1.1658802519688283 0.987258725249054 0.6771146367817465 0.5796277281930874 0.4369263391496008 0.4409030402428696 0.19600819580300433 0.39865969325655803 0.6543268791870779 0.4792567667863485 1.0673993160391706 2.395881464818056 3.2228481808583336 1.559068611222901 2.586569574456647 -5.326409943247089
0.10973743505199539 0.03006224407137272 0.058771268973516436 0.009288261742791645 0.08386336554296096 0.19972777130350386 0.1985824585107797 0.13250794524155576 0.005681368774036943 0.07020711228513667 0.021646126461221434 2.244542385324612 2.0261386177145364 0.8125997274938112 1.4121630687190547 1.1411022584107362 2.8367779472316346 0.976550826710563 1.3683368385204586 1.8109549724859724 0.9748850573687482 1.7514093623535256 3.015085689339837 3.29921167538982 2.5614381259514194 3.701094150476336 -3.3429874102760073
8.560208380941038 0.01822138869031214 0.052921033941221114 0.013072808525156882 0.0279283736366012 0.15346299619452536 0.19998724455339617 0.18471277450248363 0.008975533839164447 0.13116246836239437 0.024781710698268792 1.2023673840405549 1.0415446396053052 0.6809992058473846 0.5871561510312073 0.4412280935565521 0.44319217320496485 0.20227706423313457 0.4086108201316765 0.6841032405920728 0.5128592156675422 1.1714594746036737 3.0199515107527475 3.999999986146563 2.004797412866231 3.357075553299398 -5.055771576258388
4.633076474886476 0.01824418317071031 0.05537272054188713 0.006491137973424564 0.033426449168610935 0.1495562641405541 0.19995783993930366 0.1089510662728673 0.007695825918253022 0.10705188151105755 0.020233987400214395 1.479309772425098 1.289685849394268 0.7402682686571035 0.599406771519535 0.4418265502815173 0.4399246224581128 0.20342642953104492 0.4107240890235151 0.6860995557650231 0.5153293351489505 1.1688536558984373 2.917095682130572 3.8611345447686376 1.9434912079411546 3.261891073744066 -4.7605789286906735
9.361232908552681 0.018821086091150335 0.05601392788511429 0.005863013496517398 0.015246250397038731 0.1478494797339535 0.19999969972908202 0.09777706068043011 0.008948047037801964 0.13810195333504213 0.026734399910868917 1.1422178420465876 0.9832212978977317 0.6749091952723762 0.5776319525579632 0.4352013906322534 0.4352554754194648 0.19369451431214052 0.385587360161613 0.6421550360525748 0.4671744497725769 1.033225255800503 2.213429675340294 2.9190786642000015 1.431401767203617 2.356105216019079 -5.412442903438306
9.9991430632151 0.018105925104878906 0.05095391161206151 0.011900054213135598 0.031709698481858714 0.15266466131492382 0.19590063450182088 0.174492660782991 0.00906597585540762 0.13619726934637488 0.02589257498669847 1.1675186893855984 1.0017498432293868 0.6757618130530424 0.585315714131572 0.44066184610847664 0.44688661249339395 0.2007263788462053 0.40492602708642755 0.6892447516185733 0.5169322161545752 1.1779535888601804 3.041871392879948 3.991718044865205 2.0134179799880414 3.3802502349974133 -5.053821779320094
9.97855223187858 0.018107187841682318 0.051777334931023905 0.012630339715727705 0.030062551721573665 0.15521710497336774 0.1999611687050333 0.17442836984951776 0.008818984014473882 0.13538024649917466 0.025721535466447423 1.1599037123377172 1.0013653544890608 0.6745908949661208 0.5856950407818364 0.44214494330168563 0.44788719966550783 0.20117191534471235 0.41693028952104894 0.6912036607330188 0.5143068566478635 1.1773096218493782 3.097881521922747 3.998424951774828 2.0603560865543176 3.453061000875414 -5.09386959799337
9.99999948959881 0.018002932229456713 0.05148039063045817 0.012480337934859734 0.03057505479761705 0.15525323428128263 0.19991405159577383 0.17769106489320552 0.008867706270135426 0.13483943686433386 0.02581408618586478 1.1568339532042118 1.0019201325345422 0.6789147664415126 0.5859839230237562 0.44155711862810193 0.44885609908364726 0.20151839432887653 0.42970335368815193 0.6921251225672501 0.5184253186677119 1.177260202686883 3.1174271771011766 3.9982745263387116 2.077770532505829 3.4800936879302067 -5.053096112211051
9.964123353119783 0.018538190701064067 0.052585857616212685 0.013543819435675944 0.02390847946277212 0.156593259419959 0.19999755319441695 0.19672410076848665 0.00901507067795016 0.13936282189877164 0.026434380091611764 1.1359688719657113 0.9721729805744919 0.6763983457837656 0.5812691557546792 0.44040938679522645 0.4413893737271373 0.1996643626214741 0.3980737460371882 0.6753033910919078 0.5035380968113972 1.1417576559532596 2.8782396456699932 3.999992647549707 1.9026645326385225 3.1716457517075303 -5.155468218250102
9.922494411498096 0.018596846905335175 0.050244477421884544 0.012683316523013412 0.03622334261093116 0.16437622337495658 0.19947355744972906 0.17656551078440794 0.008670536305284613 0.13556576544678467 0.025541384672794185 1.1686729791960597 1.004642591487953 0.6791106007735901 0.5863711672058929 0.4441708650832314 0.44618648998318405 0.20339525639630646 0.4081911638672149 0.7008167421525408 0.5328311154148265 1.2256314751528743 3.491211624610112 3.9999999999999996 2.295445293737849 3.999999999999999 -4.937459133201354
9.985092960481717 0.018354975069902038 0.05245458651996773 0.013914657285942548 0.024165691686533614 0.15593733602002377 0.19998736019466123 0.19115351682535772 0.008898943314179873 0.1357878743645616 0.025319487702125797 1.1762773955816053 1.0010719826642376 0.6747366941803749 0.5842675961702032 0.4410056400492793 0.44315225903037897 0.20008817738038068 0.39851462120837466 0.6781240892133553 0.5056671765743787 1.1472648916542982 2.9521307661855944 3.9922288296847377 1.9184085202310472 3.2017722591131395 -5.144523852537918
9.995117332521295 0.018217492238347042 0.05185166250920055 0.010442299684557642 0.03061687501669203 0.15419826871983314 0.19994526018634154 0.19671771897897686 0.008967121585046155 0.13846490609139844 0.02702474514003011 1.126051760643057 0.970950672368017 0.674092258140227 0.5803409906100038 0.43349567342127804 0.4479368443679493 0.19649198504290524 0.41746622071241796 0.6876904134775624 0.5085129131698857 1.1689774994199142 3.0232870937610454 3.999931415062155 1.9862413589856354 3.343887417691166 -4.911261556175005
9.839581560397823 0.0181820031140156 0.05179248066591157 0.012678600025729467 0.029494001361707208 0.1551637233025775 0.19994785980605678 0.17626148412431014 0.008986998081510194 0.13669797374779713 0.025857210588785796 1.1556164456852236 0.9968679035429695 0.6750631717245495 0.5836734238575993 0.4417892248805155 0.44708977031777547 0.20038976243788337 0.40368603344123577 0.6882534777358028 0.5157372805784027 1.1757089102731875 3.0822917061711466 3.999981820236763 2.032644727041433 3.3965713481389943 -5.1010779810370535
9.966676480478013 0.01429268560867597 0.03033290599754611 0.02235134896457549 0.06354561621308784 0.11557232308549997 0.1339148232202899 0.19999945493254376 0.01013893096772995 0.1407656707609519 0.026659837784483748 1.1195243993321489 0.9751697349661208 0.6811023435025776 0.5925191924745569 0.4492474970278872 0.45681443029481256 0.21114997832817287 0.4259522126684132 0.7384020307138188 0.5730564890081914 1.3546823981777016 3.0865761685592856 3.9999972488676474 2.0244321953195454 3.391031541985373 -4.734742899946619
5.880604668026795 0.018336010827345574 0.05362940842556371 0.010756309598323 0.029069497315968744 0.15167408481115888 0.19979533609775305 0.1999737908211076 0.008836141494465957 0.12138970596463367 0.02395633895136147 1.2945431769082458 1.1408789237943693 0.7037941949921366 0.5856700770090125 0.4416114489766068 0.4383071093815329 0.20043319899121734 0.3959322434265843 0.6832620022610876 0.5123970124110815 1.1623758266303592 2.9349793868422247 3.9056171548513867 1.9321712723010063 3.2308547013054913 -4.707706585460446
9.461774007941745 0.018570551138584603 0.05249382275597978 0.013376076595876354 0.02429328186969783 0.1574708211519414 0.19999984823503864 0.1945168828874049 0.009095764428592284 0.13814645823020472 0.02617606201615447 1.1446803618853434 0.9827101969256897 0.6777410601619551 0.582739770040349 0.4400876911157693 0.4419261083219021 0.1995451803953166 0.4011940854818311 0.6770532818695384 0.5043140014285179 1.1425620735199362 2.892999268510053 3.999999986256973 1.9162935809304338 3.18986683222427 -5.1539727010313365
9.963481576295475 0.018407539770538002 0.051931573293060675 0.012831319430961673 0.025983379752673133 0.15620838747461144 0.19998049794700784 0.17478933656738482 0.008991022232447072 0.13970635491914143 0.026381726557922626 1.133551901636042 0.9724201426519733 0.676537459544635 0.5815586432231235 0.44083067103858 0.44202233447844 0.19954232802294597 0.39897131031111355 0.67806229195991 0.506284493270848 1.149963508133851 2.9416193775173376 3.9999999999982894 1.941431958895441 3.2453447784878224 -5.205514238173972
9.998325137178806 0.013190173621547337 0.036321101453650737 0.007032664911335809 0.11211304823372042 0.13501977893013836 0.19519717287052668 0.1999981423176854 0.010559843674642001 0.1421017942860759 0.03252156369651083 1.1184322576107883 0.9883416934251957 0.6937785894096057 0.606661455106337 0.4672740759358054 0.48084456857605773 0.2260974031363316 0.47397393841324975 0.8609422417583311 0.720054795539271 1.8361632023487535 3.9999999999999996 3.9999999999999996 3.9999999999999942 3.9999999999999996 -2.543429158981609
2.6296911400198706 0.019127612924340676 0.06279087499911928 0.007755999550270888 0.01278069413111263 0.14178298404046097 0.199944185473014 0.10507131258967523 0.005292393005976696 0.07353294735497418 0.013678567508758507 2.164301311715323 1.8462520920229066 0.8941655989155305 0.6571818146019867 0.46912626896558346 0.43533203227850936 0.20420387583186894 0.38024151840996606 0.6486160253196793 0.47768213585069935 1.066289101853143 2.1488781356648223 2.756983305557872 1.3972748359705878 2.3088171547839207 -4.4131304524078
9.96143437910805 0.01853358194454237 0.052317067651491016 0.012687873416531416 0.02514451857863834 0.1569126671315317 0.199999884139215 0.17261424023648445 0.00898506590877355 0.13972885003070581 0.026429171649170514 1.1331173308255453 0.9709115464780907 0.6760795930776939 0.5811809152833565 0.4405011374724736 0.4415728092252348 0.19899518602674154 0.3982684170974835 0.6758518742106011 0.5041508792825641 1.1436759279099535 2.8987775165362235 3.999967925377598 1.917389230965801 3.2016465398374763 -5.208762450268972
9.11973589632023 0.018895591110416447 0.05684744244468049 0.012311286102229133 0.00539762567183677 0.14615171731994475 0.1999882911308149 0.15273207042545503 0.008841790819290535 0.13629770809458377 0.025853756219912538 1.16436796571553 0.9894803974802177 0.6747801309937971 0.577130230575529 0.4342036904281199 0.4333985969170556 0.19300294132656812 0.38231547902463636 0.63584872034664 0.4602043076542673 1.012710653091013 2.0973571613307027 2.743495218959226 1.3523261203861399 2.229250786099913 -5.4407766034896
9.569165322984153 0.01877201144165919 0.0567290503779005 0.013507624360582485 0.003618358809050373 0.14489490826216683 0.1999883490276899 0.17872250831237518 0.008924889084903465 0.13756469022482645 0.026102527161641347 1.1493996606774117 0.9777995295320833 0.6743359018279981 0.5766918401589641 0.43417463400452855 0.43223903229973826 0.19389536928163426 0.3820094747555317 0.6379978919620536 0.4588524344731858 1.008088857373032 2.0855990069866963 2.6924708539309803 1.3209572549818511 2.1772933035802824 -5.404857109575533
9.967195195144875 0.018571570084237803 0.05789427910429522 0.013080374979499262 6.044948216273953e-06 0.14100708935067865 0.1999999999999997 0.17187313467236984 0.009072564847855277 0.13494129884683803 0.025588326291618634 1.1723201833348418 0.9986048679662289 0.6707122457862033 0.5747295869731361 0.4330676704638057 0.42977612882162874 0.1917050275932677 0.3770119594224339 0.6284158210325355 0.4502321334843585 0.9829395707958382 1.958221566036812 2.4934943029908023 1.2313843177979464 2.0215724714310968 -5.431870439060869
0.14234252713892298 0.028888503422767716 0.08301929202557339 0.010149831700354712 0.09800141749937502 0.15187473490924897 0.19983775279571872 0.10098027535191635 0.005015532161774411 0.06810469908429474 0.012748975684042686 2.324606715225864 2.1007168795599522 0.8114726381756558 1.4104856788531155 3.3903264669599067 2.3301912449117532 0.809338032978199 1.1644342709063316 1.5950507075300133 0.9169106725149886 1.78203932377013 2.699323583416398 3.460142405491965 1.8005257318832437 2.9948578872376177 -3.2445647531101516
