2.461019654852224 0.02973025148741346 0.014044543169044129 0.012839729026930322 0.029335978458811883 0.1999972059075541 0.19612101561879422 0.19986184311596095 0.05743278742687474 0.04304052708350522 0.04970360564644939 0.784284417203904 0.8385120642105374 0.6146846091772883 0.7204094572533272 0.6286606458325739 0.6678899724434822 0.7660296273728326 1.235951031624227 0.7547834589057891 1.2535662129327543 1.2165889478668968 1.7067477756576825 1.9068600838069563 1.9035786699019996 2.4623210360451413 -4.741409886763269
1.809246156859828 0.026215979614609124 0.005091945579965924 0.00631637928944175 0.0330868915467322 0.17490448375419004 0.08681830116470768 0.08453623199615215 0.046582363577279226 0.03325130306295656 0.0400444789616141 1.007217234954996 1.0521433183016096 0.7224634851680307 0.809811145390827 0.6809128419172562 0.6807006935007285 0.7609539391379261 1.1802082805464367 0.7075421668231563 1.1377855704372442 1.0689735961203402 1.1808465137389337 1.3318210784238025 1.2807036078559384 1.547994591428816 -6.01598603183728
1.552584525370651 0.029371868082640907 0.0026569057953568093 0.002401074193586902 0.09755150301534009 0.1875332667808941 0.08287640656599844 0.07279611130691915 0.04143653724084321 0.031493595659455115 0.03623793452863971 1.1120549024162005 1.1968229203506668 0.8055533369766567 0.9014344636500193 0.7524670793533629 0.7487631085191859 0.8425875809116332 1.3602660184456097 0.8628765833128278 1.554512780747705 1.6661506568980946 3.1304690828477506 3.4725916432921227 3.1185180545545066 3.985831126507309 -5.239535695133237
1.5116684976422645 0.025859807706058086 0.0015662004861705758 0.0003354647510741059 0.11713234791506281 0.1639092825212022 0.06883905843310165 0.05307140518073974 0.0410755167714422 0.031463852562922646 0.03824950197027133 1.0628980793527905 1.2230472746271 0.8233744712905199 0.9103223099325782 0.7599011254869527 0.7608106724220912 0.8627851213572448 1.4037136289386576 0.8985633321071342 1.6582533967153206 1.8286072729370555 3.207260375930294 3.398642507264689 3.298123721226985 3.999999209516027 -5.139323426095122
1.6335902131984223 0.03540850715883579 0.00548582553383716 0.005434533957990029 0.0205104324322472 0.19999999999999984 0.08612058252129966 0.0689087574627712 0.043183674232135566 0.032102438791883084 0.036708152398386026 1.0869878089212233 1.136809497139385 0.7664626830004698 0.8511358971588414 0.7037345704972071 0.6916704807345445 0.759657196273698 1.1697508869239772 0.6959095380964923 1.1114307964585095 1.0348335978407381 1.0677606306155114 1.1706217083218708 1.1659913072653545 1.3799073030068412 -6.071408063301285
1.8720371549786234 0.02505633837923829 0.00430103554911684 0.0037056841649489866 0.07266123250837792 0.19980429149373571 0.10870628913989433 0.09228311933833833 0.04844548695479656 0.034419801604950034 0.043156347204035744 0.9532174905804656 1.0241893194958183 0.711333924030302 0.8111875622576943 0.6882850481100571 0.7021125757323835 0.79887306883122 1.2871031828438009 0.7990421055803005 1.377787068551403 1.3874069198853627 2.6648860261823364 3.031454422628675 3.1618041284789378 3.845604981832634 -5.691261553434855
1.7469154522278068 0.03432462141368452 0.005059395864789013 0.004444299455864247 0.028183637460488863 0.19991075497411204 0.08681431984304575 0.06607735471256616 0.045320228278795775 0.033156260302383035 0.04057301824686795 1.0187735596344116 1.0775237049815671 0.7364629253235941 0.8245659655896478 0.6892915768831153 0.6854156483877397 0.7609626151574065 1.1843586476442 0.7103531565504035 1.1445496133824435 1.0771984874195113 1.2097889025452584 1.3345042913861418 1.3291296072860255 1.581720345716228 -6.0194798196483985
1.475546219818797 0.03683891350381899 0.006257499633863715 0.0061678983556340515 0.011594816115864857 0.1999946720344233 0.08847097772473739 0.06984646613504576 0.04026490240470067 0.03039865389623165 0.034888203489254054 1.1482502283893223 1.2326546287340021 0.8179615630465585 0.893432239582336 0.7309778531782526 0.70225572918631 0.7637018887191269 1.1546442219267583 0.6804351689476753 1.071302328437579 0.9859685628343884 0.9213560891318795 1.017253775930783 1.00022709840614 1.1771137360609703 -6.114194980362757
1.8834100380074572 0.03141661366283997 0.004513773013064996 0.0041580513220765575 0.056405834520734124 0.19999966779095438 0.1057208341214195 0.08937394816345413 0.04748987426949469 0.03452950971437035 0.04231127635941144 0.9715501505537869 1.0158643359898094 0.7062546235061561 0.8041364292102159 0.6821148404176066 0.6935656033293487 0.7849959816304685 1.2588646974761855 0.7743509401907672 1.3113587227504304 1.2969952269013938 2.138616377465634 2.480972868361274 2.5075059099869397 3.044014164443138 -5.623408259571397
1.899661414645285 0.012063234575605188 0.00017562593895791047 3.012671295734308e-05 0.170360050989819 0.0925366603925655 0.08791138384174604 0.10032530268076642 0.047679856487213054 0.03422852594016053 0.0429256759308963 0.959232283612038 1.0235775833043224 0.7206566918531283 0.8349374066254948 0.7201746340105877 0.7593112179885743 0.896579412203125 1.5542319157401017 1.0414436012622164 2.0853180444816646 2.458240866433702 2.994991281245103 3.046533546119448 2.836135166203941 3.665581776840159 -3.330468648732924
1.8240692784049668 0.0269187396624933 0.001369483047888474 0.0001981645959017756 0.10631896228387493 0.17827993905675762 0.07224877530546493 0.05577363694367117 0.04637729328183446 0.034064991467607275 0.041769542685156875 0.9870541944121514 1.0466401298132575 0.7304875813196111 0.8319739316053804 0.7064241848116141 0.7267156677918468 0.8319624237190697 1.3804102452790583 0.8802471728522107 1.6036233093611776 1.7206771098813567 3.222289312028566 3.645076398315481 3.3236230907021214 3.988887328668024 -5.199837524042366
1.6221546395802013 0.035679487028988745 0.005579506455308746 0.005547250401719606 0.01834296051678812 0.19999999999999998 0.08571985227596023 0.06869610870861619 0.0428270833710171 0.03190951144852326 0.03650553809410099 1.0920527670906064 1.141506094510017 0.7687776559831616 0.8541945480716882 0.7064288995272623 0.6913767972798152 0.7597083309551503 1.1653769099949183 0.6918810772309177 1.1023673302586547 1.0212368011020718 1.02311841612905 1.1297350301183366 1.116051800614026 1.3252766779877665 -6.085259081534288
1.7046955172749882 0.03223315096833294 0.004723689112394725 0.00386281387925417 0.05002457703808119 0.1999891572428766 0.09813247612491373 0.07692649847885284 0.04496906140626912 0.033156028021670746 0.04062059526666903 1.0148076786625344 1.1019353565149583 0.7503590584127304 0.8411137701871699 0.7045521415939822 0.7013396261301078 0.7847801391100317 1.2391838231879613 0.7562066013840317 1.2677908466127283 1.2368053200407272 1.8777804588851785 2.1332015943334612 2.1023241402081143 2.423196928244295 -5.729684103920702
1.6207669700893097 0.032741534372537996 0.005720323630246554 0.0055012668742204516 0.05517020972515052 0.19999953259060357 0.12026403422547 0.10139318299155808 0.042827498647769906 0.032260025822118885 0.03748624383279777 1.078278598640693 1.147606533052678 0.7766884902499664 0.8665019610161279 0.7214563796222428 0.7160801731349155 0.7981422236310256 1.2629476227380865 0.775607318879155 1.3161958828331006 1.3102106835673581 2.258462234604394 2.570800338764243 2.6495446280109123 3.2090203523368412 -5.5592282064902
1.6269894088534655 0.03483431907973699 0.005537944685524235 0.005968095355742291 0.02432673870921413 0.19999990643358495 0.09056962513903395 0.07940848583422751 0.043221203944129025 0.03212974403449837 0.03716102382179579 1.0803071006653162 1.14083950190536 0.7686869421934552 0.8517336396408353 0.7064593260593112 0.6949814848227484 0.7662718646939441 1.180532502834245 0.7051095071824566 1.1343913232593088 1.0612642681716695 1.1660751986826399 1.290000169613582 1.2840668260444812 1.530675234046286 -6.019208249253763
1.8170097904320055 0.03091690515166589 0.0035969645234027706 0.0028073040265363487 0.05913853882598168 0.19991123341949535 0.08675958524946124 0.06844626478271566 0.04704017035484045 0.034187445641674565 0.04174964388427418 0.979554237851848 1.0454251898289602 0.7224564595793216 0.8173932498897213 0.690214753514462 0.696443462345826 0.7873113529945727 1.2578581115066858 0.773236354709089 1.3113745968522525 1.294007510990512 2.1407023911901644 2.3754933884868485 2.1117644511497886 2.5666315002396645 -5.699022131138249
1.783693725015446 0.0341894069678872 0.004877133728262193 0.00428760070240608 0.028915228460339774 0.19999999999997453 0.0856056920340291 0.06589829172170808 0.04623102501828758 0.033477173106133386 0.04116434579596548 0.9982544524988712 1.0594589200372702 0.7256594607223557 0.8120040613982911 0.6816152144141667 0.6831196492611376 0.7569079190357889 1.1852857938512125 0.7109927712314451 1.1475621892902839 1.0860994712792666 1.2137934143677132 1.367647329347632 1.335552586676621 1.6030552158278708 -6.017479683049856
1.6237954959949936 0.0349977928151677 0.005551161187042211 0.005205821521546668 0.022871624819962095 0.19999999990166895 0.08947565076043942 0.07055446381575596 0.04327830432013013 0.03217359597078375 0.038216415464739154 1.0656902116642757 1.142040216251521 0.7692680333537639 0.8538106846375969 0.7098660195501884 0.6938536725383316 0.7646872106164336 1.174547415395375 0.7001628940274741 1.1212970208623823 1.046573631186771 1.1119013589065634 1.2633802790692465 1.2121979486108116 1.45836084874636 -6.0467738000700315
1.761888300318379 0.0312814786976859 0.005124484996780655 0.004505391891167421 0.056293009767705016 0.1999572865985187 0.11228798286591288 0.09127109734445679 0.04588119742644104 0.033466514981596966 0.04057350006239899 1.0073998111253921 1.0737936868653595 0.7365592793039752 0.8303749955609162 0.696929784801337 0.7022822909043561 0.7914158356690274 1.2586487033140534 0.7738172832551434 1.3117753613879315 1.3039965568874485 2.167505013959178 2.449432651575411 2.537157461437299 3.0876095773684 -5.620038244956239
0.8510710238256122 0.031897368851625946 0.005572349672966628 0.004988599778653904 0.11156264710881872 0.17456444132412902 0.09847973073065822 0.08295102390543438 0.02646360594880988 0.021127934562345366 0.026586774301137133 1.5436184629743568 2.0096849159400034 1.2624147239598338 1.320339624323573 1.0389597848530459 0.9434198953009691 0.9918857267430654 1.466396230956073 0.8970405046507848 1.6242044003415625 1.7809627490033255 3.127755065525139 3.4036306911737575 3.2675465599122617 3.9999999917046734 -4.5811060112998225
1.5943557551123575 0.02485269489924618 0.0011582715039886143 0.000791069314890952 0.11650952276037213 0.15553774886561428 0.061733339443982196 0.052609306366831386 0.042086447372241334 0.03169009837090181 0.036150784378753256 1.1099840054537478 1.1693606662643548 0.794668703993989 0.8912485293149354 0.7464387263645261 0.7510621013610229 0.8522746422028524 1.4023522332962082 0.8969546177146122 1.6505769329257685 1.8081973868415282 2.9954274480934173 3.184524541226998 2.9565617516039095 3.6743592859053766 -5.171793647926817
1.6236232027428417 0.03419139652595909 0.005587201282144224 0.005005516969183066 0.03041333953155891 0.1999999980931299 0.09568190547094975 0.07453822942290017 0.043551067947204335 0.032238610316493485 0.039625372321866574 1.051596282260841 1.1425208415099855 0.7705979056546599 0.8565996385087059 0.7112359215773565 0.6979946658844786 0.7714577649400264 1.1933001882417513 0.7158746959241729 1.16169180983266 1.099201015160284 1.2946121468419804 1.4301525476032602 1.4452560669703813 1.7112242828794844 -5.96720889954537
1.8616189494870015 0.029694036897183376 0.003821076913428388 0.0031765540469026257 0.07610777166906206 0.1998939090997896 0.10491430328274563 0.09005491713757588 0.04730037020536085 0.03437936013502363 0.04251726222765233 0.9690497945475741 1.033721907945552 0.7185407024603343 0.8152508862540498 0.6918331967979384 0.7072977285528239 0.8047279184454673 1.3097566966356862 0.8186101914525477 1.4333211645253678 1.461963309139553 3.143169190464382 3.572228051209259 2.8122247676419834 3.9635489647633335 -5.3158720148027205
1.8206365092289338 0.03370075685491469 0.004924328919338464 0.004310724814525278 0.03268169306980819 0.1999999999993805 0.08930857104280919 0.06732199120373139 0.046138471819161614 0.03355632184646815 0.04018488449128926 1.0110602336967751 1.0436028649259887 0.7171540455949192 0.8105228019514611 0.6809968996751662 0.6832198843862185 0.7628773829697862 1.195367090787549 0.7198059402563614 1.1694087870069048 1.1084636595991155 1.315943109324066 1.4586875077704984 1.4527431021287402 1.7984620648059024 -5.922569525953888
1.6048993894368913 0.026462917566864225 0.001710100347858435 0.001095487811762125 0.11135570083455226 0.1692662884705128 0.07317663275253865 0.060055047958301896 0.04247204914716368 0.03205420173574566 0.03716978300525217 1.085686126906021 1.1631987891454738 0.7909734996225973 0.8864590868379142 0.7424469406769789 0.7478792752711183 0.8483471138886485 1.3935805690419776 0.8904903596325954 1.6308637440760458 1.773166938485634 3.209747729186143 3.577662711536743 3.255366258480466 3.996990248639292 -5.164333817393955
1.7572739048981132 0.03307350572568314 0.004928197148047503 0.005548506313844912 0.037264961427198075 0.1999992729636693 0.09405346233141713 0.08662737215526012 0.0456359282506962 0.03346473365863556 0.03949887065117647 1.019421950880335 1.0733903344873628 0.7347603284768521 0.826559295131405 0.6938538051444049 0.6913867653329917 0.770715818826493 1.2099360086396054 0.7318192208209282 1.2012878476813136 1.1512791126019923 1.4868489707630672 1.6504584537736922 1.6504217921819686 2.006260886560152 -5.886347177809657
1.8585826348375571 0.03131059214203785 0.0041923294790371535 0.0038098673994985924 0.05128493558496248 0.19999999999986076 0.09240266300732501 0.07599523638023518 0.0467222272147122 0.03421289891222979 0.040508557409396156 1.009966452399133 1.0267806416698542 0.7111732489602197 0.8131758231001528 0.6869057291422911 0.6913900743092424 0.7806413340961331 1.2402254968589914 0.758290360655758 1.2692489158523625 1.2473000897576858 1.8825316818131321 2.0874712287407737 2.09419505697751 2.4212711495772963 -5.776565408389662
1.868202601850787 0.03353438711600374 0.004584267953295999 0.003849882631759216 0.033444388426732294 0.19999999999995186 0.08498733894565952 0.06390393414986925 0.04744824315750413 0.03397610241527792 0.04204845879217482 0.9768487136858974 1.0207089991585858 0.7060887701175423 0.7997237686599253 0.6750792245717099 0.6787524216623984 0.7610010244730926 1.1954877510134898 0.7200876842359659 1.1697402160031516 1.1079836565409578 1.3127105947968156 1.4547749856869994 1.4523171695593124 1.7438844880967754 -5.973503709509206
1.6579920751507353 0.034928630245567596 0.0054066125642834246 0.004983256414536149 0.024454294166107705 0.1999999373088142 0.08833919959011503 0.06802083974652345 0.043801260285969416 0.032422151993947074 0.03824263639473627 1.0638250141658785 1.1225736562790196 0.7590779645838047 0.8436474759428471 0.7012226022440711 0.691314998248635 0.7628255712802844 1.1775277782375704 0.7030502706161208 1.1290836947966556 1.0601899743240264 1.1400211147923325 1.2622206265912441 1.25305799672773 1.4966230745245193 -6.0374336501558385
2.3173485475704756 0.029455990278507798 0.003174539577095916 0.0011214577865767074 0.06845932764714796 0.19999995069908022 0.09609208926158405 0.06379327062976634 0.05314935635406484 0.03673148557249474 0.04738276913593261 0.8711631951466211 0.870203590391848 0.6300529363463662 0.7425388384695375 0.6464270010416748 0.6802278200854945 0.7860441119798397 1.2858941968877227 0.7979907147187156 1.3674941094751931 1.368961647195662 2.4759942123544185 2.8198054056514743 2.917541580093539 3.585562601757464 -5.517026130514553
1.6096845785048581 0.0346051713340719 0.005644662322098872 0.006603452335397349 0.02483134160889147 0.19997402374850096 0.09331718018659904 0.08723504919593056 0.04309203558830538 0.032035467952892825 0.037040579880900135 1.0738914910534385 1.1501432203601492 0.7740076671724907 0.8582197620141722 0.7111866589622097 0.6952032546897365 0.7674080092484957 1.1830131949425882 0.7071969438679813 1.1403259592990556 1.0696432818194033 1.1932741354545744 1.349349103285781 1.3172724950002381 1.5711449670935067 -5.997033654826199
1.7086611902337083 0.03209296444598072 0.00483408908097817 0.005045471527506142 0.05742144626058229 0.19999999999999998 0.10775530608911041 0.09766303855282206 0.04442541410651211 0.03314810301768956 0.038465646679897304 1.043721833366125 1.1006898637522653 0.7509740834321422 0.8447038921754597 0.7074682805987924 0.7084940321802174 0.7956444115110304 1.2649117665015301 0.7784175339293866 1.3240154793291987 1.3187446801997587 2.284988451077707 2.593198825063881 2.682700766162037 3.1803001703536937 -5.57649431413139
1.6272942946165891 0.035937921874460474 0.005537944495333655 0.005516045132851445 0.01668971410133672 0.19999999999999998 0.08346461333828686 0.0668278101787563 0.04266644926341169 0.03182541685584353 0.03643806780260808 1.1055121853000318 1.138233404289459 0.7669492001939098 0.8536092967654736 0.7060384697720283 0.6898674412467477 0.7566922336062784 1.1610788299896981 0.688625670127998 1.0924144995483576 1.0124833654690641 0.9904866939311756 1.088305625740492 1.0674840649610282 1.275365582855873 -6.1014471151557075
1.524330855688332 0.03349369470489477 0.005989232393357676 0.005743572620397189 0.04965465684542146 0.1999856988941933 0.1185571485738101 0.10049327426700225 0.04134667889146418 0.03145678911387303 0.03735365703971749 1.0984346157413256 1.2066874314014993 0.8077868304186252 0.8916070725242299 0.7412037700678838 0.7226074800493344 0.7977343787328055 1.2499033982050598 0.7611248760943079 1.283102500427859 1.2634804216756572 2.0689398308065567 2.349663663015779 2.3618719099180603 2.8587696943013614 -5.613879789226505
1.7923820338353387 0.03167759230714442 0.005059312706614787 0.004093829221557823 0.05587919714671313 0.19999547916921626 0.11182180423857697 0.0876357630301317 0.046068657482963224 0.03370721052206182 0.041243950157273515 0.9967514234774728 1.0581500968751776 0.7290315450029579 0.824636713983801 0.6968740785083112 0.7006179612329307 0.7877705165949462 1.257996254850429 0.7752592371610312 1.31024729427977 1.2957417002825176 2.150660597223824 2.50190247640562 2.5137039860118153 2.9835968655822627 -5.632324460954087
1.6882084279426823 0.032548525541708055 0.004942853562248437 0.004736541644233399 0.04524436481143283 0.1999999768792734 0.09813789476609354 0.08179525762921823 0.04409878120370685 0.03283977810107877 0.037996101374567694 1.068747448145735 1.109152598157124 0.7541728406315432 0.84552418998812 0.7054735452083063 0.7018079545534907 0.7814329332312663 1.2289213387349476 0.7473460198633968 1.2447770752518306 1.208204218748488 1.7356273527653956 1.9391663371113634 1.9620411531725626 2.2786809382945212 -5.788651211671658
1.6036345376135477 0.03301793260798177 0.005819719708309848 0.005756363204521728 0.05794853918373314 0.1999864370896625 0.1259241689604578 0.10950760116797886 0.04242356074673256 0.03214633184134441 0.03740135753867537 1.0883480330849375 1.157557921100225 0.782753046876992 0.8737927684496153 0.7272355214059442 0.7199427886164109 0.8033988724897474 1.2731642351709 0.7843262334029185 1.3395752545807833 1.3455935598670052 2.4429988103951987 2.904944047710761 2.8837859820763505 3.5242581476121306 -5.506165539070467
1.704811829248855 0.03537728176418266 0.005181664730300262 0.0049445841149978334 0.01993389045834512 0.19999780620339422 0.08198051187402992 0.06439623004132143 0.04445125860916391 0.0327545789190025 0.038483421452033754 1.0469267953270593 1.0969946558000565 0.7449595317585683 0.8335623939602269 0.6931600560703972 0.6844786316429828 0.7552963652080271 1.1657299184878414 0.6936368245852472 1.1046168449616598 1.0249885905014975 1.0341649206322279 1.1553165051358243 1.128662312622217 1.3323387501101176 -6.091110815912318
1.6702282985758057 0.034624637341351884 0.005347169677468093 0.005443333827741292 0.025335487428376005 0.1999999999997677 0.08930927078829774 0.07470122169324289 0.04397301486180702 0.03249265981059963 0.037331105381877845 1.0647992568288762 1.1175479398616226 0.7563030774019659 0.8417555380717808 0.6987643189816887 0.6913321299070332 0.7614597403985425 1.1807332731963576 0.7058514128135026 1.1351071150726353 1.069992268775383 1.1660118208814367 1.3300064383214978 1.2771866985315765 1.5391205003818675 -6.025094934120735
1.6831987164424742 0.03542315865091924 0.0053587695931690766 0.004406209470354566 0.020738424215781055 0.19984109304180508 0.08412709303831703 0.060389927273978676 0.043946568512844564 0.032501264931720245 0.04133459148086421 1.0572398717292755 1.1102875747794245 0.7523404996490073 0.8387249141016225 0.6963517294727559 0.6866327680001414 0.757534646943997 1.1670742388604223 0.6945596862786126 1.1051246750741 1.0288595958560975 1.048181699658174 1.1553088273597765 1.1342064583711968 1.3516962170444784 -6.087144664903453
1.6962168482854314 0.03269896702106398 0.005394280102100712 0.005278385820433515 0.04765812982372145 0.1999830754936004 0.11052704668515194 0.09358745978013523 0.04434037064165079 0.03311287596470624 0.03892212256813259 1.0455633513929075 1.1034562167594073 0.7567435408794693 0.8440641530334503 0.7052652918933084 0.703295897539337 0.7860887469765574 1.2415672701700284 0.756997681606458 1.2654155668870706 1.239018995349666 1.8752967605125468 2.1552157845522677 2.15206654628506 2.626826339409116 -5.697627882777627
1.8877735519995276 0.03150388966438681 0.004785903501500532 0.003899450291258835 0.054088169392281546 0.19999998909335762 0.10738313060011101 0.08256632727175782 0.04761906579123395 0.03430154407164685 0.04241585235171963 0.9638858000438434 1.0158309273072317 0.7063596561611436 0.8041714393142556 0.6821101666463757 0.6921088400298315 0.7831008964407621 1.2521971171194677 0.7691611235318451 1.2960887356059219 1.277690548363143 2.0328011800039385 2.2996256674218656 2.363738146508717 3.00093343545656 -5.6118833561295105
1.8002016971544077 0.035482064853612806 0.004991539134493156 0.0063392128707676805 0.015471384991771225 0.19993612563162447 0.07713232470500456 0.07588044836822883 0.045863659461271564 0.03318472617359626 0.0391662613687116 1.0222706743005754 1.0504135337064289 0.7195488146785844 0.8091239287036099 0.6773784050273232 0.6746964583065933 0.7479261939410766 1.157356729920407 0.6874242033269627 1.0875623103745602 1.0030595264183841 0.9609426388112762 1.070858184490446 1.0454914548999426 1.2342004516412992 -6.099797837557749
1.6448093166957438 0.032601098303416634 0.005596178727861523 0.005452381758415093 0.062222082783855145 0.19999970611091308 0.1252588399033552 0.10711330517590358 0.043036447068118815 0.03252118344142284 0.03751555961068686 1.079076181198339 1.134148847089555 0.7704251193982875 0.8617951280069134 0.720539956358019 0.7171609456667338 0.8051622019135725 1.2838224343045737 0.7940839285376708 1.3658819207458892 1.3788951855949143 2.648566464400662 3.0150527065324275 3.146612877425691 3.855571821395649 -5.445432572883155
1.7369940972877955 0.03201645181101467 0.004802252258270758 0.00444349176508763 0.05627844257925463 0.19999999999996182 0.1063973939898067 0.08992106202898886 0.04530342702004224 0.03345580347387732 0.04022934148207527 1.018992803711582 1.084905738286937 0.7429291867045899 0.8307831876398954 0.6993459048513696 0.7031555625215719 0.7886837848456528 1.2594201134468166 0.7739800901546721 1.311700756584028 1.3081323778933325 2.185193916194903 2.4679955918873246 2.555505692799059 3.1062643422860754 -5.599721413430227
1.7704092826801539 0.03188328438782818 0.00412172935520266 0.0032678539693646877 0.0479062215158404 0.19999999965775256 0.08506428364980637 0.0651050185984244 0.04628826606195586 0.03376173163665559 0.04098429274876276 0.9975908215556153 1.069374337557306 0.7317261150994842 0.820269375177824 0.696392053029459 0.695486600370596 0.7794758988188991 1.2283476597543446 0.7480921626908154 1.2414292611307882 1.2015967631302211 1.7314115723143444 1.901455688171186 1.737746881466478 2.0971459985420564 -5.852164756621518
1.7003935866849156 0.03395637629820474 0.005268945179945486 0.005070835853168813 0.03136478293368619 0.19999996955340776 0.09300457336008075 0.07492662957783967 0.044505560763542354 0.03283821369714986 0.038241045300115316 1.0466697365832813 1.1007334454725985 0.7482465514299833 0.8376018371022026 0.6978273515826023 0.6919469212097066 0.7670289509456057 1.194545633749213 0.718039205985595 1.1674008974890786 1.1052298545367136 1.3089064168198317 1.4568556220237887 1.4636253391813172 1.7491328602019827 -5.958400876056761
1.5775587086037703 0.02991675206449486 0.0027559060625222676 0.0026442700975230454 0.09444984244172466 0.1930057558472005 0.08482572754997024 0.07551893340623841 0.04202534149318826 0.03175108905273698 0.036209949940433306 1.1060865144281806 1.1778829133404538 0.7973486446191471 0.8871478126107146 0.7436983381201275 0.7425326962583126 0.8381728788727393 1.358910987237024 0.8574595991249144 1.5364056902032774 1.639881033028005 3.134541703317024 3.4308718654480708 3.1255058555985915 3.983764843258401 -5.283458881062302
1.9222638696803873 0.03369459682324727 0.004414159872591089 0.004029948442157448 0.03076877795463597 0.199395095629873 0.0814712586265577 0.06482268053885756 0.04815151839304222 0.034209815957300264 0.04209807883749383 0.966248542221683 0.9987449905814033 0.6935868408268506 0.7898808404478855 0.6683859877271593 0.6747456656960443 0.7574657601993677 1.188769635010411 0.7146370045773134 1.154793719081531 1.089318619960446 1.2345458312498874 1.4046111981732496 1.369169826538114 1.6427072353477068 -5.993932660058966
1.5446823450850484 0.033424120258554346 0.006231706611839497 0.0062900289670685255 0.055183392750797595 0.1998279507924875 0.1290124998933792 0.11273390995123835 0.04128815196492691 0.03137454929927093 0.03583135054837263 1.124853614735869 1.1935445429824048 0.8019365968435461 0.8891021923562962 0.7366040555635378 0.724983778434329 0.8043615496480399 1.2685324301836767 0.778938379633727 1.3253893980819678 1.3262449918780308 2.359655516927712 2.8008985724850626 2.7805315186519874 3.3889008547744224 -5.512259144922961
1.6661144105601664 0.03227505015204797 0.005002574524960595 0.005276268060521359 0.058098759995072725 0.19999999999999998 0.11042236854348714 0.10058353808039727 0.0435722000555097 0.03273403754184839 0.03770107693150173 1.0692065116463891 1.1234421055467454 0.7633699866591703 0.8533039426390038 0.7138268468207387 0.7119516361077697 0.7973778832933945 1.2680733359803111 0.7806795659317519 1.3306593284533554 1.3265420687054366 2.3491728819608126 2.663341187552607 2.7646728504285054 3.311619027219694 -5.547150078969547
1.7794841756115694 0.0319174230877701 0.004055138508051068 0.0038863885786221196 0.04976705059355449 0.19999999999990403 0.08620950293766932 0.07261714947087756 0.04581011061652178 0.0336811719582104 0.03923601474306933 1.0228856247394162 1.0632128114362551 0.73002408561232 0.8272731500860467 0.6949512897757406 0.6965039096140522 0.7813299877880506 1.2361025867370095 0.7540660256137568 1.25734928609535 1.230786773508942 1.822440561613768 1.9997559137899739 1.828282059741344 2.2229550252763435 -5.802388954810941
1.5322863578143608 0.03301707884333406 0.005797865670361911 0.006023142107562958 0.06276481872144518 0.19981806596442858 0.12585112031134976 0.1140011014575346 0.04116000508444908 0.031405761280212635 0.03619369055482831 1.1143473269919497 1.2027328893133584 0.8077242414329017 0.8955873973474757 0.7414129310674951 0.7310231161239273 0.8125539146302867 1.2877286845752023 0.7954355457275994 1.3693696249153342 1.3884950462592913 2.7422376488526896 3.130618144913042 3.2718275423686554 3.9777627225658914 -5.413806145198027
1.5088476613505024 0.0344574893477909 0.006205245866068315 0.006032772392991902 0.03395829250687648 0.19999999999276413 0.10753662589671827 0.08742497745236527 0.040924198768510875 0.030862741252238663 0.03537054484516434 1.1361444025452645 1.2138002823238994 0.8097481222847652 0.8916816103905348 0.736534699726074 0.7160355472051473 0.7831024060962531 1.2088769799984191 0.7269866113465866 1.191276946642576 1.1431810505103128 1.4612263680513522 1.6282556928084204 1.6462210850620953 1.97782710587058 -5.833800424362134
1.3546966356580679 0.03497377120023717 0.006618459602478135 0.006498510983145103 0.050194721701394156 0.1999968802702181 0.12492797537203443 0.10827646146465782 0.037811147771255216 0.029316076246818607 0.0348308671583967 1.194747385746296 1.3299883146690306 0.8772250136939567 0.9534965237039177 0.7776616274248599 0.7471062648246852 0.8163277162502924 1.2616310003545834 0.7668848117816532 1.2936474479227962 1.2856638394521858 2.19357581555843 2.477480239383442 2.5495759291994737 3.1178692200651645 -5.490384386663766
1.4319532566011994 0.033911368218330566 0.006385236755397887 0.006508094441064397 0.058532013624981304 0.1999979728256082 0.12982768678609652 0.11547735424169611 0.03922907493780311 0.030157045867053468 0.03463208147865344 1.1672301419258915 1.2712659195653548 0.844766698317299 0.928035598040301 0.7619972938181176 0.7417506920140146 0.8172395639270196 1.280631408933888 0.786679587325174 1.3461495384444728 1.3587199609478398 2.5901012526295686 2.941857971591728 3.0750413460595856 3.7460315453328676 -5.417325870823101
1.548058244747094 0.03696116854859184 0.005888826181151315 0.005872670549055879 0.008314118931683418 0.19999999988274011 0.08087182240450255 0.06351298110586293 0.0416086741995275 0.03107321937252054 0.03553610508929175 1.1225651740420082 1.186221910121871 0.7917135748109222 0.8708979488477255 0.7145126390345006 0.693270099118247 0.7536431029068037 1.1435890534233033 0.6725884423564066 1.0520504428640969 0.9631478552983158 0.8443456251913213 0.9266600709051311 0.9059432677367657 1.0706334685057621 -6.16674031304806
1.736886679722239 0.0315981668690247 0.004893920784441326 0.0048705274205741445 0.06623630686599363 0.19998701533171467 0.11673656934854446 0.10374364037005819 0.044625734678534076 0.033380713633586134 0.03884606366461959 1.0385808253938056 1.0870295025730765 0.7450843124384675 0.8407570391089406 0.7065336362123753 0.7122925102198615 0.802476135303386 1.2906299672071848 0.8010282926011096 1.383735202392498 1.4009953481741433 2.768535598265121 3.1562166200449675 3.302907276097943 3.9999500366196257 -5.442098199351774
1.7131406684302894 0.036011263412726036 0.005314008762544097 0.005517070576977676 0.013709355797975916 0.19984040923688312 0.0784591895484781 0.06534625968139646 0.044474333868750826 0.03256282483273412 0.03802203060239219 1.0527456362085519 1.09193979080952 0.7418437327973519 0.8283079478897247 0.6891672383345555 0.6798414092793046 0.7495215548434636 1.152138869809852 0.6823534004445534 1.073390229370936 0.9882630713523021 0.9251899874271232 1.0175002267533273 0.9917235697295911 1.176060597756434 -6.142910489762048
1.616005285526444 0.03486769878420588 0.005624249832544787 0.005483015222606872 0.025256506751288096 0.19999999997620507 0.092053529284037 0.07350198234455976 0.04274840912620657 0.03187730948195745 0.0365185812599304 1.0952871808788582 1.1475350959346033 0.7719213983179837 0.857431250947173 0.7098697099193132 0.6962224138703001 0.7668542631595202 1.1821416682578718 0.7062063441675356 1.138358108759678 1.0678246868461343 1.1770153005827895 1.3033996290870857 1.3075293684814504 1.5462343609103681 -6.010526934153368
1.6793547895849974 0.03425475401370274 0.005323886321738745 0.0054217683849009345 0.027708634268347954 0.19999999998352988 0.09093600793114508 0.07635598539904306 0.04408899979788827 0.03258881715677289 0.03746629430138577 1.062540140069378 1.1124946196107617 0.7537251215333174 0.8421323871873738 0.6993870186522113 0.6917397606948033 0.765963076526626 1.1862329393797133 0.7106435078578058 1.1488327880370743 1.0825361240214078 1.2250018659600626 1.393178752465171 1.3452980652337252 1.6206926660251555 -6.000598969957823
1.6827777090941083 0.03473577410119469 0.005281596388244923 0.005244367142229684 0.024763047495646284 0.19999999999993565 0.08777428366733396 0.0717509570470188 0.0440841356402383 0.03263925243898949 0.03755572638602418 1.0620553784811995 1.1091087360363474 0.7522020973902547 0.8378470888073642 0.6967840149940199 0.6894651011076925 0.7611663631012956 1.1784964222162462 0.7042239663675243 1.1324709076270703 1.0605010189900392 1.146631071298668 1.298343380087519 1.2686509685262395 1.5041302486659573 -6.035382062460331
1.6566433566681054 0.03354800929623388 0.005387261761731443 0.005331898394774674 0.03565933307020865 0.19999999999981177 0.09822424062927437 0.0812577215908492 0.04372335226170968 0.032509066191489015 0.03751240442953667 1.0667880434888821 1.1247407064299537 0.7617283269266781 0.8500119785792839 0.7068896121153447 0.6988413134680317 0.7741896531504712 1.2067605624727455 0.7277786170739537 1.1933201568441805 1.1392772104705375 1.4421523423512146 1.6165426305047603 1.626192116737356 1.9593855218716394 -5.885208694675149
1.7555808894938985 0.032891128461920605 0.004677905382253903 0.003513377884143995 0.039499601190018 0.19999392797419527 0.0896710963552422 0.06499922786733452 0.04599657387083421 0.03351812027726047 0.04192413545957146 0.9881277595665697 1.0740231058194127 0.734448573894949 0.8278393026317648 0.6918095728091939 0.6899325739760613 0.7708832499461831 1.2092444180156745 0.7311793381479866 1.200213157181337 1.1480283202289787 1.4764328025844982 1.6513934185467656 1.6613796648281924 1.9439501903501266 -5.919677151967258
1.6445563484442784 0.03523971646643834 0.005447928334782422 0.005402710263234873 0.021814937299259523 0.19999999999999585 0.08672594109917865 0.0698262401466907 0.043052433336865176 0.0320487246907723 0.03671218370547604 1.0957565287432978 1.1292806484584181 0.7626771268418909 0.8494320645990181 0.7043543163548517 0.6912880603166675 0.7621458761395664 1.1726825692833482 0.6986989688888205 1.1189249471772846 1.0438961013169634 1.0933522607161368 1.2059026435328883 1.1906825296320336 1.4259444344007344 -6.05294481632291
1.5692407553707206 0.03622834540421048 0.005698815270430835 0.005404942199373528 0.01473363420247101 0.19999999999999998 0.08370266243807732 0.06414566481207395 0.04200618215117444 0.03142196793084628 0.036629373069558616 1.1070820744655818 1.1718711002094484 0.7851431094201811 0.8668415665008801 0.7145280873219231 0.6943420919043893 0.7599032398403638 1.1568485906083465 0.6842704185659247 1.0827548381258487 0.997881808141544 0.9500660947508534 1.050122970629337 1.0287791644985362 1.2235016355664063 -6.114994101946244
1.837028847749328 0.03134943295731538 0.0038036094845236793 0.003573200064956715 0.05479946350686126 0.1999999999993547 0.08729446974434595 0.07357017317267936 0.046407922277276956 0.03413669290106886 0.03997381311960756 1.0138872716597764 1.0379700438256199 0.7169167310770829 0.8141464779818713 0.6877920556169185 0.6954946395571561 0.7838315749845419 1.249079374633844 0.7656525883956279 1.2883698268410113 1.2673988404629357 2.0017052793003685 2.203550017044261 2.0195788391904532 2.4562499569160274 -5.734941454720823
1.606944865732164 0.035569826107972165 0.005563834360250088 0.005507257267900003 0.020093896202849373 0.1999997282440078 0.08709597669596787 0.07025441011723939 0.04267933167403594 0.03188466600667524 0.03686703662198887 1.0916703894736064 1.150276254436217 0.7739193965298174 0.8578124227504043 0.7092868578192261 0.6935681054503144 0.7625569854809597 1.169050814188263 0.6955265742007246 1.1099240187576358 1.0323143594875388 1.0596413091572974 1.176217121904364 1.1608978990621257 1.3844530087614815 -6.062603812310305
1.9668543965040384 0.03214849244618145 0.004225735664679143 0.0034647318574145074 0.0438069244314692 0.19999996335717632 0.08876787404676502 0.0688535094428579 0.04922117690246782 0.0346491074719341 0.04348115685655123 0.9424748606383596 0.9801850954454262 0.6868990704530582 0.7849343522104492 0.671565373838588 0.6810962852331879 0.7661389321916078 1.2209901166483221 0.7422278823175873 1.2257240227026016 1.1867625179536785 1.5855958684008773 1.7812434533944237 1.7973692339374274 2.177581709916328 -5.864691840358324
1.4971046943011408 0.03619079952976642 0.006044450876109613 0.0052840543399508355 0.016644137707371595 0.19999679698795492 0.08889651226430022 0.06556233673548825 0.040643023292223746 0.03070893499350949 0.03800094274590041 1.1358763309892561 1.2209027654176203 0.8101428137002492 0.889337920083709 0.728545321482137 0.7038540323348251 0.7661177596005658 1.163062581636864 0.6881569997901174 1.0912893828066268 1.0096708471453868 1.0007294443087107 1.0994030966045854 1.0816866957848184 1.281818685911134 -6.0875257995236245
1.6855942054809296 0.03423783948584726 0.005276280242524565 0.005139883609246821 0.029715016688986632 0.19999999999999984 0.09133999735281209 0.07337420479912903 0.043760876082370656 0.03254225465250507 0.03741238375994267 1.081942570087713 1.107941017745325 0.7521521527702476 0.8396471396627531 0.699681406428471 0.6911101192668929 0.7670174222842709 1.191143344406354 0.7148311707242792 1.1592647141177785 1.0945656160675659 1.2676276048878419 1.4069349433024791 1.4181201704433692 1.6817520423392565 -5.970728730190505
1.6381714510903687 0.03538738625823956 0.005628337594816406 0.00564409632203335 0.019824301480593 0.19999999999999998 0.08913632103005467 0.0729148220132696 0.04326597644808704 0.03220578505864214 0.036959310896380715 1.088190374444988 1.1339162667431317 0.7652745507049743 0.8475863147429239 0.7019862918049231 0.6888702279268673 0.7582275176302914 1.1690451910090085 0.6956200064607799 1.1097146485316383 1.0295006175184822 1.0585632805249423 1.1978762798606435 1.1562724768370953 1.4249979915863336 -6.018674734046632
1.6680667603528987 0.028972402101484346 0.0054250607138380475 0.005045072305590759 0.046701644128833805 0.19999928932994385 0.10567955452807136 0.08678345841705959 0.04461395507366097 0.03277452915309757 0.03890527706320252 1.043030845348296 1.1194791043169119 0.7598204005218767 0.8453116883267535 0.7119741110808055 0.7022787968067029 0.7808091224319214 1.224249029556933 0.743153388139603 1.232241129478709 1.1931025485545383 1.6737702875084766 1.9492002150104193 1.9102312546929028 2.2970143158046046 -5.917554839144091
1.614638232690409 0.030525862642847047 0.0027700933363285817 0.0018264422968126775 0.09316895483673801 0.19814085042129922 0.087280637780746 0.07005629919815867 0.04295356236215834 0.03247326409680131 0.03948034810547038 1.06071160104544 1.1522103283529972 0.7850325791121392 0.8738944396168897 0.7342060199853722 0.7400149714859475 0.8327923667137095 1.3533723282322492 0.8548286331537643 1.5311337582023454 1.6268069947561363 3.1679604129762775 3.498744717213607 3.243071064026528 3.9898000940626965 -5.300163240610126
1.7542889185599508 0.03133096135966611 0.005077295830031217 0.004232305455441011 0.07239282305556631 0.19999240769328927 0.12501791189387274 0.10220215858624172 0.045168944893003216 0.03353725184223472 0.040677687038525416 1.01306236329732 1.0796894731440443 0.7416010162100953 0.8381723533070368 0.7072556631024698 0.7151608049566792 0.8083186950473995 1.3079174131553921 0.8163586745706538 1.4265958367155251 1.461351150128776 3.1450394498491248 3.667396293534813 3.7759870480880138 3.4204901216805066 -5.203820247750536
1.947549600042592 0.030538561238421507 0.004614722584847696 0.004337382468390358 0.06762874112913339 0.19999712282625298 0.11710212268015255 0.10135742758536695 0.047707168674690506 0.03468035024743199 0.04244735325049411 0.9662651151743807 0.992844615978875 0.6950136952853021 0.7967878466416984 0.6802046718861189 0.6988197989489884 0.7959361099276916 1.293682799313966 0.804740592014097 1.3916572232456 1.406210145926835 2.7677103834435917 3.1565241459184805 3.2601549266135446 3.996258837303611 -5.463480076610769
1.459087860246826 0.0327843182990142 0.004093886584525912 0.0032541628134867572 0.06683370598943425 0.19999998463473365 0.08789343271777399 0.0697723783303316 0.04007934382778052 0.031143289412829393 0.03813751578248151 1.0528747626567085 1.254434497619239 0.8336087616627287 0.9172822689791124 0.7601748444985251 0.7368937037259554 0.8191138383514063 1.2837984289065325 0.7908229283901395 1.353893749616435 1.379359219808953 2.194882875935894 2.4236898596073733 2.166876446565928 2.690895025822246 -5.510011866056173
1.7201128900821439 0.03187864569549568 0.004228128914813202 0.003951559096228721 0.05253044916115132 0.19999857208541402 0.09081007043291536 0.0757172621510845 0.04492294246501369 0.03335017576566945 0.038920977142972824 1.043809264212631 1.0911374454403073 0.7465567029294047 0.8397935546692215 0.7030338306250278 0.702883013652337 0.7859726322780031 1.2446169347758078 0.7610605213656293 1.277784964933257 1.2541151896177656 1.9515064615959463 2.141554473043763 1.9742664634814222 2.3794192766118156 -5.738397590150585
1.761314243245497 0.034418245033381235 0.005033394384367353 0.004959252346768906 0.026444908939810177 0.19994081988318854 0.0856794125939927 0.06985061405683213 0.04533106405005046 0.033208178843737425 0.038692559267359025 1.0343329579603773 1.0696986813368152 0.7312682223514478 0.8214629471956225 0.6866773648805269 0.6839053656478877 0.7592261369517067 1.1811251384276797 0.7073032682261392 1.1387526341312377 1.0684529783797083 1.1767352711063601 1.315161902797262 1.2949251580207122 1.531750846367246 -6.03455538157919
1.5735827482331635 0.03436863654796353 0.005284923940774268 0.004435130659212391 0.02822137541622991 0.19999981301406705 0.08780354260879648 0.06525706349192743 0.042320687806445 0.032086174298753246 0.03950478604079498 1.0318019292385152 1.17090272011046 0.7856758160856327 0.868449481341405 0.7205897140557216 0.7015166057998803 0.7691855535784192 1.1833068098702233 0.7083612158799494 1.1408294751584944 1.073051813429923 1.2244980376353027 1.3498646045191738 1.3308832749825494 1.551937470728598 -6.02428051338021
1.6191698329422506 0.033036775707215846 0.005355182795898404 0.004872160535719128 0.04465161401876467 0.19999176644403632 0.10383933584025731 0.0849969457636276 0.043383803519737085 0.03223713746800719 0.03900192672093128 1.0590973406696793 1.1470957129392552 0.7732662170069636 0.861683388290135 0.721103519067548 0.7076442502011379 0.7874123339973953 1.2298739461581132 0.7471528992434218 1.2444306015698523 1.2134701383222597 1.7298634409605724 1.9625279381654877 1.9819224889835214 2.395093732423351 -5.749640621282032
1.7615708099467726 0.03302559101965157 0.0050375080924648435 0.005481889929083066 0.03899139086153109 0.19999995194487333 0.09762725509662801 0.0883775341478749 0.04579252407604631 0.03347358788470099 0.03968628654458553 1.0161813144519065 1.0719308636070954 0.7323716470331355 0.8240343738383347 0.6959608486861079 0.6907890730550399 0.7707286950305581 1.2146960978556183 0.7357410946630509 1.2113066014367266 1.1679835537444436 1.5321166028327915 1.7607518068453492 1.755174999696617 2.0912679220211334 -5.849590692881608
1.820180739027899 0.03235451884179778 0.004444702214716724 0.0034064790437809338 0.04240857651795462 0.19999934055570032 0.08930238935790855 0.06615738690712226 0.047014372503409105 0.03399715985417117 0.0423533311122739 0.9758718704438718 1.043668417074615 0.718686913077821 0.8131179789895007 0.6843492670014646 0.6892561115371724 0.7713052198763292 1.2158657837389952 0.7372843141512967 1.215637229444693 1.168803822282216 1.5563597815264363 1.7377203894980693 1.7456507525634268 2.0496060303325265 -5.901924113057974
1.8335198296877009 0.031737030610140535 0.004349828584180278 0.004055676064835754 0.046476535040517276 0.1999999999999397 0.09172583352149434 0.07558640707224047 0.0467893799725514 0.03411645180897427 0.040236989269622776 0.9989351570165962 1.039140000840753 0.7163647173863793 0.8117198351062201 0.6872417793790551 0.6905779093830304 0.7740494005566656 1.2283723755859641 0.7478760525100335 1.2428222982058723 1.202845326341434 1.716239263857489 1.9151682771624197 1.9347989689094578 2.25737237980083 -5.834298800322783
1.8306702124654115 0.03183254274253357 0.004482793970989575 0.0034211436210448156 0.04424926152964828 0.19999999925465958 0.09104367556213404 0.06762560005747704 0.04687935542644211 0.03401308389643193 0.042304450813017674 0.9780125575163046 1.0363049618274192 0.7162131236641592 0.8162612602211728 0.6876303138500989 0.687826984973393 0.7737585983133948 1.2198836402748623 0.7409396091751365 1.2242545604287574 1.1871888919537466 1.6128274750828573 1.788883987208357 1.795182617839083 2.1037949116553496 -5.8950248631145685
1.8199180387627356 0.03218985181726087 0.0044252429925132905 0.004215549614291997 0.04212287230193876 0.199999946186366 0.0891564411348322 0.07351380656360133 0.04623012567936009 0.03388494271978403 0.039713649212544 1.0188721189818353 1.04559513715211 0.7188851811580691 0.8104428727428779 0.6834345387271772 0.6891872211009971 0.7714512130027278 1.2169146086872997 0.7381532245100043 1.2171168331455713 1.1752828344500412 1.5696777871275933 1.7527040201557322 1.754770580269273 2.0559346154264655 -5.897827543020629
1.380930673063838 0.03296830512315626 0.006461546800769622 0.006163364302635388 0.07252402726776577 0.19999987639573427 0.14139056719777207 0.121114979369585 0.03867202293148298 0.029751837470297058 0.03492829524816332 1.1737000408847795 1.301566118828485 0.8720696199566902 0.9512562419467454 0.7865402419327502 0.7578660786017992 0.84011144383637 1.318567146516891 0.8172136578009327 1.435818838118329 1.4917418719990083 3.466516572367736 3.9747787426931964 3.883902858656819 3.4996496453190193 -5.052511825625746
1.6486080298564267 0.029914224157315993 0.0026635919221446747 0.002345009819024927 0.09360209118853478 0.19655213636229601 0.08604255172521279 0.07407916232655745 0.04337590885221922 0.03260937838119044 0.037634835247512245 1.0716017621001446 1.136167824854353 0.7746461026823955 0.8668800704906547 0.7275341709557626 0.7343967323200741 0.8314995072453086 1.3552887999451935 0.8566652357709426 1.5333548498838754 1.631488099962592 3.1879283902003466 3.497613958588386 3.2277981832179052 3.999993529994429 -5.301735981074011
1.628282525335899 0.036177383240188946 0.005657577486275055 0.005629886510451241 0.015052392735209617 0.19999966147762377 0.08378306955728372 0.06666147499996962 0.042883483057647276 0.03183325240819236 0.036376099652180645 1.097589186715696 1.1377146034631278 0.7664959776918964 0.8495387891444985 0.7031580939826698 0.6888314033128448 0.7565585855744716 1.1581069864794113 0.6856964490483124 1.0835220486394377 1.0036037750334403 0.9631929393524469 1.0564356104830732 1.043725404830032 1.2326810956442686 -6.117934381988974
1.754067084039697 0.033800707907839504 0.0051532008209144945 0.00507623144362043 0.031179036641515168 0.19999999999999435 0.09141264637937489 0.07545147933146193 0.04514584198465314 0.03317173361199242 0.03870826355590226 1.042079319042528 1.0750836374731783 0.7335002555332495 0.8230553467630445 0.690720295195115 0.6853289058065389 0.7650103951444531 1.1935190827728552 0.7177276849441175 1.1654035802817793 1.1055316326243025 1.3055212695429157 1.4657250551096908 1.4344166225644501 1.72868090161271 -5.976688191199127
1.7446913010833358 0.03277200363972407 0.005175301756733912 0.004436481912393133 0.04138035595714789 0.19999996342317253 0.09970505337175571 0.07738962551836545 0.04558975060721977 0.03319564969507157 0.040803159380111254 1.007437445005873 1.0799351780123354 0.7379232961799566 0.8299401123784418 0.6954194617552619 0.6947361752311761 0.7749552783260498 1.2184929636294703 0.7389135643648373 1.2199929307417887 1.1755885961413155 1.5844880333715605 1.7688139242433296 1.8042153528248985 2.1420263941932824 -5.853486417915936
1.79033488709128 0.031770330555483846 0.004750374170958517 0.004490100978906901 0.05758714286415739 0.19999999998751944 0.10752372180242388 0.0915604855371388 0.04557036676441888 0.03371988426194176 0.039787542917101584 1.0187635875517853 1.0598480075151364 0.7293892351545034 0.8255179230361551 0.6950408354387704 0.7018407934607378 0.7900824878286373 1.2637424172010792 0.7781233933728986 1.322634701654936 1.3135197912807564 2.24568826552913 2.541533858511865 2.632492417399285 3.1935458866760382 -5.578304656714639
1.7353410522690251 0.027137699077303745 0.004887960353367891 0.0042989078673888 0.0610903171025951 0.199999999999999 0.10727564306413388 0.088810610279087 0.04611998609776682 0.03335639122056931 0.04073566762789796 1.0006910556425368 1.0860979226692813 0.7431653930571347 0.8376650476019611 0.7030294919644662 0.7047978733751258 0.7930327134474235 1.258708486948868 0.7736026644766496 1.3116643083133561 1.2990487801356698 2.1821438407511144 2.467206345461593 2.548182850658408 3.094195067800002 -5.762747820625807
1.6367471252233055 0.034764261982849334 0.005569996265883114 0.005443321561231868 0.025463190081082363 0.19999999999998744 0.0915114241776963 0.07316715376332565 0.04310248887912375 0.03212554988443644 0.036770696030846914 1.0873404882831734 1.1344513379941885 0.7657121000905988 0.851166238453559 0.70680102390664 0.694991644781112 0.763737097681112 1.1816632985541875 0.7062997040196216 1.139103321145081 1.071355507358677 1.1769376558593039 1.2988201292706443 1.3080396886999646 1.5451066317893123 -6.016940514875845
1.7620415108866625 0.03184871379868842 0.0050704724380045115 0.004996511808833832 0.06034088168139543 0.19999999664336446 0.11808133116950777 0.10284866250256629 0.04535713903455774 0.033792363869838256 0.03968956746563501 1.0213215721882343 1.0726123039517663 0.7379651063035172 0.8332950007567965 0.7006968891573752 0.7067837177871559 0.7946152908396652 1.2744822545127976 0.7872219416324397 1.3464970702116705 1.3517581328131596 2.4393011827617226 2.902164010148751 2.8789954482566777 3.528939422731575 -5.530257851328408
1.8061207374236377 0.0321420178827359 0.0044534119921309226 0.0033050991829688026 0.04357941669871952 0.19999999568391186 0.08993351257830395 0.06598384392826971 0.04684685909494013 0.03392031065859549 0.04246592882861749 0.9768699753708675 1.0501205319630151 0.7223062620068065 0.818278209723151 0.6864307365379182 0.6884812882561975 0.7725096228739116 1.218369306453035 0.7393021398546293 1.2211210440227411 1.1749220147396195 1.5885995236318413 1.7796224729605237 1.787246150180732 2.0871856782198215 -5.8882499870364295
1.789877909534561 0.03141631509673121 0.004896955862142528 0.004176012413680118 0.06340419762750411 0.1999999935766879 0.11651483419900573 0.09409390316726655 0.045761352985622006 0.03397035571633532 0.04117369564359908 1.0039215247553395 1.0607596629259302 0.7307354269560662 0.8273018648817252 0.698957066961524 0.7058279441511535 0.7964343786431783 1.2800452058941183 0.7923125782231388 1.3603962495745796 1.3658778008974741 2.5423259236805196 2.8984458677245044 2.9997501315639874 3.6956901823180406 -5.495733675323958
1.7909841806674565 0.03164624736455045 0.003998629070394369 0.0038767634742971468 0.05272314581188144 0.1999999995562141 0.08838287573875259 0.07529476541155136 0.04568879168389944 0.03378437101804702 0.03933574656316366 1.0351699608855303 1.0592265638637093 0.7278801789968636 0.822180823068097 0.6935800716661069 0.6957320362916766 0.7835538045963821 1.244586524047433 0.7614275555748514 1.2780339161562007 1.2527576875267716 1.9391063087223188 2.137446484111134 1.984043926508016 2.377004893544087 -5.751189408176097
1.7602358542333918 0.03155063189150839 0.005034368559375564 0.0047996542057171165 0.06306393782727687 0.1992953312054587 0.11723704217983223 0.09992767713699416 0.04489399869424329 0.033509545486851804 0.03900630478218047 1.035620363854968 1.075128687076309 0.7382648864419504 0.8342176439577247 0.7018388442579597 0.7082832764429766 0.7979691583952371 1.2812561745125315 0.7930824046070859 1.3623725965218654 1.3699695901726894 2.5725800906526324 2.9252310091371383 3.049607076803582 3.73398734885251 -5.476190325768907
1.691657735522103 0.031950877890787266 0.005099803838561706 0.00505626089257086 0.06551335079922929 0.19992807333007037 0.11907747960536769 0.10548668586350525 0.044037432967026224 0.03303530226611709 0.03857223357196101 1.044964864517499 1.1101326124886206 0.7575427824642699 0.8515664124398368 0.7133492108018453 0.7158333110849734 0.8042579704569076 1.2898731931444218 0.7999056753644587 1.380783255133335 1.3987310995401032 2.7666640311035304 3.15391074494768 3.294951586544499 3.999692064367921 -5.439089531634261
