3.4025472334789155 0.018146260527145498 0.007796281115465879 0.005483848947391475 0.044422596009721385 0.13507115148057633 0.1940448535765151 0.11995419613678675 0.02486796721112268 0.010124923378241713 0.019149325301453874 0.5764780474793186 1.270596893831139 0.8162760627398881 1.3215293981546972 0.7772923044414706 1.071481031786954 0.7835748552883236 0.9222239501902691 1.0272730942181847 1.1712641084738187 0.7597625369391352 0.626198837856564 3.556087112771935 1.2404331723981847 0.83438368492017 0.5119056704449731 1.4448120309320818 1.234050705109676 2.274438393842615 -4.702781785693357
1.5315418087148167 0.02052841100526014 0.00439358597036466 0.007243372839113717 0.05761330586163113 0.17099043350227053 0.10699972262296953 0.1618443475294717 0.030227175949046337 0.011865176346408834 0.01728585236266652 0.3448824370958973 1.929477891994196 1.043745212430091 1.454585606435569 0.8147062737630788 1.0909861689723162 0.7993021593580382 0.9500388678755681 1.0753044734427153 1.2430859879093445 0.8018749892567123 0.6891373659350624 3.9628427987032677 1.3932537154925106 0.9336538727402479 0.5953885658823681 1.6841522907723572 1.4598791686819979 3.0567929488511316 -4.654731546968818
1.7563568562460115 0.02159038194099973 0.0051843719513485695 0.008109458058689865 0.05462236289023084 0.17690957825593642 0.12149235092859055 0.17449435006137803 0.02307143425327724 0.008966774921710274 0.012844855915399769 0.4273373093994017 1.7684519856562917 0.9221655212691804 1.616017115889653 0.8030005438449725 1.0914772273404811 0.8056701426560942 0.9561144279099242 1.0815875179097265 1.2510900281994768 0.8165004891464569 0.6895376964820089 3.96569321359133 1.4004371983258401 0.9379769720602353 0.6058156587659288 1.6912452539048033 1.4661707842271205 3.064910263710806 -4.658551391972539
8.438892606904396 0.018931893911564843 0.0038713481824466838 0.004031774814447192 0.05752822835419152 0.1510654387184684 0.09384533640999798 0.10408640432649034 0.019551381952951585 0.01147662763733894 0.02175888779070693 0.49161084595811483 1.1070830986386202 0.7773033278075705 1.5349025811499701 0.7995756644813108 1.112383577182357 0.8170465489020687 0.9719438911004371 1.0950724969092676 1.2582133224362297 0.8144899687951529 0.6863927561193417 3.950794268760605 1.3812369285484476 0.9199271240442687 0.5851806483689748 1.6489934744750612 1.4195061836562806 2.8175322396371287 -4.851208705570417
3.753722829128876 0.021943107853274295 0.004008948930379213 0.005440826292700683 0.054752445270986244 0.17948984297865958 0.09910132771558212 0.13155976389421367 0.019197684711924547 0.011641354545052288 0.01935470259334596 0.5199530979203614 1.2267438117875515 0.7889246921351206 1.5256420585174888 0.797561865507072 1.1058992700379078 0.8156416255907145 0.9679848325486573 1.0940967943705153 1.2603381044231678 0.8053288468491296 0.6958929121322307 3.932463991974577 1.3928014896859713 0.9315807311065619 0.5982861407793643 1.6665972616173426 1.4482456448949703 2.9657094402132356 -4.795375538831545
0.8283759202994839 0.025835491344123673 0.005710798335930847 0.009624995847345203 0.04777479943057374 0.1979702944478078 0.127342664502863 0.19621951331205773 0.018081195391007613 0.009849663566409313 0.0137527021251913 2.420303479570098 3.0401513941526606 1.4457276330968851 2.079510471643637 0.943835172489318 1.1417470645809789 0.8015085998693073 0.9193447495735055 1.0254120238696067 1.185268982283086 0.7648889916106266 0.6468827192546784 3.728436015860993 1.310026775155289 0.876937870580618 0.5626850533372426 1.5799078837005105 1.3596712166945795 2.838917725078909 -4.399947043384782
4.7244618601806465 0.0174143971478437 0.0037306426781227066 0.004799658550234658 0.04450862028925466 0.12772147116608898 0.0776014983531946 0.10205878089750833 0.028505277919957953 0.01280255151237575 0.019804558948517934 0.32485583120107825 1.1404485044628587 0.7985950175436866 1.306864104740799 0.7741339626464974 1.0623500017598282 0.7711724415120444 0.902029467456775 1.0016834657468727 1.1351926110306914 0.7148250073498961 0.6038105011174539 3.422506924209402 1.1775529509309959 0.7731589191642478 0.4859537324626979 1.3438882385933595 1.1443462626659267 2.009736968513442 -5.004091824710232
3.310126767823556 0.02284393481297921 0.00582844202976447 0.005851939758608404 0.053275970336473716 0.17798870806220377 0.14485491629714525 0.13775692517177246 0.015485177514460213 0.010180559327955235 0.017730983186595415 2.348331124927214 1.3384423628003002 0.8493049855749423 1.528657320583518 0.7945404206057088 1.1080610839969731 0.8139219013313733 0.9732639332428735 1.0980861534119806 1.2673029014689026 0.8392554868152163 0.7048697154483318 3.8306929928581863 1.4030001804341523 0.9381011400230698 0.6088785917496575 1.7018662580281112 1.4698875117473396 3.0932018855830368 -4.7093568465682445
0.5692168350110165 0.025459400619010267 0.006564308053795866 0.010011109523698495 0.048988434758663185 0.1872242828033358 0.13920912716216877 0.198564575345996 0.01988283921636402 0.008604445302947844 0.013810711344831228 0.4882208479623105 1.6585901826505485 1.7345420758370589 2.2443313180580176 1.1166889284299626 1.2659270727845684 0.8451716186510733 0.938838258266154 1.0238048505650406 1.1593476660434199 0.7594320426488432 0.6261355567663379 3.614388317913314 1.2672515335331802 0.8483086198609611 0.5386657159831577 1.531635214408639 1.3259010363667858 2.808471082321404 -4.483908372665161
5.463076102018228 0.017377101744629635 0.0038136548417667363 0.005095949557107774 0.050703927284333726 0.13348590226173387 0.08599612169778299 0.11356102727928696 0.028051883269753244 0.012405632854612507 0.01820640005550724 0.33265758302532283 1.163459064204283 0.7691308287071887 1.3217560670863484 0.7837860962533679 1.0840820859590932 0.7921434000134403 0.9332052963192401 1.0505712881634826 1.1901017203108373 0.749806240281445 0.6405704836714418 3.652836828291735 1.2678378418511467 0.8381450786467487 0.5271861422690053 1.4751373847049014 1.271852814946168 2.352671759494812 -4.959905080151597
4.356277954209121 0.01749206408128533 0.00390636927539178 0.005760938472366454 0.04926715052641646 0.13395915529874378 0.08743475598735499 0.12518957034192055 0.02854494353599319 0.012402734931380817 0.01753755879187819 0.3647356246361689 1.166869793361047 0.7738659649358989 1.3180924125514712 0.7820576312945032 1.0793356465859845 0.7874127015772074 0.9269968347835593 1.0388015095856429 1.1813089789981093 0.7803473267376392 0.6350520703928201 3.620025285463387 1.2554826645059396 0.8297339494893667 0.5249860739626689 1.4622122354340545 1.2525516452646255 2.313698192262654 -4.957823383872091
4.372400316312365 0.02031508815133643 0.004311560989929053 0.005464121767158381 0.03473943222415406 0.14494732799900423 0.08703259089080519 0.10766357100120122 0.022287552467573295 0.0124325496651815 0.01808258249823571 0.5097992193594799 1.1617662222146112 0.8248684322240921 1.2993548794022383 0.76456170974224 1.0446298049701874 0.7548392417776988 0.8770264568449784 0.9688032790235479 1.0923476332590665 0.6884648374892467 0.5748435519995034 3.2182197128787413 1.109436145503084 0.7242289156640463 0.4498142058180136 1.244093830531327 1.045631293148065 1.7648109044021982 -5.0126058178191
5.435527451981122 0.019685421118308306 0.003626618668442957 0.004021273574198693 0.059620883004134276 0.1615859695452289 0.09335032847103525 0.10672326519715582 0.023405509915318534 0.01307227447901426 0.021632206608132427 0.41502083591703065 1.1152323273128841 0.8335974640440889 1.340651316881673 0.8008440479841946 1.1150629811005235 0.8250651622428945 0.9786041709530222 1.1084860718558804 1.2736042963871905 0.8141209813493556 0.7029817647764633 3.999999999998922 1.4140233294278168 0.9453850251585071 0.6053487696662032 1.6937137874545554 1.4758799995654739 3.0375831854368336 -4.881510060332724
2.274401762844249 0.022460996405645365 0.0041704843048450254 0.007068200008335892 0.03975287741399041 0.17112147387546234 0.08808013493815449 0.14333745185845162 0.022522102815611046 0.012385910551939232 0.016156239031478052 1.9525788269399162 1.5154129538536585 0.9061536813203549 1.3401332130750394 0.7738591313156912 1.0548625093374429 0.7678558316527508 0.8992923062797671 1.0021642919472262 1.1389004037026467 0.7243120123746329 0.6122819577342589 3.442207289887081 1.1964139387607444 0.7884124009679527 0.49674934825766276 1.3800247645926853 1.1724576902188226 2.1280758660967294 -4.8424801574310825
2.893515185143406 0.01996241451651682 0.004188323064134379 0.006345576163339257 0.05175236665279491 0.1623010386670701 0.09704862379202776 0.1405178587647851 0.02803994129564764 0.011610370193031946 0.01698237448348565 0.3778020489281447 1.351628839041993 0.807600536498092 1.3328585316545365 0.7834255035769375 1.0856239377911854 0.7972212842941092 0.9436056564495505 1.065369714257041 1.2169765480350603 0.7718728428250793 0.66196094231437 3.796067460006862 1.3229074805345595 0.8791798809602247 0.5576959298541745 1.5654187151106784 1.3532354325265161 2.6330478590769366 -4.85095622558932
3.874104968372071 0.017604788378532247 0.0039005278861721448 0.005757928425193747 0.05136261137411788 0.13689391717516314 0.08894027334345539 0.1269314498230956 0.0290920483410295 0.012424593378955698 0.017404502347332703 0.3469943692211232 1.2082319971862718 0.7797120952779972 1.3209502540176548 0.7820103226866725 1.0826077630277435 0.7922922459258788 0.9347973589090701 1.0517486121570732 1.195859254766421 0.7547972170791996 0.6459430960635842 3.6897412603350266 1.2811227507510428 0.8477504896450382 0.5345810630525859 1.502379173208546 1.29250711138996 2.4325473896672993 -4.941105655702347
0.27044022774974485 0.03050316657292371 0.008413505591574364 0.01122063718737491 0.06024496301439945 0.19802822697519096 0.16203959408582122 0.18338145860617672 0.010843858992431685 0.004148481637404383 0.006524945475654639 0.8973346212965144 3.977569963678895 3.170158276894789 3.8624180115144005 1.8464865613892085 1.8959529479177677 1.1803066554660593 1.2160936142510221 1.2514359213003274 1.3534567852847164 0.8366084976094932 0.6719937646076605 3.843826234899302 1.31964960932089 0.8668012902389509 0.5674662546967455 1.5835345841572661 1.3717519757742829 3.1252693325247183 -4.038133414967451
1.9705263528969126 0.021757902955355842 0.005008775305521152 0.010268747309740752 0.02043738596597547 0.14592423907292007 0.08992166103666087 0.18860603193836453 0.022028517701438745 0.010104178081313161 0.011152055655757692 0.40995819224556146 1.7198049509630766 0.93337146943741 1.533663254757026 0.7590369212840978 1.0100130760710886 0.7205973949253649 0.8335247389902279 0.9132364460909757 1.0224132584520425 0.6454329134962203 0.5302800480592693 2.952555264366589 1.0087945379728687 0.6539317129640234 0.40609057352676337 1.1054451758240433 0.9225121291404198 1.4619097860273798 -4.859934620935712
0.9320826059329267 0.023506592105108106 0.005746060024158248 0.008108770268039559 0.05677163311850215 0.1879320467146859 0.13597771436123968 0.17707404056535858 0.025917175963975036 0.010064205205934271 0.016184737431588565 0.3982197740366113 2.76604731872205 1.2502908499263006 1.7254368573275354 0.9123297165710246 1.1344268448013604 0.8045344458283477 0.9401521525143777 1.0616437370036884 1.2258121606016301 0.8039795859016383 0.6779093984812405 3.942425411263994 1.3979846570699976 0.9423093205862139 0.6011775268973629 1.7070124823207324 1.4933438369622043 3.2567882621616975 -4.501548160084718
3.7676879409757977 0.01756400693849174 0.00394510751754424 0.004999541706868268 0.0586644861198966 0.14308407147200727 0.09645769859858203 0.11967541897597848 0.029359285514508598 0.012382024698335518 0.01888502174691174 0.3318223921942623 1.2222689164147353 0.7855646303388993 1.331801595151045 0.7905293760560991 1.1014780521824914 0.811370770719302 0.9636958847465562 1.0917338712723246 1.2491555169592465 0.7938898242926116 0.6833086918544835 3.9303616754198045 1.3742478886391292 0.9150687578648922 0.5800137671722483 1.6417940987007729 1.424958001063135 2.8392908060814377 -4.8923427707513385
0.2927287336289588 0.03195850074655237 0.009378357925911815 0.012003374938902222 0.03028162398974122 0.19691853935174952 0.16583148562882305 0.1996526409893131 0.011206589257802576 0.004637331852993405 0.007725751470850959 0.8242762806500271 3.1542417889675503 2.938702415610799 3.585119501581638 1.6845937544228422 1.7198955733793568 1.0481112486648385 1.0780136215336895 1.0998588426833398 1.1669648530963856 0.7221114192364041 0.580131389807638 3.2289774342891167 1.0991175016308583 0.7169207869336662 0.44391190557107557 1.2364768145746168 1.0515303731155294 2.0009228938871995 -4.372913884330901
3.093790489510734 0.02210817763128361 0.004254513858411785 0.006372819758725902 0.04707660441750598 0.18087609835621205 0.09584183716951336 0.13846147846793488 0.026013787088028997 0.011231476820573289 0.01657752434963419 0.3573014306989616 1.3804407247269308 0.797620742148716 1.3252932107127957 0.7807642849990065 1.080371580620377 0.7915184099731336 0.9347483358102486 1.054890854518695 1.1992282429572108 0.7575186027719164 0.6494798722729224 3.7136350976154446 1.2905051255055338 0.8546451420455663 0.5445145227404816 1.5164986635914517 1.3087840095098748 2.488496104580607 -4.858014104147343
1.1421726846089295 0.02274117657579501 0.005302228880469323 0.008012382374493771 0.04655281645136596 0.1758990146633356 0.11756460937488696 0.16642824552278085 0.02738112023900386 0.01076681825345299 0.01694856711123041 0.362535016578511 2.362164452686013 1.1084466321143571 1.5754128535479324 0.8509879529672405 1.083570091749382 0.7742451048551928 0.9073589044371128 1.0162389095689761 1.1675393736463613 0.7531503526674777 0.6372491426184508 3.620005336608415 1.2695633960930794 0.8454694226607373 0.535553645595467 1.502106866173341 1.290360974417311 2.535092800073785 -4.62743282377566
3.679497813073595 0.02147559581922922 0.004349998406361057 0.006333140166237325 0.03957102101975447 0.16316658555971544 0.08920871295855523 0.1299358714218419 0.02032979499721679 0.010356798288367181 0.016398669322398637 0.4436938373509375 1.2882139735886673 0.7793146566817444 1.5002593982120005 0.7719907351011068 1.0613800810431713 0.7710812469595758 0.9036420369693013 1.0090383926442537 1.1408763336964427 0.7175844747574548 0.607057404077518 3.447811301729006 1.1903721691354396 0.7838589213981937 0.4910978706506649 1.3626734253998143 1.1640038755572368 2.0624493428602113 -4.882245026711358
5.922004859477929 0.017983358077359145 0.0037067992294599456 0.004888114557255682 0.05437760842854521 0.14214129375464923 0.08831307789343336 0.11455359395418727 0.026315296861209127 0.01278175400378256 0.01911650692032766 0.4134313241758248 1.09593417525296 0.7721380897862385 1.3295864142084803 0.7905232573987416 1.0975946717989207 0.8050561303151889 0.9521658553286202 1.0723651738605506 1.2242621496912567 0.776105108106412 0.6642810059869831 3.8026447405720836 1.3252255900327385 0.8792394728809151 0.5554373506560758 1.560807533304756 1.3483648435699964 2.593289373705786 -4.933535050261905
3.0833820478071305 0.018871934980403633 0.004202778812072654 0.006676104718515479 0.028586264162097287 0.1241701988871542 0.07215365735684227 0.12220271834204774 0.023206823419535602 0.010890443907166501 0.015849126709757383 0.383170000941375 1.3057396325456059 0.8464878557178839 1.4811707375449 0.7541401602522328 1.0202878140425153 0.7333146180531244 0.8455353497335938 0.9287384815767914 1.0392560319119821 0.6464632729057737 0.5385962534809271 3.0171934440170753 1.0274701033255056 0.6668869697888331 0.4118052471657055 1.1304563866323343 0.9466993764936533 1.4967068374338834 -4.994515916189342
2.277893293416272 0.01876977217734999 0.004740360853490827 0.006998641107788651 0.04442480880790815 0.14179790315897875 0.10064828272459364 0.1432655883999486 0.029618279467566393 0.010427499311809987 0.01593848141646985 0.35442188251775797 1.514675454345661 0.8737802841126437 1.3426582293391272 0.7758406468051962 1.0582392915596486 0.7699066449159181 0.9059388468761893 1.0123390181144845 1.151535853568699 0.7307797369252306 0.6157055644737455 3.511817648479518 1.2172506801332659 0.8038525259013555 0.5026876430044536 1.405054820702091 1.2036213438877892 2.1988783843636575 -4.864716438393805
2.622365417072781 0.020066787544961853 0.0050123447951707836 0.006864080033640039 0.04852243829998877 0.15483977623519132 0.11328079867462568 0.14567396574874336 0.022693249449221176 0.009985423484776148 0.014773498144341701 0.39516475190577083 1.4159950092016367 0.8220796582401219 1.5277533885796049 0.781476445346269 1.0780101924346985 0.7888601338991746 0.9398049186112327 1.0474098387709558 1.2034732043995966 0.7768869442890172 0.6483268485954046 3.7163934023845973 1.295062209870923 0.859721007954287 0.5424554962007274 1.5193474972829677 1.3034513527008615 2.5143328730528047 -4.801957815602514
1.7500327977425643 0.020619031450719902 0.005395422519186554 0.006562843313019621 0.04308253079982756 0.1553539765427464 0.11486467407088041 0.1365216880464297 0.027397987729748507 0.009502387427403934 0.01777378182259884 0.3760282738431744 1.7651333049841844 0.9155034288683839 1.3944355458371371 0.7855780822762211 1.0578055648062237 0.7679986486431779 0.9002413593457821 1.0028838193404963 1.1429794519554242 0.7356354998357356 0.6124263737481008 3.467093000524699 1.2117753439531 0.8001081884188092 0.5099841955987684 1.4032285608118142 1.193437400923689 2.2363047442920094 -4.7701701357681
2.6874610742527585 0.02319194060054548 0.004527974312362727 0.003946702343677995 0.04590159022628077 0.1850600009877558 0.09742251767321301 0.09545851002566468 0.020586875539472214 0.010082201476893971 0.023374239313200065 0.43168621806707513 1.467884273070475 0.8154308751529761 1.522100023828495 0.7785190915560395 1.0700065742083813 0.7815380794739697 0.9208426681828407 1.0342114494928458 1.1766899763526335 0.7434733775360913 0.6336876856967859 3.6233246231631955 1.2547530753792795 0.8301530911981986 0.5263065778942061 1.4640668625433781 1.2556309806831578 2.3495079938691705 -4.812609011380239
1.5344190192169391 0.024305571210348265 0.00450006778339387 0.0060303790796827125 0.047841579782877425 0.19995913400380688 0.10262964072653973 0.1359916132535301 0.027805613915729152 0.01196790773122723 0.020562468853656344 0.33225091705142396 2.0283534015611613 0.9639688118930072 1.4426496831144893 0.8051489226606225 1.0720731717825955 0.7798983758008855 0.9214218974242671 1.0400717950797411 1.1885721847491875 0.7551775558838976 0.6469514088081741 3.7131969791499837 1.2951141865860865 0.8620093210474883 0.5493208928642874 1.5333677490311193 1.325582740038016 2.5893046876681733 -4.686846440461713
6.815909211584625 0.024016442573706165 0.0038420899784125696 0.0037527007657358214 0.05278490113622189 0.19966081282724937 0.09372529425615447 0.099443132748762 0.014346351509096798 0.012021637378909572 0.022435297890858744 0.6488177985791801 1.0772535781354147 0.7746803763936105 1.5334657141063572 0.7969605252458328 1.1103883293333592 0.8172260268957762 0.969521988364536 1.0992262841163696 1.2556746427025443 0.7973943317728739 0.685921506561268 3.9417678337727455 1.3774364008514677 0.9172221884577405 0.5852444299132391 1.6395966786193794 1.423943156396201 2.815205260067811 -4.868523412060212
3.9535033619099607 0.018527405730495074 0.004259865826337694 0.004018621394296321 0.053219855904882804 0.143338316487938 0.09581895529708952 0.09833140670463701 0.022902044152182374 0.01053070406551108 0.02216220260858892 0.4082418114918584 1.2599545354885027 0.7814629559269118 1.5149588212001293 0.7845208840523209 1.0873272507156966 0.7967128987015596 0.9410682787438288 1.056925686044631 1.2082423634596209 0.8015575341841438 0.65378381781659 3.7440248680126187 1.3028068683974023 0.8649868164339358 0.5448462774057854 1.5304517291736588 1.3169151020193204 2.5156283927964256 -4.846844861409999
2.191838802538695 0.024374822978971273 0.0046783704446904184 0.007601711275090949 0.0438749003704948 0.19821814140013522 0.10281013932324397 0.1570423801330514 0.020353239000214005 0.009866956482634137 0.013375187104596857 0.45304726362525694 1.549308999516212 0.9194561261581765 1.5512524324951478 0.7840238374494907 1.0733090902460654 0.78396431974202 0.9272944237085511 1.0409002997770729 1.192405745411496 0.7561791711363602 0.6447842135955569 3.7045102221994894 1.2848374703453391 0.8517128027741898 0.5436457308068164 1.513295032162263 1.2907623547901788 2.4980748747226533 -4.774366790530664
1.3747482811741762 0.022126408021533383 0.004362312828724518 0.006497075595728258 0.058589640742981605 0.18509689095098567 0.10750418518891335 0.15037985301730855 0.029082706223248513 0.012124619572432487 0.019409748198239162 0.31405086266601734 2.1890574074721045 1.0181497368953418 1.4951175127243128 0.8300908993006492 1.098301146173484 0.7976730076709824 0.9508116780585278 1.0763352013010397 1.2498595778785495 0.8089740717446117 0.693047393947718 3.977912412737796 1.4063336565176268 0.9426076103775805 0.6028702760177085 1.7154495623964963 1.4696342734682477 3.1664841324813753 -4.591436416422331
7.235850228664376 0.02155895152747958 0.004172004930433143 0.005618174638337837 0.046413398909958735 0.1666540691996459 0.09619287430977874 0.12557165979450918 0.015331219313699998 0.01199965215326754 0.018426342272742646 2.00569280364448 1.1166011249607943 0.8266896654091265 1.5204866829991177 0.7873609016475014 1.0889285856684383 0.7954758817678032 0.9393969953035729 1.051054565588875 1.199503457921939 0.7693606271442687 0.6489122136728624 3.67522971237292 1.2817911082288846 0.8480060695573882 0.5314289521221462 1.4963852865884966 1.275054425093291 2.415213558765198 -4.888915688057818
3.8731452339677093 0.0178059211227045 0.003930883813734082 0.005417706813855003 0.05948777699174806 0.1463925491962746 0.09766464918186973 0.12900997051217436 0.028744272229146724 0.012446695721021793 0.018198895325964266 0.35654709916065125 1.2121585825751855 0.785077641473648 1.3344379774441504 0.7927573389484254 1.1065913312488167 0.8163874802367151 0.9707286752182123 1.1017334602128575 1.2625652633584754 0.8035720728744642 0.6931448425840092 3.989238887360457 1.3959686396123656 0.9305989646878123 0.5925724038060429 1.674880796919807 1.4567324720363486 2.943518314653566 -4.883019823436607
0.6569078891373477 0.026523734067250226 0.007089867053932912 0.009925301555299472 0.03532699582566936 0.1864783974910107 0.1435698630699356 0.18728602647138745 0.020995777945416693 0.007827996897581804 0.01195067103716093 0.49357934742054904 3.7494354894129756 1.669186406833534 2.037095046979359 1.0268362393300834 1.18282158579021 0.804260621193291 0.8897895159906162 0.9711817882186925 1.095099773829738 0.7042731983834669 0.5812673224078484 3.331830522331378 1.1590768426319868 0.7667420484629803 0.47769876670515843 1.3497535718793205 1.1542720536060143 2.201165808959466 -4.481915150544755
0.8899557797007235 0.024728944207163702 0.005896834545370562 0.00888361684877063 0.0427560726310468 0.18722516312123091 0.12595840231218267 0.17751383439232082 0.025021415994071015 0.00973444825429762 0.015474514804264879 0.36706799847583826 2.859737797755583 1.2772859681761972 1.7457571342087796 0.9107752438949838 1.112539847012919 0.7763374950475985 0.8974830872582983 0.9982124738601174 1.1409996421854622 0.7356504128409779 0.6186522085841287 3.5481638962692488 1.2373002727414328 0.8224730209882615 0.5181165111747265 1.4569635640793186 1.2525293216159452 2.462142544109558 -4.5557773727188495
1.8277913069606586 0.024308107092775918 0.0043324413667205335 0.006366411899904241 0.04447458131648374 0.19875820932637545 0.09675152581857416 0.1381406521083395 0.02723692747363992 0.011995558678408612 0.01865729505931688 0.33222202223727976 1.7178674144989317 0.9718415082610073 1.3858724940906 0.788285014012019 1.065368920494896 0.7792059886755349 0.916470341876971 1.029942208694152 1.1752184231755458 0.7450306258021809 0.6400106210144763 3.6361236341007275 1.26518205570004 0.8388784527413862 0.5320196546763449 1.481470510238829 1.2764533137914016 2.4238704027445124 -4.763851689056258
3.559609200756444 0.02093847338743482 0.004150257717614773 0.006087559598011692 0.05404209136203101 0.1666223066764077 0.09943151307893033 0.13836381693801153 0.020200663291751235 0.011248817134006826 0.01691004996219426 0.49923829734571673 1.2487911372688048 0.7921430311232428 1.5234844463505508 0.7916300735367607 1.1021383209774012 0.8135466477172442 0.9622318620124459 1.0853120207336509 1.2475897147063617 0.8066724333131654 0.6761095780476016 3.925767585605918 1.376719519392352 0.9189575765260598 0.5724923184508738 1.6343530743735122 1.418163452189787 2.8494788605794863 -4.80509133164349
4.162459455434931 0.017379856786230417 0.003985736853189207 0.005701144822040239 0.048121880578105805 0.1318666803628797 0.0869446388383875 0.12225331188480228 0.029285094272135513 0.012025730109163421 0.01725238633399232 0.37758289686368673 1.2401199841146837 0.7740604439798167 1.3137749795963751 0.7780548530286037 1.0739480421700862 0.7833091658399215 0.9210030404012557 1.0348659244411713 1.1704199175313779 0.7363356148825562 0.6284033918855606 3.575163762515748 1.2371972921339205 0.8158003449971739 0.513220755899309 1.433869110113055 1.2312610953030503 2.2422069840235603 -4.9558708607192274
0.7048444352407381 0.026052187566482636 0.006588056213270857 0.00961615091272117 0.05244106188213457 0.1999962593846237 0.1496252826342368 0.19911922568682675 0.02254568257949557 0.008730566490491525 0.013639151230492289 0.4211482480204714 3.6650673984574156 1.4952780331190618 1.9872890679633648 1.0132609418033367 1.1959763992408496 0.8245590087849414 0.939498518298831 1.0442739169077464 1.2008764844564326 0.7783135093549917 0.6613677247801334 3.8222801086192333 1.3553716099873827 0.9125212054357272 0.5812686055794672 1.661205651470206 1.4449548798265766 3.164111536393943 -4.412943689690855
4.431188791984385 0.019035802243062915 0.003929614015621753 0.004485298023849414 0.05868301221689156 0.15341097642379997 0.0965749634354506 0.11299866116968828 0.021686217802688243 0.011634306616002045 0.020889300441388398 0.4307117667519739 1.1675278203785175 0.8363064450573013 1.5236977180706952 0.7951616128308044 1.1090745264144861 0.8137478692054682 0.9711705109229395 1.096947789760976 1.2611319655411544 0.8062613423798219 0.6895406621438833 3.975900850747504 1.39469657504445 0.9305537615063887 0.5882759481550479 1.668501202578445 1.4456573644010509 2.9363661770321934 -4.844321863720691
2.0797779140026997 0.022326254986370083 0.0051283214065051055 0.00754958166232636 0.04263380103742568 0.17436539421864883 0.11135839074740092 0.15456566849489495 0.021712923460171597 0.009543620414931498 0.0140962647159329 0.4977865690865941 1.5946763930855394 0.9299757479338092 1.557023518260618 0.7843816671289979 1.0634836973200128 0.7757408996312652 0.913596678287793 1.021796569944349 1.1709400243110009 0.7536994102904938 0.628845078889703 3.58141327863201 1.246040302819753 0.8255150473672929 0.5206314387719126 1.4536174946005436 1.239000935844724 2.337429713366545 -4.775469347355698
3.4962523986255225 0.020143057411217184 0.004037495993725165 0.0037800009388552673 0.05434165021460143 0.16146977085410233 0.09584002440753865 0.09653828023959865 0.024784292845797723 0.012310159505136626 0.022255188345276157 0.42818900346378963 1.2543258553405918 0.8475130575597748 1.3257540379443913 0.785903515585698 1.0929794109833526 0.8038403189470106 0.9487918038527604 1.0672695955937792 1.2201979460864107 0.7789062951420703 0.6716200176998585 3.797158557671709 1.3323417802342314 0.8866444929273627 0.5666933089183334 1.572962476171314 1.360649778182387 2.662435195761712 -4.873619853775327
2.039559883526303 0.02201795238574232 0.005294832414574702 0.007761525071569048 0.039139572905319775 0.16333333347778548 0.11131567090559545 0.15414004907688403 0.021498533077697023 0.009260562796055864 0.01334796811848554 0.7083597457449898 1.612211870414364 0.8770648351311537 1.5534149341402428 0.7796312918872843 1.055804960640179 0.76395467935471 0.899267389494347 1.0010929926643437 1.1412731026331338 0.7277229886288614 0.60615376814593 3.4568763202029094 1.200510379689897 0.7918645376543174 0.49851765188169234 1.3840733144645143 1.1733776385261467 2.1672505723240922 -4.765868659471356
2.5390008188396243 0.01769138068273472 0.00443288766801237 0.006918035047537899 0.04669810640104244 0.13411886931864814 0.09499822249162895 0.14349425706282057 0.031220473723872638 0.010936526026851016 0.016173541423320406 0.29513105255793204 1.4322599104331917 0.8221815191837774 1.3297620813141213 0.7752701279989721 1.0633271534504463 0.7753686249010038 0.9120351968639606 1.0212557472572783 1.1606601312622769 0.7313018724963167 0.6213267077030381 3.542047304326899 1.2285250886977312 0.8104247247803048 0.5091393746314918 1.429991142441472 1.2208744948813415 2.251737623452948 -4.9043873162192275
3.2786579138741185 0.018667432919276264 0.004299585604630728 0.006671141058652731 0.053506429643161796 0.14730308085841376 0.09972218734053977 0.1461702993078834 0.023729728325127493 0.010660945965240367 0.015187883956094491 0.3935981450846334 1.3478338019878648 0.7958604691656453 1.522196368583108 0.7858204525351791 1.0918584128354558 0.8023630821064409 0.9509819885226748 1.0725932982368247 1.2283301515174034 0.7815414031568562 0.6695245446470695 3.8413408730707097 1.340837405752286 0.8928541221634679 0.5653633179057431 1.5896946455266667 1.3741074241794018 2.6977191187153564 -4.812053590399883
6.0932187932037465 0.01756133286437698 0.0037857099020441806 0.004530826375136518 0.05961697196114644 0.14338899290043253 0.09412566100792062 0.11260167653637526 0.027289963658260252 0.012481602941295154 0.019740133943701568 0.3641952292398488 1.1452334440628777 0.774876207311685 1.339057724037537 0.797294787966658 1.1121512263281381 0.8195282736183637 0.9736741738482655 1.1047783613012097 1.2631742241809534 0.8028438132712018 0.6915670031209282 3.977381147491012 1.391179880556766 0.9278074950570955 0.5886512363512643 1.6620956828190734 1.4453503775811867 2.886732386651009 -4.901063096480133
0.6122232730245936 0.02471171512016732 0.0071089068418814065 0.01075844811706223 0.03658812374400493 0.17362947804988496 0.14102545054761984 0.1999976603816276 0.021788028822326708 0.007602270450365347 0.011122032562817073 0.42898980209245025 3.8808845647258483 1.7709437607153031 2.1254668627350912 1.062487113990594 1.2075117011374543 0.8065737007103371 0.8946798293541365 0.9710493822645481 1.0933499970206015 0.6963545591153585 0.5842449577345269 3.316723915753676 1.1491087322857014 0.7606669130885114 0.4838085946435949 1.3435244153868313 1.144449426455929 2.1892081480775647 -4.479625482626008
0.8704564434891435 0.028374735841797304 0.005918262573471539 0.008748893764549386 0.05077986608708683 0.1977153498490599 0.13500352267833782 0.18628424077265335 0.0152779782266648 0.00852902267243586 0.01591362642312471 0.6997395659940909 2.9196398718286587 1.3054936018919383 2.0408695643407544 0.9322294787340449 1.1437301577660164 0.8028028513418596 0.9373275418782951 1.052546627407324 1.216615040088895 0.793727991173085 0.6740378700582884 3.4382309624479452 1.3812714944459812 0.9287264473333633 0.5899635239950632 1.6945639318110697 1.467829317186771 3.192143368579182 -4.482696446406082
5.027336399157008 0.017574155472500744 0.0037507901806474665 0.005619601167108349 0.036223106142854775 0.1214817171938866 0.07088177891561695 0.11015744562023314 0.027981318795130366 0.012603669025148478 0.017633805920736524 0.34239371055525525 1.1206439162441255 0.7609973974890577 1.2966162970105952 0.763628732993839 1.0418008169718467 0.750722794441394 0.8725468885746801 0.9676057978365548 1.082261752657515 0.6729392578204832 0.5663515486646156 3.186163368198183 1.091426137239147 0.7115711961312285 0.4411118043558947 1.2169714572299357 1.0333372004449366 1.69098728008077 -5.062445946944579
4.855404466635871 0.01756227996775113 0.003779668994741007 0.004503966288658225 0.058723497248580024 0.1424294079090792 0.09319541908370652 0.11134414884022129 0.028076311668359454 0.012741707601628592 0.02020518725122782 0.3567530316214233 1.1391573700342417 0.7762712691886507 1.3334564064212424 0.7933119450323891 1.1053160384753595 0.8147026531481518 0.9659471146201555 1.0934116081515615 1.250907531756359 0.7953735854572946 0.6830783673324212 3.927419297729042 1.3746536195754693 0.9153745297557553 0.5802075548871831 1.633331736638739 1.4221625735099475 2.8140732588933903 -4.910870111755766
3.275251207524941 0.019628375802940676 0.004411285176279345 0.005825778713242487 0.053835448435363246 0.15840152368373003 0.10556052440425007 0.13354960880053393 0.026618041164252766 0.011798097031431741 0.01793422175956049 0.38051873829740246 1.285258759406401 0.7957279001596964 1.3311316956667196 0.7863859264298129 1.0932042794173875 0.807400153787525 0.9564554598911875 1.0752066758406342 1.2325492056150598 0.7925845869622751 0.6714224424492602 3.8387092582088704 1.3478624679315911 0.9012972660195899 0.5665459874176547 1.6009612289483899 1.3836819233232367 2.7394375158237296 -4.866996991034398
4.452881124016681 0.017404562506200427 0.003773067321819539 0.004799585232776412 0.04970521410985405 0.13250664230694414 0.08388488417549815 0.1079067810631251 0.028906147068185856 0.012719163271448071 0.01969565623033262 0.3116631394447801 1.1590460329856986 0.8318484045217438 1.3167299445743958 0.779538694916602 1.0766646542405907 0.7857192620345936 0.9243965774782115 1.0392280029672103 1.1758175953938133 0.7400412461417324 0.631233949089754 3.5948327518017735 1.245862481594748 0.8217775012847616 0.516559017536747 1.4441231006162636 1.2432959396869747 2.2735282671387838 -4.979888249764312
1.0463540728536767 0.023953736833879212 0.005777842481361493 0.008785076408441119 0.03923088121230043 0.18057665355457833 0.12168692671052528 0.17302146112435926 0.025696862147365877 0.01015949142236504 0.015019672107472867 0.425543379479817 2.519398424046576 1.1587674524623461 1.6204613304627042 0.8635647187792546 1.0807727606390418 0.7626279247128086 0.8933578817780546 0.9875530894440647 1.1281014954079374 0.7223779238302321 0.6062176764885623 3.429877401719907 1.1994835116307627 0.7931063845906363 0.5001154864490827 1.401465348718057 1.1856808343098686 2.2570117080155754 -4.620378834712851
2.488337024843274 0.018801143211203686 0.004630319095385814 0.00758209789412228 0.03763161026231257 0.13352277576609753 0.09079805912820964 0.1462938506089986 0.024669547428490358 0.009753047717116114 0.01314642373301507 0.3717847180084693 1.5200393637660978 0.8232090709842207 1.5142108308059525 0.7688190376559842 1.0435000703510153 0.7570103251660633 0.8828023405808234 0.9799523767658036 1.1068437519521344 0.6959341061786672 0.5875360922040022 3.314341660185592 1.1413025973925701 0.7482408454004674 0.4677741415485015 1.2930403535295745 1.0988111960046898 1.9016608932704953 -4.8793737072839205
0.7282379022336685 0.026873052353470032 0.007036479173965306 0.00873731350944929 0.0526922221897941 0.19928669105144 0.16044353647900045 0.18415192387940527 0.021149516709897027 0.008527791539009549 0.014043035659588943 0.538162034490558 3.3682853600068974 1.4592267815507807 1.959382812155297 1.004965345391734 1.192834006657114 0.8165188564708733 0.9400970531605147 1.047528889123249 1.2091407463786568 0.7853508423576853 0.6668826747859952 3.6424907106262587 1.3661149134520054 0.9204165477776419 0.5856628682477816 1.6850879145830264 1.461033247307309 3.236492547356638 -4.426308488465719
4.297470936416306 0.020757544385963955 0.0044310400758266165 0.005983176846807226 0.038556665716760245 0.1598700126562355 0.09102671608751088 0.12050193247631609 0.019705857561431516 0.011054627836188512 0.016682509567034553 0.7137880310416592 1.171775465875545 0.7738709315824259 1.4932175933157774 0.7709722110348756 1.0584297015979294 0.766664597127156 0.8984085957078266 0.9957355014845379 1.129572256790225 0.7239025981067231 0.5967684352852847 3.4815743245846575 1.1672984462427527 0.7676403315430274 0.4895377817707259 1.3287334751798001 1.1235726898405283 1.967084963595025 -4.826146714229839
1.9621116053703964 0.023549609206947597 0.004105622796121565 0.0065625617303043116 0.053797707647563246 0.19999999927397155 0.10165974856635213 0.1493951509237032 0.026737008173599218 0.012843360073358012 0.017674914477558715 1.8613102080662816 1.6524547390687578 0.9535623204366317 1.3864465539151232 0.7951253746694925 1.0895482275263193 0.8031462610686194 0.9548251378582396 1.0815727335227379 1.245503843621674 0.7965278844513698 0.6855398932863399 3.952028929825232 1.3866443116438811 0.9272660850647324 0.5945161908249537 1.6676551534366906 1.4491218138127273 2.9717541720339002 -4.693617008609548
0.9788814874274568 0.025476617257205753 0.006592605261510418 0.008185318970511689 0.04182685363769928 0.18599419587132726 0.13948306627984747 0.16861712524367214 0.01868389429620883 0.0065742197409331335 0.01681861194326369 0.5723587613675336 2.655608078818641 1.209202995257974 1.9122342019332816 0.8865837545934064 1.1002625361117957 0.7751153979090176 0.9016365118336569 1.0020983438740896 1.1519708331829424 0.7418721809922166 0.623683690828986 3.449221095986997 1.2487196450829332 0.82767977082278 0.5215494540676827 1.4753261955671826 1.256708504139933 2.500836067778758 -4.516529264610411
0.971956047639926 0.028337934915214354 0.00852597390439555 0.010287364701586085 0.0261994995566748 0.17664418910967283 0.1845041378248567 0.19425728422566607 0.016001231710096875 0.005593019432879631 0.010020016026094362 0.5535079332907206 2.664360406160818 1.2534687258084576 1.9057569980578868 0.8751494965801199 1.0786603525431733 0.7517263845519272 0.8678812370822402 0.9596869626326945 1.089128096485575 0.6962664967372669 0.5807597659839967 2.115822226217901 1.1418433974662516 0.7525206976692385 0.4665305800390035 1.3160296399841687 1.1151555071935784 2.020024992627447 -4.534844666237988
4.9822981999773335 0.019748266863930813 0.0038287065595574515 0.005687667542378428 0.050071120702161034 0.1532737565054781 0.08688949723752465 0.12747300979124757 0.02022647854245146 0.011426769996940832 0.01808864623232579 0.4587138339366101 1.1840033181731557 0.7741407075742229 1.5170396374982595 0.786936177451554 1.0908227018178716 0.7996283183863802 0.9420875237865647 1.0567008245599128 1.2076404246455785 0.7690684370654588 0.6518592783312542 3.7318384205245434 1.2994683077404992 0.86153101872935 0.5432875959887984 1.5202611660842993 1.3064343313745677 2.4868504797581785 -4.857487619000204
0.8975891669604945 0.02467563654518238 0.008552249067726437 0.00982991906959063 0.04056777578390165 0.1858782433970138 0.1861275750958415 0.1984996167333273 0.02452059577606242 0.0056733689103310595 0.014336607067509437 0.4366765523203613 2.845804617083966 1.2770676597841544 1.744856324263205 0.9095906358101513 1.1164078204281875 0.779271124113708 0.9021894790766345 1.0044389809439618 1.1509909293945861 0.7449503371204166 0.63012708707341 3.5630529496085592 1.2555426164654473 0.8368442906495657 0.5365965591733214 1.4939091867680172 1.2785184844865582 2.5785714775635684 -4.471676888021956
0.7183270285353083 0.024371122912740243 0.00702812493044878 0.009722632681814112 0.051994050534491985 0.1870413627111974 0.15558802709032127 0.19953702919049063 0.01792999468977273 0.00740383615264931 0.014212057316881476 0.6178338742751261 3.4154381745766877 1.4776462637024133 2.2473547682399406 1.0012986906402233 1.189640585700833 0.8215643626286558 0.9334321640734257 1.0364467827512716 1.1939166454512433 0.7768429479055518 0.6556038261622853 3.804041698302113 1.3379077141030842 0.898617971457635 0.5771056914353301 1.6332860340941815 1.406161252232958 3.060022233527019 -4.354972158730397
1.0626111611009588 0.02513808565173505 0.005058797675380697 0.008211105143892103 0.04350432945444811 0.1999932487284105 0.10909705835414034 0.16767466922943264 0.026562627361746895 0.010580972681953054 0.0156554241224965 0.3378799177798476 2.634208294922 1.2436281272220222 1.6183401683962844 0.8626734809118697 1.0872231472549012 0.7715355315224658 0.9019269392061346 1.0084949800878695 1.1546823927716177 0.7374836136944258 0.6286218403173847 3.588134616478231 1.2529170195989963 0.8324537049097679 0.5328430563180067 1.4786109692214615 1.2689560662756632 2.4828435064193854 -4.593820551018358
1.0917487142594395 0.023531593785554594 0.006419178193672471 0.008129350781311662 0.04778550484346192 0.1861441989833686 0.14509610630088907 0.17069013592286078 0.026743297730299164 0.009404620027489173 0.015737831469159767 0.4072573203110878 2.446382292369926 1.2252572891414912 1.608172769441945 0.8610064247909008 1.094430631780496 0.7810226827588954 0.9171392436428416 1.0296313999729088 1.18491967002928 0.7682367188740474 0.6547589865405207 3.70606563527145 1.3057705568099327 0.8720064841263461 0.5572306379346728 1.555541083536267 1.3469588847368685 2.7444492695960507 -4.578752098022183
0.9143043256354264 0.02607590285545481 0.007999620255750583 0.009579070643986241 0.04093846217160795 0.18936980575490042 0.17438023211747405 0.1941386180715487 0.020651476508904518 0.006558866278247017 0.013929660701482108 0.6332680262909639 2.8028601237829833 1.3521539231399933 1.728906064096979 0.9096430661819908 1.1177181284286926 0.7823092786418504 0.906063837197525 1.0096038492915431 1.1632768701107359 0.7513911461226295 0.6325568138859765 3.422453116736929 1.268943969002072 0.84451085907209 0.5369294575994799 1.5117891939618362 1.294055899697943 2.616486147088091 -4.464391267529667
1.032837802459122 0.02169811902277367 0.005170513850830913 0.008050571390516756 0.0518674034579385 0.1685916359974537 0.11665787705955223 0.17025555270658219 0.027763426822961387 0.010748529771224792 0.017184309633927978 0.3242048870533881 2.6963870334631515 1.173564006729047 1.6421133071765752 0.8748657813289977 1.1021451869014707 0.785190745377206 0.9180571485171941 1.0303268757966157 1.185037790029762 0.7785258177677696 0.6451630111359214 3.746038684207792 1.3127854364744116 0.8771508101683383 0.5545391810392454 1.568332444344212 1.354816997508352 2.7717220764332864 -4.571288882650356
5.601054555156393 0.017310887274383274 0.003650889382061553 0.004466700600880302 0.06031165757378688 0.1416077382796623 0.09134572086096712 0.11175110191037528 0.027911252142673107 0.012782910623351832 0.020146076674420504 0.35837091353835676 1.1606003113663301 0.7756180154695054 1.3381607486072549 0.7966885488774161 1.1115620567464692 0.8203250642750421 0.9734293697691698 1.102776423167024 1.2638253969580338 0.8046149744437776 0.692119898421223 3.9822624098433903 1.3938559685556529 0.9284185911369237 0.5941036765393941 1.6655557338682232 1.447784129934972 2.8992389959766656 -4.896447523262512
1.9510524234632334 0.021758617305745784 0.005487996319815582 0.00791490808879893 0.03128030612332754 0.15692145468848068 0.10898695170116292 0.14934809549083805 0.02255037290665665 0.009029060661683398 0.013115765681677879 0.4445082259303526 1.6506582022259972 0.8770052886069263 1.5508401307368809 0.772280710193922 1.0352312471430405 0.7440621585336111 0.8666545806550816 0.9587806242838627 1.084689974124362 0.6872023744658359 0.5695640177728978 3.2111259475719387 1.105092726364906 0.723013398442241 0.4542511521881586 1.2437629286617393 1.049371874011514 1.7996813755154875 -4.8425604588989515
3.951623688599167 0.017359014577568072 0.003910152038900231 0.005443369598784974 0.04504467296537265 0.1282056886757214 0.08252960579117924 0.11477160936343347 0.029559751332556006 0.012445921641705906 0.018020847759586855 0.31106868197968496 1.1973714148802301 0.8348445682428502 1.3092507578329249 0.7727203857749548 1.0628104797167144 0.7726722864290889 0.9053907924296494 1.01420843597531 1.142528682592006 0.7160445577646696 0.6088253870084855 3.452234662200161 1.191477164772373 0.7830328583342626 0.49031818705957625 1.3650062774767855 1.169656747532909 2.0664527884659405 -4.998604794622553
7.971700817188559 0.017591324296416945 0.0037393090295887686 0.004184565495760819 0.05963104027384512 0.14329747689927155 0.0929437736398045 0.10690678075281163 0.026443962530712618 0.012411943077810354 0.020666386732324273 0.36816833783967584 1.1132127004125798 0.775666854499835 1.3427256028004944 0.7994408252158822 1.1147827448803669 0.8215793796444983 0.9753835575982565 1.1062961174647234 1.264521731849971 0.8036765511759223 0.6917295347460556 3.9768029136930947 1.3918309079013267 0.9265480376931619 0.5880285014399242 1.6591362269023298 1.4438630916531126 2.8721894355761224 -4.90699773721645
3.274802394036873 0.019238197190359706 0.00412550978283317 0.006052634129058002 0.05572627939164135 0.15587902451898106 0.09934033707285973 0.1387720536906158 0.0268250865053215 0.012018147520475168 0.0177076315935871 0.39086688632436406 1.2864407958315087 0.7970692350793489 1.3340788468354106 0.788808695966248 1.0979149458148338 0.8088580099114256 0.9598746260750753 1.0829597783318337 1.2459239934994724 0.7965687119847293 0.6847954193804476 3.915791508829405 1.3707868917522243 0.9137105740143583 0.5780546251733899 1.6379671563607054 1.4109328109038544 2.823173224544578 -4.858170573988055
1.3992620520379042 0.024813933354439998 0.004594050995920991 0.007593501179796228 0.042408650595031114 0.199998810744614 0.10070308456068841 0.1575084069865119 0.027229173372634363 0.01189064236395817 0.01737700091423043 2.0462715456300478 2.156190126200683 1.0803560356422133 1.4718935486639353 0.8137979852541586 1.0650480737525974 0.7688952302234559 0.9039825650112912 1.013734912465873 1.1577370553713837 0.7341112690605769 0.626657691248335 3.5830168501314956 1.2432192435186675 0.8233636148199279 0.5254006937560819 1.4621456076463686 1.2476531539555802 2.3860392010046625 -4.666484804860109
3.850633555811083 0.019529440759951208 0.003912541684916344 0.006236050598087036 0.05620826798246416 0.15947213885055542 0.09674330923671778 0.14353801231167673 0.024611294356086322 0.012541044320316604 0.017264562060666937 0.45328605014604717 1.2159109553714258 0.8429723651523783 1.3341400726776078 0.7933310771213742 1.1057191152503394 0.8134626546497544 0.9671525277757762 1.0939304124492712 1.2564802678619102 0.8035144311027377 0.6878387150596352 3.9501738292699673 1.3881521509558366 0.9278644277467998 0.587506963413873 1.6576708187031757 1.4394155307541503 2.88981576272024 -4.865523657404696
2.6763363470811146 0.01885231602149279 0.004507247397415194 0.007802489304517218 0.0563816718757467 0.15293361070409733 0.10868476831815027 0.17082214777657262 0.024890571900076236 0.010674096527324062 0.014061752989373224 0.3931153605546124 1.4065753512186858 0.8540127902921796 1.5387462417494235 0.7907888651477113 1.1012960472426887 0.8107763698757788 0.9646501340508046 1.0897788338675032 1.260841610146599 0.8207388917546423 0.6925317122125495 3.968627049260594 1.3962024191975155 0.9323885390719825 0.5983859675038641 1.677469545967461 1.4516279026741097 2.977555900639145 -4.758347518877505
0.6178804954631203 0.0255593392250295 0.0068969709749761845 0.009581109970480183 0.0595491940140378 0.19961662108064884 0.15755471128266943 0.1999997165411783 0.021944148029572896 0.007870868009829722 0.01165961726765438 0.4328784133109511 3.885912443280491 1.7802149365643654 2.155027090398022 1.0844796626020308 1.2566662230615124 0.8555042861147191 0.9673746553527585 1.0716763677539072 1.235744751091937 0.8037533533441483 0.6841201280560291 3.9814435751613355 1.4136037401589356 0.9572716190346723 0.6160996440160239 1.7649731711196768 1.5454888449897652 3.596946604678117 -4.340262729940264
5.621552129408643 0.017506536320503585 0.003759524837152275 0.0042376424322278184 0.05696110982946194 0.13991778387358186 0.09060462562324756 0.10498079438216945 0.02769623289121113 0.012623394212664731 0.020843901798169633 0.34489561163595267 1.1053572781487828 0.7729449589432134 1.33303680798007 0.7924506291291906 1.1014118394048626 0.808679980262417 0.9584145385574516 1.0831071263757175 1.2358840846874064 0.783222776917757 0.6717325051856494 3.8557980491866366 1.345214892811449 0.8934584615790209 0.5654586904470625 1.5956596461473633 1.3800018111240022 2.680425911779293 -4.930541446366775
6.952257458594521 0.021615031740710666 0.0038415925577565653 0.003709641185918342 0.05660680560065396 0.17822711529165977 0.09506009272749423 0.0997447681396636 0.01698748314663123 0.011900131495993406 0.02247144863340118 0.5354086628456056 1.0769201947447038 0.7766470995254516 1.536054083592417 0.799264210049836 1.1152065090026317 0.8210338373183033 0.9767419169813512 1.1047053560020519 1.268305058685889 0.8084398462798474 0.6932526135190433 3.9933492902574073 1.4004170761944899 0.9339127535188085 0.59083946570103 1.6714163506392377 1.4528305376405881 2.9108404370484298 -4.839126481660298
2.6292510238559235 0.02011615204998261 0.004207605633573446 0.00672247667895625 0.0569079679822849 0.16871410717907165 0.10290242039314708 0.15251617220995392 0.02778102489552733 0.0116299646804925 0.01681823775670363 0.3721839990876146 1.4160888702350978 0.8854363033757018 1.3487547899564643 0.7914720629009281 1.099434736452473 0.8111661018970595 0.9654124761000286 1.092506894030311 1.2608827101852116 0.814831390217378 0.6970484448948091 3.993868903977878 1.4001862738967927 0.9400879397883085 0.6037418793710242 1.6868574756143409 1.461078987025958 3.0057117034514294 -4.792851274079333
2.6595971655708857 0.01749573813838701 0.004361898961939078 0.006670472414450026 0.04214952044579019 0.12785561301501552 0.0888939661147045 0.1345720273431833 0.03129859243237526 0.01115696010359832 0.016444055702214386 0.29323072439395875 1.3980550062549604 0.8757538700951885 1.319309418049307 0.7684850829036465 1.0507638518051028 0.7625215594884045 0.8929913466832781 0.9986149670116735 1.1242536524526403 0.7048438587246711 0.5973463039990186 3.385631442602699 1.1689119553408867 0.7685515670466373 0.4791878980393621 1.3326677289050406 1.1411424710183526 1.9958310237698866 -4.955249354090633
7.795216719162103 0.02229478653031104 0.003800878004115309 0.003845757863796601 0.05565190901877984 0.18429599606665864 0.09368243234044955 0.10151801490318807 0.01560423795987736 0.011914623213000738 0.021843280200446097 0.5983817532802984 1.1138272834267169 0.8335106238957578 1.5364073784307821 0.8021013612925897 1.115998508356883 0.8198968403621875 0.9762827507398161 1.1034794318115067 1.2666750950960097 0.8076071617568834 0.6928899031929634 3.991053452574014 1.3960119823471004 0.931446282306047 0.5947492901160929 1.667090016895113 1.4443013078075064 2.9064528115051815 -4.85184109261701
7.998644575034838 0.020062997340616243 0.0038844061112312755 0.0037277366714929846 0.051812596160561816 0.15651093466009702 0.08967624608413628 0.09419029089513549 0.01809308268837767 0.011812421191350075 0.022520656284999403 0.5309261415490386 1.0611868665299036 0.773272865336571 1.5259311660042005 0.7923569568188191 1.0970075412872438 0.801812558742685 0.9486643611132719 1.0661861390913747 1.2170290440786768 0.7727668343724725 0.6552804165958737 3.7591335108368478 1.309619627109857 0.8683288157800036 0.5447135749678816 1.535926352186684 1.32056981310347 2.511603668973487 -4.893797945898246
1.7902415984400883 0.02551114961398588 0.004450081628777655 0.006296735510720948 0.032885854625584736 0.1994051003844725 0.08834163705457736 0.12668835234887113 0.026383108564716002 0.011718675963672162 0.01903146170971629 0.3566564336829998 1.7366726505473726 0.9726884800442539 1.3750339968445864 0.7784601205648881 1.0383838584317022 0.7487170475180258 0.8740565121739993 0.9717591700514722 1.0978386226642391 0.6883336906698295 0.578068039191624 3.2950887682638887 1.1323899114616167 0.7425951730869806 0.4714778538876045 1.2941098993180402 1.0898132142230108 1.9000139577153554 -4.833344058288489
1.9447920079654173 0.02084276510933494 0.0055625839515342085 0.008602206667660699 0.038364416832918816 0.1542877754005069 0.11751082051763556 0.17074501515446988 0.025199222122654324 0.00964288826236964 0.014568888261680265 0.47513025458448455 1.6573301713514117 0.9452188836635171 1.3677111112521294 0.782979740482619 1.055740967519075 0.7578280551530235 0.8941003566668454 0.9952941033635841 1.1360590490332858 0.7260824752872975 0.6093464535886287 3.4335160782234335 1.1912393478389511 0.7858878840108943 0.4933238967268769 1.3645618047344383 1.1622957090084147 2.1036512824258047 -4.793177668844546
1.142561567146282 0.02605298021922103 0.005009803833370189 0.007356667583711814 0.051272587932054234 0.18539032056922633 0.12231088409847356 0.16341535486161407 0.023813308328962658 0.01109185621124933 0.01849127405078071 0.3652663116014527 2.3659496911325255 1.1114919199547133 1.5859249951390249 0.8555450292266096 1.0993574635198113 0.790181831057146 0.9334325139656001 1.0550571154428228 1.216021746004258 0.7795580886625834 0.6711910225449558 2.696933644653283 1.3637441551724165 0.9139401617513706 0.578748838313809 1.64843080444547 1.437472136000145 2.9822723860456133 -4.573280440469563
9.234090356615939 0.022583004415369496 0.003357321461242627 0.0033330248626845375 0.06303890470108768 0.17764880167625846 0.09332071013460874 0.09976321772888382 0.01395673505881884 0.013490151395538096 0.022572125965873643 1.7974021585955324 1.0589018641838412 0.8396077654247607 1.359509924304251 0.8119422767917269 1.1400924317130605 0.8457563356316942 1.0111669493844677 1.1517776270320166 1.3306109733222415 0.8540253341553916 0.7387487206801107 3.999990015434966 1.5079675170402544 1.0116968416262757 0.6451415235595246 1.841950020960714 1.609699210018789 3.419741203414895 -4.865194512786964
3.6208251441395616 0.019597824007137724 0.004028668196670164 0.006101004191179064 0.04423253482627682 0.15128433970851488 0.0861766890349607 0.12833111825118373 0.02766651758865982 0.011835237334251798 0.016966101233222806 0.3390593047703445 1.2970063858860186 0.7808958329990092 1.3126012371844156 0.77492974887018 1.0673708140380571 0.7778826638284079 0.9127680900985671 1.022130867358825 1.157751046705537 0.7278517698655331 0.6198286576570666 3.5204461182976696 1.217239803518292 0.8017181544222075 0.5050404575024381 1.4064237887149875 1.2009823588764934 2.1751594467003925 -4.929370575610434
0.3065253377794553 0.02907021561923914 0.009442394964171269 0.010823388740818575 0.06327599022409737 0.19517318293828548 0.19122489928623976 0.19996537796245084 0.012055858282793654 0.004643271260984135 0.007847836500219942 0.8536033473326405 3.4607041210339307 2.9755911419093968 3.5040615476653167 1.6918976531017516 1.765981108187426 1.0923917267125516 1.161424555453165 1.201165810619725 1.3085346461102887 0.836048456894035 0.6672420134758075 3.9245203302421348 1.3502896314824633 0.9052298841322377 0.5936392398238618 1.6810613221551942 1.4653201219695946 3.5848528470534875 -4.073802615885141
2.891887254061299 0.019064412040921526 0.004338721055798043 0.006698567179022891 0.050919734169119386 0.1479010679605394 0.09827413051380315 0.1443407345544845 0.023347535021633375 0.01075280288256662 0.015366711815895545 0.4607318764670111 1.3526592436798013 0.8081535762579488 1.5230862109214605 0.7819900692126915 1.0821169515025186 0.793435464443358 0.938285102363585 1.0557240561238537 1.206834930392815 0.7670032764701014 0.6543514197039246 3.7501215858092065 1.306585324561956 0.8680114488016769 0.5473224685783993 1.5387159589859591 1.326808300759121 2.5565895229312168 -4.822324265879602
0.8092499048667835 0.02521820132187028 0.006764743923388884 0.009520161573193978 0.039711757909018076 0.18620422770234604 0.14352930789510104 0.1867093520512763 0.023344464769409445 0.008653737453439293 0.01325059147619049 0.6753172053690217 3.089493372900763 1.464468769575509 1.8269978912296176 0.9409071636755614 1.1301907944778762 0.7821449714183458 0.8920911650864484 0.9878537775959769 1.1250242767991647 0.7267433275086858 0.6103356742071254 3.4777811867232225 1.2136291717915593 0.8073465876414423 0.5142105051052741 1.4293554009400677 1.2216973611330442 2.3887381789410345 -4.499970517971877
2.7777546941434226 0.017475796092395402 0.00431229511756144 0.006682929779482858 0.04427255550647241 0.12983744349973647 0.09014665492750988 0.13711149354102434 0.031148472100009976 0.011358981530893143 0.01654338838779307 0.29449836196285206 1.371205169326569 0.8699925694276283 1.319562424112669 0.7710606485788408 1.0575535225911168 0.769283364496982 0.902235306701499 1.010852302976707 1.141077048710637 0.7163136123755718 0.6090273222399148 3.458417088004425 1.1945389067163 0.7873777909731611 0.49257414427957824 1.372776395746389 1.1765070590886115 2.099311742154175 -4.949482440265513
3.899713576614925 0.021257954332445487 0.003990562281710451 0.0053969455222466186 0.06214374547635032 0.16892649562292317 0.10503190626212193 0.134990209417588 0.02272394539314812 0.012127117556509227 0.018278836211633388 0.4425535537172323 1.271635312746029 0.7888955994992061 1.3448578168099194 0.8018784693804246 1.1254664609627405 0.8351613783269944 0.9993238417017697 1.1392933365169629 1.3154057691554686 0.8449150607083336 0.7359371475733205 3.9454491418596125 1.4947987588130764 1.0066431443721313 0.6412994939008506 1.8210067041997524 1.6006052090823624 3.4087463979904506 -4.8100917154505485
7.084505656300481 0.02356255465124966 0.0037981805959017667 0.003985413475087702 0.053035164738696905 0.19560776061210067 0.09260313642167585 0.10285764866263705 0.014818422274379118 0.011907125471844632 0.021484168526375125 0.6252008929799225 1.1233862090158888 0.7751771602357354 1.533870165965288 0.7972965633637907 1.110883744182678 0.8175222823938009 0.9701190449707825 1.0990021225553994 1.2561722029260114 0.7985019518636006 0.6859386512912691 3.943353236195765 1.3785271847186316 0.917944370749049 0.5867830195534784 1.639750081475924 1.4233814667422306 2.8154539984131732 -4.847027709679252
9.1744063720281 0.02244543892598797 0.0033961357006565105 0.003435499514565601 0.062475053395669194 0.1764338333788404 0.09312507812390955 0.10157696334257325 0.01335801312011524 0.01331480916373754 0.022799244346010546 0.7263250548242483 1.058241316712467 0.8396262865423129 1.55508029869019 0.8119610922763535 1.1385414501892472 0.8441686718595683 1.0080096064188435 1.1514254195105011 1.3248020736631356 0.8470520437250312 0.7367002776840316 3.9999999999999996 1.4981410669476627 1.0059045505375406 0.642506694856486 1.82289042150875 1.5986709838307185 3.3760723014073575 -4.856326392069033
4.96985360343235 0.01754766179945868 0.003865897503781537 0.005275967574444765 0.05932131981553024 0.1438331242970192 0.09610310615298968 0.12590577227498742 0.028161577722081797 0.01237910766321338 0.017987394988720238 0.34160758527142887 1.1890662756097592 0.7764799406387426 1.3363083643742293 0.795542204736661 1.110257371942921 0.8186152760647633 0.9730534665677727 1.1050050176837942 1.2636828679314458 0.8032704459339968 0.6927622638219164 3.985124718113207 1.395230131379074 0.9311392728104004 0.5908587537323851 1.6689770982635328 1.4529014521206867 2.9138028083159107 -4.891637406464356
2.4221099023875805 0.024547673268574467 0.004180063124871322 0.004558374919369398 0.043586704257103905 0.19999999978247082 0.09181472580693974 0.10483929595000452 0.02474797548446518 0.0121705132477893 0.02198903242005143 0.3691024713102653 1.54416036706565 0.8352421325928333 1.3380290421362144 0.7769454021012626 1.0652616135273332 0.7800769172169951 0.9153102396477074 1.0278052235184305 1.168036341077713 0.7392473135070456 0.6301665692892409 3.587690947229185 1.2444642501845382 0.8235820840586627 0.5247963669696872 1.4466881017221904 1.2421293800324515 2.299170331168626 -4.814691787343142
4.987541397215612 0.02346188297599352 0.003758059324341398 0.004436924223414743 0.05389455306174031 0.1984409038020525 0.0936044041438118 0.11172309592152008 0.020067866058271662 0.012813900296508423 0.020660015080080335 0.4720927816947664 1.1323410659193924 0.8352412074158141 1.3354935284106928 0.7949505699132776 1.108826303566165 0.8169726708105386 0.9701836408623999 1.1022854801230253 1.25977428439509 0.8000251745440605 0.6903193599675225 3.969087170527736 1.3858751404059204 0.9214028364053722 0.5925939558794671 1.658422242311783 1.4414433494039651 2.8815627872342793 -4.889050518441367
