4.4956124469254855 0.03260735182243485 0.01154342282016889 0.004830437831681685 0.08829015031262419 0.17357862763577872 0.12305465188025547 0.12452166044227826 0.02025440870099172 0.01559847213804477 0.006105696615606301 1.3181155270843516 0.4864836730093698 1.659155876426112 0.9052109325502652 0.457376914838023 1.1017759030861998 0.8065875527575872 1.2959998816956995 1.393084861734472 1.220177498812681 3.3085827875021545 3.9996265756818623 2.741011160108589 2.203285927502771 1.8435969570924735 -5.303598989665806
2.4631335990751775 0.03401222421804763 0.010404633946745331 0.005593991947270478 0.09248320955079135 0.16849022568788727 0.10977996669525211 0.12672680450947454 0.017454024955065383 0.018248236747891732 0.004998602157249348 1.5590652165726173 0.7090151562513115 2.110696782967646 1.030007871931191 0.48942089815911477 1.1103520324774856 0.8030307628872076 1.2814890976060072 1.3861645668546811 1.232185807798644 3.3527963719012206 3.7719140700982767 2.5908651829814833 2.029778097475099 1.7242335924507124 -5.353581530492321
2.3515334316674803 0.03494686994205256 0.01077288908621645 0.005841220158968181 0.09147062965778904 0.1747385886802968 0.11459234755959938 0.13493548391919874 0.017175259839159396 0.017816261844755838 0.004845209446449381 1.5837732824908204 0.7393686548276938 2.135565173458182 1.0467513263355177 0.4927627879955753 1.115633784626355 0.8029329980354756 1.339739855986653 1.3842403842407116 1.2224781154696662 3.35611878788487 3.937389797588921 2.7094812779376443 2.175400835171471 1.8262387707698162 -5.394218043856291
4.532732309462225 0.029591151222093832 0.009547525725565616 0.0048332001543096815 0.10430801314331192 0.15231589607170706 0.10275675317403991 0.1166734616588098 0.02086088830567938 0.01645842644871729 0.0059207854836784354 1.301484525903269 0.48207643162517066 1.6615704598679781 0.9095144637977719 0.4616948316043456 1.1165163822832247 0.8277214674378551 1.3373412597428613 1.457079652450887 1.3001270398063398 3.6035716843107775 3.9366828632089925 2.706385378696922 2.11604178670028 1.7603785875762803 -5.2503847330783175
2.7570115557341404 0.03895466272376567 0.01237856719393171 0.006202089068061736 0.05977024429496898 0.18331550098858929 0.11501654338497232 0.12836334656522655 0.016487554556289835 0.016902869184867508 0.0048052432882757685 1.6632398808572257 0.6583082094675254 1.9821785289340008 0.9814265144816079 0.4686892521506794 1.0746835317795194 0.7721764022814843 1.2068314130371895 1.2724127895991022 1.0696295460633236 2.7885127987022864 2.7204536479203885 1.8443379386375898 1.437772243412652 1.2016485588862371 -5.570030276919352
1.825529361114412 0.04444612363970759 0.016947616047895554 0.008195825415235461 0.03276884917193851 0.19760739503064004 0.1698604733114555 0.19772486688800658 0.013469063729416805 0.013907402354793437 0.0038145243055358546 2.0549825930102563 0.8926141151056107 2.431458942162862 1.139189702769662 0.5190431893242357 1.100927813385838 0.7593728073261916 1.1968654875095452 1.1778834958859736 0.9696228684581295 2.4345439410653382 2.7890721022124123 2.1229033650677795 1.7588743017366728 1.5952284711823506 -5.520492473071872
1.4757749038792034 0.04420151453214964 0.014500285910830099 0.0071042732943723125 0.04971902140954822 0.1996582871098512 0.1289148977709071 0.1424370776597607 0.012408116052805741 0.01407758012345548 0.003606898699898316 2.10893454240066 1.0517466815718883 2.796569070748101 1.2731321072230501 0.5642183607848623 1.1617751733773998 0.7889863388318027 1.1754692580504245 1.2209749592810952 1.0216607022903246 2.6429257516193183 2.6601247711044937 1.7848191223480148 1.413320206627215 1.1926062395774482 -5.53302955026654
3.4521499318306375 0.03684274287078328 0.0165203354252847 0.006916535961524203 0.02805137483172803 0.19999998202421068 0.15401511540794724 0.15888818507367442 0.01917047533041099 0.013583306659937894 0.005174050023975967 1.4822902899288513 0.56660321380622 1.7894086786598982 0.9131764930119456 0.4457549542181754 1.0290748170411346 0.7389482281893478 1.1253489123106832 1.162039023501179 0.9181735534737422 2.2557568311784837 2.0810018941271347 1.5298187202177727 1.2189424089238132 1.003645333688725 -5.917844743643072
2.123443677800575 0.04136380667526744 0.0168583725537931 0.007829223682534327 0.008726544588749585 0.199999992379001 0.14215934675278558 0.16066480594227595 0.015719091157078476 0.015602517321166237 0.004270758416959428 1.7615150478491917 0.7913067386468496 2.2097658463402103 1.0519640984099217 0.48530820622320875 1.0453361177362215 0.7228394542974057 1.1210146249171422 1.0830561797248748 0.8380775919201634 1.9988243121871747 1.4752886273938226 1.0717056104238283 0.8583543295608739 0.7779105816111441 -6.07979405609031
2.4496246058319047 0.03962647377228771 0.013127263329137072 0.007333051145903004 0.021280737997442453 0.19999999999999288 0.1316061530554074 0.15930310531533784 0.017158511911974268 0.017746948529898627 0.004729501052862559 1.5810405545962998 0.7059221681024135 2.0780251374892855 1.0016391613853641 0.46959884870172597 1.0369559957988144 0.7283367973879655 1.1445152831613783 1.116316019131483 0.8747459597721975 2.109385994056869 1.727664534717395 1.2767345466660067 1.0284442451058065 0.9173877366065127 -6.042248714593052
1.6433366967080687 0.04119988043107688 0.013279576190280647 0.006592859247038197 0.07220065928785493 0.19994288604347046 0.13256433667741152 0.1452460325452785 0.01372608681251959 0.015367201988452938 0.0039867249622735 1.8914870931456604 0.966366494140416 2.6191079034969373 1.2137180104726193 0.5472627642678475 1.1548459568783038 0.800443086008859 1.2848913581463897 1.3045922786458848 1.130125350260495 3.0370303613015146 3.6900244149195394 2.5244721647752395 2.0193190545470574 1.698280404994088 -5.467763882721792
1.860224189546506 0.04256362180292824 0.013745258653531909 0.006902477900508481 0.0553982443515712 0.19999391489764035 0.12864220201233378 0.145651463478404 0.014276940097858326 0.01555277838427308 0.004140721738214714 1.862214676953613 0.8776479213804359 2.4152291342348584 1.1355126601661074 0.5201162384281263 1.1135864916664617 0.7770697612445318 1.1912131455633526 1.2507500269055563 1.0566992672406772 2.75253096390688 2.9124728697019724 1.9698582092542702 1.5573430019463164 1.3225421441843936 -5.583252519023364
1.844537061096912 0.04268565698277777 0.016909157883193127 0.007481484866971093 0.04864701604341169 0.19999998438364433 0.17900517569650448 0.18799612519076755 0.014390214925392476 0.014762936781370072 0.004044047384361183 1.9100612254147453 0.8762884779645389 2.426732354825839 1.140246740470899 0.5193193163853728 1.1142036461412503 0.7742001241527259 1.2362475901804433 1.240135449316712 1.0397063391572976 2.7009644784635864 3.853328282162099 2.8959903778638303 2.167224316394391 1.8359669091098627 -5.360504110579163
1.7043695633517146 0.0433814426118461 0.01490761039834098 0.006550350772030749 0.04836102975138998 0.1999999934271194 0.13735721195271977 0.14220983681656396 0.01358682219252585 0.014683087553423246 0.003991402513790625 1.950579823934921 0.9363048598983701 2.545024374302488 1.1814937247645882 0.5328979366337288 1.1234420871204167 0.7756413155779731 1.172293467530328 1.221720714458744 1.0209024568889375 2.6274412536654204 2.82251412928575 1.8400008889843567 1.4384068091884625 1.204699796541079 -5.5305403543160185
3.2361242700400914 0.03903844597241751 0.017267123191702673 0.007232630212723755 0.015034537590258492 0.19999991502298714 0.14985992914329924 0.15564239547317027 0.01818221478486453 0.011950333159011322 0.005050391410430418 1.510750646416013 0.5829798942250669 1.830078154866079 0.9240112976366416 0.4460822458847704 1.0222335364379225 0.7258531835461906 1.0956074375072842 1.1127270312069448 0.8674605059009453 2.0835532063027205 1.653947135830353 1.1930772837475598 0.9592405399441977 0.8640286959654451 -6.018975213320683
3.1111679545713717 0.03086169436992762 0.008927490039996372 0.004805072204918765 0.10588496785307382 0.1559806194326496 0.10003746293375536 0.11259914542623989 0.01946756279490377 0.01950091264312635 0.00545715889845673 1.419629284613738 0.5971147014092972 1.9014756655389868 0.9647875971178762 0.4753891639920252 1.1161688785619956 0.817997896419082 1.3873124872343043 1.447972108310863 1.2949756887671815 3.6192937275343597 3.9999999999998552 2.7442283692568332 2.1567683718777126 1.8142071695376816 -5.315866626778893
1.1640847782240074 0.04909875966413337 0.019977167312535748 0.008923810264407412 0.014745275871345543 0.1999999998829033 0.1798818690343509 0.19680258448315108 0.010062142600766183 0.010892613106240746 0.002894636518722673 2.639660388289507 1.2809806233752123 3.2834857562208293 1.4477751843832651 0.6229592420370569 1.2199654138763079 0.7965771993999347 1.1738723664316932 1.1232732632542886 0.8920703191866944 2.200827420124882 2.1653841723710405 1.609434108154278 1.316773212848252 1.2137074925407523 -5.645836997263448
1.3125084904535909 0.04854063404099324 0.019273478367784456 0.008515542220868097 0.011602253852436753 0.19819175964163688 0.17104026332208777 0.1836550484911025 0.010895739531931426 0.012049002652329228 0.0032003606823237454 2.4032068884797146 1.1576355724724239 3.0074474678312124 1.3423431046275 0.5864480046738068 1.1676959950594736 0.772694409509102 1.105313576249693 1.1099477133002449 0.8790371563971664 2.146832791303439 1.944318752671056 1.4509219762538468 1.1797841831273488 1.06769501039405 -5.690378615778615
2.5871499270088565 0.04052122902402594 0.017462189018509072 0.007384534993589327 0.00950177585488956 0.1999999858660264 0.14687518844428946 0.1543846266770238 0.017373891141075404 0.011683633067329141 0.00475857423958351 1.5690683659273787 0.6784193408421904 1.9945904795613931 0.9808207111059342 0.4617054857849675 1.0256615752726463 0.7205978136844929 1.1269188589875188 1.0920833915494916 0.8442551528686978 2.011827361664347 1.500399548648523 1.086066399873551 0.8690993947511352 0.785496516815402 -6.0450900730233
2.138758557412027 0.03753030819806879 0.01182266063335328 0.005990037619968876 0.08393807744582935 0.18775273780667734 0.12446440918734311 0.13727265782657308 0.01612676191972546 0.01683146455989438 0.004555103777759605 1.685402288867374 0.791356223992573 2.2425292902326195 1.0821428118756713 0.5029141763626739 1.11975327441787 0.7987557514659733 1.3203208833934619 1.3554022907998502 1.1935590350613487 3.2409749711365623 3.999956144422064 2.7507907075989597 2.1973214337091163 1.8518373674109208 -5.453723637907635
1.2549050138784426 0.04995886100368134 0.01715981044140798 0.008064070817291904 0.0002702625549445093 0.19999999999999998 0.12407684547384668 0.14051028574488617 0.010484001472458315 0.012095083464980925 0.0031056992594975237 2.450076252113006 1.206849708371341 3.141717972001368 1.3707540195692949 0.5950170078307776 1.1698048199696849 0.7662273989600336 1.1248780789343056 1.0647154713115377 0.8202877696936851 1.9571713574413399 1.2838193128938717 0.8545524891626436 0.6557279792995662 0.5365713459213153 -5.863056863187343
0.8978873276184594 0.05200339493895118 0.022912313169062674 0.00962465780985774 8.436626269604357e-06 0.19999843590318317 0.19640773219403454 0.19999202629552226 0.008091145531080056 0.009020764929819854 0.002376177510997662 3.2169395340230715 1.6056736689003577 3.9933564363525536 1.7104792505942688 0.7175089791961574 1.3449286295333687 0.8473669647993072 1.1338308064951892 1.097546022888568 0.8410368105754968 2.030651372610472 1.7499952463510464 1.2966422409976832 1.0475457028186637 0.9513662606306057 -5.6704687534860385
1.3445926778054018 0.04586077172110437 0.01509549749126105 0.007339345606979267 0.03985638362269536 0.19999999999999998 0.1270600825058569 0.14077045427670973 0.0115843320106134 0.013432149515634734 0.0034188578581180865 2.220105391415145 1.1392419897248098 2.9730115306788973 1.3359365741452358 0.5848423405456104 1.1828627347097966 0.7913085355678644 1.2089482574300243 1.187280671582981 0.9754176109436254 2.4862490830675052 2.2764583834439502 1.520626988618187 1.2086883048118802 1.0092805852920312 -5.612005468101524
1.871217229135857 0.04156305971993677 0.013327158773893516 0.006705494795612753 0.06409200802362991 0.19899150005025937 0.12935860742748356 0.1446753637076053 0.014611009989952965 0.01579605785547517 0.004195235479459203 1.8241917024324448 0.8731099036571532 2.4116423855042344 1.1373722048837027 0.5200980230275242 1.1206900435055234 0.7857786502286108 1.212025535075596 1.2823809104621247 1.0957894150684977 2.9021261549741966 3.273666158770644 2.2401284351533484 1.772582216058311 1.5020852593065603 -5.5262113084447835
2.0134384053130394 0.04055807842826915 0.012781801164894156 0.006398334768369926 0.07127608767054854 0.19890895223466282 0.1295813964707595 0.14330526098395102 0.015272243122008353 0.01622099118651314 0.004384025614616114 1.7380260091003272 0.8228719827652804 2.314658177324693 1.1044604028264247 0.5092002981867664 1.1158705899059207 0.7894279705818048 1.2888943826642054 1.3120536348466951 1.1357756692781094 3.0344343496578667 3.6426996220961887 2.493211776592338 1.9935597514617802 1.6688055634634507 -5.533388023973758
1.3962823284567523 0.04496952503350224 0.014679649254804632 0.007171659118243629 0.045885622494146294 0.199974193228259 0.12700266694881665 0.14038302594431926 0.011835146086433688 0.013870291330777449 0.0035259078229743757 2.115583100571042 1.099293438949941 2.944694714714584 1.3128054685504302 0.5754947050565429 1.1781753223565503 0.7919075942806848 1.2222529740207029 1.2039332064085568 1.001918707046228 2.57768434225809 2.455117198855004 1.6638870593695416 1.2921986441534725 1.1025498541370524 -5.567932817701877
1.5642316381860202 0.04224984065649483 0.013690584746004956 0.0068550370909070575 0.06469508319395487 0.19999999999994925 0.13136848725400338 0.14528200779204392 0.01298809232133074 0.015060930108495319 0.0038946392252337727 1.9656331565795484 1.0071214774374335 2.739017639991215 1.2399058851567388 0.5560362124454586 1.159109021687737 0.7973467172254705 1.2098674980251627 1.2752720068630212 1.0906337133910067 2.8991596534644666 3.3014014548775648 2.255563164790417 1.786807487217029 1.5016329662692935 -5.43872481275315
1.8077111104128563 0.04085650016473424 0.013130497176693649 0.006533472256893139 0.07211840642024475 0.19937369035048466 0.13223126180140946 0.14554849310700685 0.014454005582819389 0.015504721405611759 0.004127522156412432 1.8355352767661104 0.9018453048699633 2.467092293697223 1.1601526338992971 0.5292690433388809 1.1368357143054362 0.7946011768832529 1.2893089425817919 1.3086791056425435 1.138550859142387 3.045857263967929 3.7198180442137248 2.5472676491477344 2.021694944347036 1.7208189299547663 -5.503973206270916
2.390360655174203 0.03391185922495422 0.010403707211053433 0.005413515396301978 0.09624629266827427 0.16949674697248673 0.11199608822285442 0.12386953376531433 0.017414241320272444 0.018297482619672806 0.004993743355831127 1.5523936650972943 0.7247151890456812 2.1455928535004825 1.0417186044342446 0.49275211699125127 1.1172690577931728 0.8069199593779736 1.291144421522729 1.4005799234578562 1.247701610841108 3.435698238911139 3.9948391165407844 2.7603990132383354 2.1909775307300094 1.8419779791599205 -5.326238308931638
2.3366360046104986 0.03826109307329322 0.011886446409119702 0.00609095937433171 0.08009973055994415 0.19209877675645953 0.12523845192436847 0.1397912296188899 0.016476173933674468 0.01701509190591678 0.00464150651645208 1.6601164742842585 0.7359556107066044 2.1646716487615514 1.0455177382623029 0.4920841041481258 1.1055188775675135 0.7994341517242404 1.3164542899520384 1.3511901160660835 1.182349870527822 3.194584170379325 3.937740130462043 2.7095241310797586 2.144871381846566 1.812477344422738 -5.470496913507774
1.041163136003513 0.04940262163094371 0.017221616469758918 0.008213154269031544 0.014865981251101031 0.19999998544993822 0.12812225132597233 0.1433941960618216 0.009393000395981824 0.010751496561105703 0.0027620311706219743 2.7512049764140576 1.4134669568709128 3.564325673548697 1.5517301330265876 0.6598926496680312 1.2684973416349856 0.8160996381908854 1.176013513615031 1.1116351254822305 0.8718563978748094 2.131799037756958 1.5828548604778434 1.058436785133859 0.8259674513374704 0.6802048974954349 -5.661232289042336
1.940648549758987 0.04251492838314721 0.013591276444497166 0.006854499737392347 0.05627329359704005 0.19988821205413176 0.1279558760109018 0.14568391006809572 0.014627031101600093 0.015671462515563766 0.004155021015851041 1.8177946224312647 0.8491058574007769 2.371489457037398 1.1148666191395875 0.513210183857316 1.10691845512655 0.7789309419308866 1.2123131423507532 1.2568895327162537 1.0630418594898123 2.771651762740439 2.947985637933125 1.9907524846513742 1.5663089407569168 1.3284776689897193 -5.580535600249789
1.358631570487829 0.049031221763257485 0.018191824685986527 0.008109815666330792 0.005707276326695265 0.19996905535740025 0.15177703918737004 0.16576460019378847 0.011118412614052307 0.01214960376487302 0.0032737888332648652 2.3745976133305504 1.125556633401132 2.9294587306833915 1.3121936255914548 0.5741766275524223 1.1493055489265052 0.7612875588475223 1.136207031135897 1.0862930245383449 0.8498818121393709 2.0480466011324556 1.6776860050572016 1.2169905549525177 0.9968466098021397 0.6493893920643639 -5.807121947562049
3.3316039377856237 0.03819786229294788 0.012852561938049862 0.007301389170358785 0.025016513406408335 0.19999999683079275 0.13070104067746366 0.16214981439948573 0.01842173772238427 0.018530935707463746 0.005119783648762711 1.4972352202549146 0.5781698633430679 1.7922736232467698 0.9189039544446269 0.44887118630596573 1.0252358751112476 0.7307596441599892 1.1100465194658709 1.1362339225510896 0.892058633091203 2.1633211258795333 1.844541057529488 1.3459606034087674 1.0856857082795426 0.9954746845648912 -6.022564917860846
2.3220266146938253 0.03705109114463057 0.01152525006860478 0.005314864778068437 0.07557029811684998 0.17615675200623468 0.11216275284480326 0.11833121195044219 0.016570555262867527 0.01709905443227914 0.004772641228709038 1.6426847455512348 0.7411097015531425 2.167192362220484 1.0456442510563226 0.4929156018957826 1.099373170634602 0.786114883827301 1.2931440568900285 1.3165956779069707 1.1366602955149332 3.026890739026513 3.1677626045469247 2.1586905322901986 1.689816696486417 1.4127437731376165 -5.497436019946476
3.51723645648321 0.03183398032878968 0.009685000074615266 0.00504819594935672 0.09845519725657284 0.16267906163805476 0.10729550316634441 0.1189426611741202 0.019458323284836987 0.01932868047598353 0.0055909730194814026 1.4122565108979082 0.5578503226439372 1.7918124450377382 0.9412097954809701 0.4652876266015969 1.107969887711663 0.8177865817677284 1.3131491728950553 1.424170778215221 1.2649515186341986 3.483809603811444 3.957283808711585 2.709426428511151 2.164529572958501 1.8035920615988108 -5.343700686236874
1.5846237706245299 0.0430663306673348 0.013914371418616045 0.006962657864112661 0.05757744032308266 0.19999840828469123 0.12904449097884466 0.14443434541136768 0.013119244587405883 0.014976647423908774 0.003851564726019554 1.9827805211745662 0.9991631788516949 2.671331257369948 1.2282455891913246 0.5520837844189499 1.1501873711894481 0.7894828601240326 1.1933166196242577 1.2507695622635109 1.0589022348740602 2.7778274912822782 2.9596947609187767 2.017117522369628 1.582633674375258 1.3435765078544177 -5.5143730814214695
1.176686525948326 0.044370513943980026 0.014608332617093833 0.00715376038895414 0.0608050838196375 0.19998991199325455 0.13042074845910717 0.14277032757876112 0.010680692812638434 0.012234820551329158 0.0031790825727075218 2.376854508383303 1.2836032029179114 3.338845169266933 1.4557637272255048 0.6358422317165049 1.2566545502250825 0.8317724777263753 1.2090456231700057 1.2534362352961514 1.0579757756817325 2.804125477210722 3.0203433439883085 2.065508852943765 1.5999654182560292 1.354092045863252 -5.255039684045733
1.7709621254064525 0.04109293853964723 0.013202070897362573 0.006573300738742036 0.07090526860522658 0.19982041977720982 0.13191870656785332 0.1449759661403116 0.014327075472118096 0.015499928982399259 0.004066174399069339 1.8532416603641808 0.9087518826915155 2.4986283488082934 1.1690795261020919 0.5331625968243977 1.1377979979915558 0.7957496559401306 1.2842428503342471 1.3051942024806729 1.1374125152342154 3.024155310534766 3.624244812354671 2.4891757553545033 1.9661820899204854 1.6683729600693513 -5.504010942339547
1.5545789690703338 0.04517700100810937 0.01468721235370283 0.007179956128680813 0.04078011392694967 0.19999982287146403 0.12605873038059515 0.1402527382078049 0.012387220629318301 0.014053498129445683 0.003638018571490519 2.0972374709780555 1.0069598738669685 2.735619084366702 1.2343627522905805 0.5496543615404049 1.138669429632579 0.775687107952452 1.2078484566613958 1.1934034541201464 0.9841469255974036 2.5095828863648797 2.3244791842591868 1.5493460999750719 1.2336381125128917 1.0290834618643188 -5.665723266939916
1.1136253160795515 0.0506240380593248 0.017708249534477243 0.008143391104730481 5.88802181145742e-05 0.19999999999999998 0.12731140354807477 0.14009435679969812 0.00979209904438111 0.01137023896560066 0.0029086790290882582 2.610399755335587 1.332742271044671 3.37742033990721 1.4754058283581206 0.6325033245868493 1.2221893049250692 0.787628443526017 1.1361143650528438 1.0658916691971396 0.8201493376893036 1.9551312375825336 1.292607527934982 0.8591222326666512 0.6600143106673154 0.5392038056870158 -5.803516426773106
1.4132160125039825 0.044973468530074855 0.014783633761935016 0.007295918564293586 0.04535789929099084 0.19999999920322145 0.12826132711874005 0.1424954434917745 0.011817673408655147 0.013731525128695743 0.003518504422522152 2.1792962375697353 1.0905155565230622 2.9200872355292122 1.3031503288731057 0.5767641928971262 1.1726602641034654 0.7900839045302974 1.166990104891721 1.2059240610628477 0.9996781695851332 2.5755888197812897 2.47350735357872 1.657529165372184 1.3156013252207905 1.1058523435805572 -5.5341796714455915
2.1527212454860516 0.03963921696513303 0.01688461282028232 0.007672632910297291 0.015737786722659776 0.19999999271831592 0.1482965193781059 0.16270616168120267 0.01623662020554483 0.016033897707053827 0.004410219626690354 1.7197040048362673 0.7763888276519819 2.196841174113744 1.0493899037121137 0.48433887594463193 1.0477043794827885 0.7289512091773286 1.0873189371531897 1.1061661029247958 0.8635827856889349 2.077306880651066 1.685730201914246 1.2227054195625744 0.9873981690218827 0.8513676761443346 -6.014447510536012
2.1188085434236865 0.03590904334024223 0.011185259695261629 0.005695455135158098 0.09036275472422493 0.17917931170735177 0.11871109624330009 0.13042443537863704 0.01623574278737687 0.017279248891889247 0.004666211330757294 1.6296288278505373 0.792866911529709 2.2869643315037838 1.0888508916370918 0.5073558782720153 1.1244148021206848 0.8041340020388872 1.3327584425684436 1.3763640561967063 1.2180857480848108 3.339448227030573 3.9992870833872707 2.7587984484438426 2.221658986159222 1.8687546349362458 -5.383434962213795
2.617151809424561 0.038098668242946165 0.013527183373312601 0.006100934947151882 0.06096335464842355 0.19999999992590273 0.13769029499560773 0.14427367204448865 0.01682478597055228 0.017085215909063704 0.004854766957665862 1.633573417781698 0.6798829254780735 2.033812211046621 0.998774438281794 0.473455322727949 1.079075727837549 0.7730924758853245 1.2081603381398158 1.2777628052722365 1.074952964449213 2.810761778917786 3.3437351495930567 2.249483525217474 1.797190987286136 1.518307933354012 -5.547179551929398
1.511009470723487 0.04641422070651314 0.01852958546469082 0.008258580678859076 0.02501293678153233 0.19971697970673935 0.1764841103639941 0.19136163136645082 0.012127568239601599 0.012863213404851899 0.0034972572108096017 2.2040964188309347 1.0340265979368632 2.739332584662725 1.2484928514108007 0.553413838738297 1.133256061004274 0.7668836558298844 1.1294593524629974 1.1521706625212724 0.9363033964691663 2.332446991193381 2.5533280079592555 1.8874088476347672 1.5545753783981877 1.430178423080529 -5.5885483034281895
1.601443930572461 0.0460985574418419 0.015534279593224502 0.00689437027434679 0.025304385554367932 0.1989396726066683 0.12743919848961116 0.13655559751915555 0.012724011781881457 0.013903901227405743 0.0037893602909295004 2.049988063458614 0.9807968264184573 2.6337503233422868 1.2082809607053202 0.5394585344134739 1.1156668606567388 0.7577429819547201 1.1686547839307813 1.1398235993808794 0.9170731575065526 2.269426605020229 1.8850750095085782 1.2562061736257 0.9713360937330032 0.8002438947747127 -5.754792412909939
0.9849761923687579 0.04953691210681057 0.02117615693136173 0.009055144151603807 0.01799060921392222 0.19999971378805945 0.19135955383047729 0.19971726232373183 0.008754393736469133 0.009766739136978966 0.002567347894846368 2.9742664561443117 1.4843341192269641 3.7886499669410023 1.6168232506178646 0.6855952880205309 1.30854140258897 0.8371363488086823 1.2034605893432349 1.1403506914608026 0.9024849568925347 2.2430859412157034 2.3725389203161833 1.8012252510616114 1.4650861104507744 1.3281145706951745 -5.510296577895732
1.6470729246099203 0.04316038465944517 0.013965635619855185 0.006931715616734431 0.055088650867432566 0.19999647524796957 0.12853573343153502 0.1433620871781855 0.01347111957423693 0.014920176900756716 0.003908574343081366 1.925721459658778 0.9650250597951134 2.6043389292179078 1.2044420653118653 0.5420074544056767 1.1377346546574234 0.7840702230368896 1.1879083096488763 1.2439452063103433 1.0508274735900354 2.7385783779717303 2.8692598266207945 1.9477285523521009 1.5324466889141817 1.2958269482384457 -5.548260337737252
1.6379894362189094 0.04370216100581028 0.014197718541369078 0.006984480995009669 0.05039809761993943 0.19993996059556454 0.12807143205822313 0.1416518992076273 0.013226829871957257 0.014823058522113483 0.0038719204217492345 1.9538530536314644 0.9651126561532309 2.611878597084362 1.2055889791402632 0.5411772857934978 1.1348474730818452 0.780092659343599 1.1771215188000905 1.2277013177372607 1.0272917146503315 2.6620927929103972 2.6825659546435476 1.8123207805387949 1.4414004798550666 1.2128986712803103 -5.575906747524145
2.7607993740367327 0.04007107959970725 0.01739460413130486 0.007490717921511824 0.010068974080372661 0.19999999991602824 0.14697992597694404 0.15591089934741204 0.01742723643068606 0.012338978886064026 0.004834447507957923 1.552573623153703 0.6519520694966622 1.9567462628273187 0.9612446675578554 0.45848937669837553 1.0228190105295591 0.7205735018133097 1.0811783587815267 1.0959098340497544 0.8461939427073657 2.018866869556604 1.5053062737612564 1.0897840313398581 0.8705776448667603 0.7898831575347861 -6.0514954537492605
2.60765878611212 0.040579731789213216 0.017715029726940196 0.007583946751816473 0.006751436890680702 0.1999999392380114 0.14736511064033458 0.15515906790514275 0.01719505033790354 0.011841828069876806 0.004741490329404484 1.5790521206559478 0.6739557424863756 1.9857310114659792 0.9774599311043415 0.4608429150555002 1.0224254957836634 0.717824196902186 1.0725074395346494 1.083441863049442 0.8341058419205025 1.977910982550121 1.4280639072887917 1.0267224721771968 0.8185913582594858 0.737157620383879 -6.080652150809497
1.3995901936045163 0.0469067036616222 0.01576334249531322 0.007587102548669523 0.02491941356762745 0.19999901508653628 0.126126912257237 0.1410543694094368 0.011723186494205201 0.013219708033074169 0.0034399623308507257 2.1978086134942476 1.0997503145876824 2.8811996815334022 1.2987145685331702 0.5714181519624016 1.1556195530188083 0.7723713624427554 1.1727373890997477 1.1385821803483511 0.915327506593134 2.27150166398157 1.8425950569441438 1.234986730412956 0.9670411533940193 0.7976154823212384 -5.750684349183284
1.7462201457132727 0.0455709220156277 0.015200506798109501 0.007038336214560061 0.029563554825249583 0.1999979528495294 0.12695224285494047 0.13737736843144896 0.013440116973831686 0.014426765363496664 0.0039050966919744775 2.000331866090714 0.916949179828975 2.495414174361026 1.1585610503225598 0.5233254262817595 1.1008402395255772 0.7559155031193501 1.1306157062694813 1.1587505420030835 0.9380740920513507 2.3415379186783145 1.9964175448985562 1.3361420256163448 1.0562237498165037 0.8691638421124843 -5.727200099384623
2.4432451469350718 0.03888992678992241 0.01476571355521621 0.0063487293539450556 0.04993456024051696 0.19996402361075433 0.14143273367994852 0.14410446109176459 0.016991296471335935 0.01403248576465188 0.004756053342070269 1.620498477847765 0.7102878560255488 2.073072853282838 1.0169809299876638 0.4783996684803201 1.070947905888965 0.7622223089578107 1.2325170525499383 1.2343189811257218 1.021060443578389 2.620336356890197 2.882290341882649 1.9259073302794236 1.5429289064112153 1.2903605858278062 -5.578171854958405
1.5702780545002715 0.046006825394829774 0.016222458588899886 0.008321088275105231 0.031155777644488274 0.1999218289199888 0.1653962388930254 0.1967792174442433 0.012488742164287185 0.014267604387582705 0.0036683140157588528 2.105179546392261 1.0045929312926483 2.6730666644713414 1.2214424788976779 0.5438745381110607 1.1324061153931515 0.7685372939461681 1.1901781369644937 1.164097107732038 0.9558455527905694 2.4038159367783987 2.7232124190980467 2.041170262151759 1.692025862139777 1.5696670178765868 -5.542861866761703
2.4102742641743755 0.03989744865693782 0.012378874102196055 0.006354346965603948 0.07317276423473781 0.19926876705860622 0.12886885428090827 0.14628911558964544 0.01637316645220857 0.017230609736343327 0.004658769512842775 1.6309503172118904 0.717086625237925 2.1140876375368363 1.0305242030205255 0.4860582207895914 1.0975177291522529 0.7888196151450612 1.2461753616878408 1.3279913367029716 1.1562618177623079 3.0887999373345703 3.7582589702629345 2.588554044654017 2.0754241568931633 1.7325683543465427 -5.4738760876868975
2.032206078216652 0.041339308893928235 0.013012688740926488 0.005796626702432915 0.05715883265873214 0.19068679213648893 0.11890509867331013 0.12487235626850995 0.01487996300940789 0.01573817846235827 0.0045142547579753506 1.8000613979943434 0.8213973858406863 2.320361250139224 1.0941808275457514 0.5060267018510295 1.0983256155329364 0.7748937187984885 1.2460935796476815 1.251455519702306 1.0589532368633574 2.741595004768195 2.701782910446763 1.827458126677004 1.4243169127021262 1.2032908110918465 -5.592609470189381
3.1651609130999216 0.03272036288592816 0.009807272043705644 0.005284548025880547 0.09681611449886061 0.16655275235291017 0.10772283030960259 0.12354855621074251 0.018893716165295678 0.018807685779411328 0.005365716935472552 1.4758790510307251 0.5992257165752328 1.8639097415952808 0.9611398778931644 0.47181660121391955 1.106757113268629 0.8155607131705028 1.366506009066091 1.4151085009311986 1.2565931290462968 3.4577452066487275 3.999997638281878 2.744425752065548 2.152524105678252 1.819076640077173 -5.379117993926515
1.7510799559537442 0.044205959114877194 0.015732592693543126 0.007825887217258302 0.04099495863843533 0.1980135383156515 0.1710854064821593 0.19465868079516072 0.013510820820240816 0.014745624141804765 0.003961106148745361 1.9503212592349777 0.9153473408250011 2.505906434010408 1.1616134982470243 0.5278553112375587 1.1150798233260695 0.7685322616010705 1.2126404200943959 1.2054274015725044 1.000767432809522 2.553469352108463 3.3019801368420807 2.4654283706887146 2.0521213610842213 1.8654016638824908 -5.473540236564821
2.5222720900228826 0.04106421254952152 0.01766229091531625 0.00755099099984884 0.0038324216998114227 0.19999999999956983 0.14410813502247458 0.1516055927809157 0.017090438519856224 0.011847106160860953 0.004749082802059369 1.5551250421077536 0.689505144050218 2.016942550694392 0.9864143790699474 0.4647877301424592 1.0227909616048099 0.715122064771004 1.064916296450243 1.074039396272818 0.822243767801945 1.9396372599396763 1.3389519099751717 0.9627929002428159 0.7638850872841161 0.6869327966991088 -6.101912140437794
2.2599999752780575 0.04212878379926898 0.016881433255067923 0.007705870152464821 7.216959811159391e-05 0.1999999999999948 0.13513191420153428 0.15011767640396134 0.015607744064983007 0.015578051854302834 0.00433716411575558 1.7718835560392807 0.7472072373001016 2.1317389845442665 1.0253536076081082 0.47464347170216664 1.0278786195927556 0.7130593054099275 1.0531588357388622 1.0574522879352652 0.8043059978385317 1.8847863438090116 1.235036589764442 0.882255435223721 0.7001948952421724 0.6263361703296668 -6.186837807735326
1.779026264318236 0.040540156244120384 0.013061683996023853 0.006490167043724767 0.07524646553685507 0.19980796306008003 0.13345606833416856 0.14596152316807667 0.014426426587324117 0.015647894477509264 0.004143987523509536 1.80573018639048 0.910385688779072 2.4930303226359958 1.1696834034072583 0.5305635834438683 1.1414154247762818 0.798688927731272 1.2949764254132368 1.3212053602297738 1.149598361869975 3.10434304859479 3.8690376453935396 2.661692441851356 2.1288831035697644 1.7933177502842899 -5.476472256415314
1.936332352543363 0.04127569237435206 0.01439114230203644 0.006968958178945053 0.051577003594184274 0.19999998404582306 0.1354532683036951 0.1481214020345184 0.014833698661392449 0.015495223547009215 0.00419941941618019 1.8304937400391814 0.84620360082733 2.3561814174368987 1.1141644434584344 0.5109559937184712 1.1013125372292802 0.7707626382141333 1.1800401647431948 1.2353518520016753 1.0326914432035257 2.669533406171199 2.8754681013646235 1.9246276720354254 1.5428414022973327 1.2959089768512224 -5.591886721315342
2.033829583924896 0.0420260745444711 0.013457916713790772 0.006684607459695616 0.057730585918919615 0.19995270929853826 0.12822529252194173 0.1423297430579284 0.014910337810429162 0.015937553226355455 0.004253557945993168 1.7979621910510009 0.8156326656809366 2.294024220317718 1.0940476698247914 0.5052400514011638 1.1011165710628232 0.775903436982762 1.1993801898681664 1.2633735813132818 1.0682644736610862 2.7953684943799026 3.012602115122329 2.0346654998863523 1.6093367164733898 1.35843257052336 -5.5877466837006615
1.5108145598742526 0.04387477725952339 0.014233465197847081 0.007042441589829956 0.052868337224118586 0.19999999943421015 0.1285544161148213 0.14229820755895045 0.012496486682688329 0.014427568888014577 0.003667215043438802 2.0496015144299413 1.0335318103323268 2.7955691062582844 1.2580368673534588 0.559405291368841 1.1581123120694221 0.7895604540142057 1.2369670486841808 1.2331151715837159 1.0352412470539967 2.6980942472225067 2.7546419235108295 1.870340709788565 1.4857618734490396 1.249197347200495 -5.562033281036117
1.5491330962374579 0.04550990858293613 0.018303730989316112 0.00830333268352789 0.033576531428121316 0.1999943530705843 0.18199556842814849 0.19995841073184736 0.012515224577434928 0.013178395846107816 0.0035718036287362867 2.153565745598883 1.0092910570692741 2.7008782578403876 1.2339025652005762 0.54952583066924 1.1360058810368152 0.7738717916297666 1.2011011843828705 1.1854336092987778 0.9739419025094728 2.4719299762057863 3.047632859773958 2.264433293685339 1.8897334838181392 1.7292999758132912 -5.529829834012644
3.3011610297254608 0.03720150408673652 0.016954036781286066 0.006939214853581562 0.028412948903852774 0.19999979428726225 0.15741969344926152 0.162713651180392 0.019655099205625977 0.01210232124605942 0.005343289512294265 1.3623320816016904 0.5780343588826522 1.8023080646320753 0.9251923064192603 0.44849123767100846 1.034299433166561 0.739728599923022 1.1795337157581227 1.1596339961028541 0.9243572868497171 2.2664740419183875 2.136735337277784 1.5692655013168475 1.2771098214927539 1.1681785608977198 -5.849697993808863
4.014787660080207 0.03116191920613193 0.010121368335413248 0.004869399892061889 0.09357085222383844 0.1543325896483736 0.10198643360249218 0.11019485825566469 0.0202605125275379 0.01588834132408045 0.0058661364622889425 1.3414189360035436 0.5150564280803243 1.7129405416284371 0.9180467918685729 0.4595363248423346 1.100762492194795 0.8102145959437717 1.3618973526658518 1.4038563369562647 1.2333379171524892 3.3634420785932497 3.460896784328315 2.3558056815369195 1.8500724974751466 1.5393704171743179 -5.378887950085624
3.8123497307501117 0.03960308086767028 0.016977755411818545 0.006947201377502466 0.01014955370189221 0.19976349371849342 0.14317650108984067 0.14649338602485173 0.018510836836369112 0.012299117926395133 0.005251584625774831 1.454888336990309 0.5260071056531541 1.7212802764612731 0.8931760456712775 0.438322831101024 1.0136306443249599 0.721577871453816 1.133797754965385 1.0974640797272652 0.8460869999012047 2.0137136233552666 1.4748283737912515 1.0641291888521458 0.8486672378099313 0.7665203638764141 -6.074568778880745
2.758748680151891 0.04095707446322741 0.01611990284675044 0.007387932062659377 0.007741429481908495 0.19999999999999998 0.13570100464472776 0.15105994981802673 0.01672569360066638 0.015112055127622467 0.0046459533892244075 1.6918493959051246 0.6494774432902933 1.9335170957209464 0.9609419176954699 0.45677845232348624 1.0178411360462825 0.7159857816073957 1.1202660754590499 1.0829737089536973 0.8328469717136544 1.9758913526199036 1.4140517887832313 1.0126463234688288 0.8093851792491098 0.7272049313086973 -6.099452590312141
1.852287135121869 0.04055410900204847 0.013061058926636912 0.006620714649595195 0.0734480398716406 0.19932849563366092 0.1327213939687181 0.14893624497204333 0.014443710611253513 0.015905817512233095 0.004233830540207896 1.7967155966057429 0.8825496953121605 2.4650565175206665 1.1458616282973715 0.5257575592952941 1.131641553188518 0.7954824697035525 1.2352924472742266 1.317849555934932 1.1459563116006724 3.0771145781902987 3.75850485776414 2.593020597335408 2.066455016305574 1.7475975420612906 -5.437035743101024
2.1458680475304788 0.040366643604414096 0.012996630771423575 0.006425477170374306 0.06911684444865299 0.1999991500235295 0.13174073937164968 0.14410266485703424 0.015461671495693372 0.016503621216882494 0.004416351467109792 1.7310919847231836 0.7844311978209814 2.2617152220113517 1.0752065180326023 0.5001972630415323 1.1054353520075433 0.7857984204334629 1.229368110266492 1.3079496060060904 1.1263905390843492 2.9997810935918583 3.593400145940754 2.4577837933530886 1.9499865859727845 1.6435339495688257 -5.513428136019853
3.5324043470124087 0.03744565072547653 0.016694296697647618 0.006962673642186852 0.025390685089280406 0.19999999988822045 0.15271366088244798 0.1596122513117058 0.019074273347481425 0.01242637841909082 0.005289679915708533 1.436726754446946 0.5518079790872807 1.7561892631866425 0.9117334704570649 0.4458773551807627 1.0302625012881659 0.7375449431587956 1.1719348901453872 1.1496945442686524 0.9088054129594221 2.2183386287067486 2.002315230233031 1.4559369824216484 1.1829709657378178 1.0778192513716751 -5.9187555332527415
2.1964273887552235 0.036881935403164465 0.011544955365845154 0.005908767112525131 0.08527554887001139 0.18504249970105707 0.12200423165801498 0.13555939459117697 0.016664024170114703 0.01721524184090393 0.004665116766661054 1.6390739957265508 0.7720370907751044 2.2108180305287823 1.0707409947778035 0.5002541766406933 1.1170171966361295 0.8040230825943603 1.3239969553191653 1.3617355197052048 1.1982940867155636 3.2619185296996127 3.997042922489948 2.7410504253069194 2.1844601901774348 1.8372365283564414 -5.44131726840094
2.0164969979743734 0.04045433201688239 0.012727876702813406 0.005815705619331439 0.05643499010537623 0.1826123399477174 0.11319520601950868 0.1220038472120964 0.015299079222240835 0.016486928751143624 0.004527768193776036 1.7318026204091992 0.8276953932530348 2.3018924024680305 1.0941214732484323 0.5032390343667225 1.0986618312000687 0.7704414893021259 1.1853070450260654 1.2410771403624217 1.0445462690271201 2.701718913356828 2.498085522093212 1.687979034591383 1.3238104944177884 1.1052654490739544 -5.567044730488561
3.113028724203936 0.037843861559286276 0.017299786207399994 0.007117076836649731 0.022861187216260185 0.19999820758535253 0.15632440094019376 0.1605838936573916 0.018910307709356977 0.012252830444171288 0.005222622714335815 1.4178675995063654 0.5980226649562931 1.8626534599364335 0.9362547598351143 0.45203715771481184 1.0305834057777008 0.7341068262883365 1.1133959949588668 1.1398958453449717 0.8990290757411731 2.1878852081587046 1.9258867158967643 1.405964845914902 1.1385624819802 1.035382422475685 -5.922626087658729
3.5962569035790977 0.03338879650576274 0.010872759940630304 0.004642991713317553 0.09242656528755754 0.1698341739750997 0.11425852252706896 0.11612380960134908 0.01908159420951776 0.015506543295248303 0.005660195971333242 1.4244577948759798 0.549903088778141 1.7945768892885103 0.9351750691742837 0.4640397344064192 1.1012281442897163 0.8095349020021075 1.3616566992973873 1.4052896392628678 1.2387100369354398 3.3861365887947903 3.913020962842199 2.682300005057897 2.126176321619709 1.7810352500294033 -5.33729137116767
1.8475885287362037 0.04133512577761361 0.013188120429199628 0.006557607647658519 0.06796616478553887 0.1999765025893271 0.1303438690901245 0.1436282780717692 0.014631843949814358 0.01558785755721267 0.0041565636123115125 1.8356916663052083 0.8715373044653083 2.433477340547799 1.1450575106496539 0.5213335243758118 1.1298775403376287 0.7893993095244213 1.2776333935561484 1.2943277600899508 1.1151461353145917 2.9750255185441183 3.479178557017385 2.3803353835030707 1.8888155349883287 1.5897249122011723 -5.54128181545503
2.3163392629952733 0.04096694293539941 0.01308651469969724 0.006031318461562945 0.05627623963685775 0.19288960122582674 0.12187109525841351 0.13455392510635364 0.015450250873292654 0.01622453096516082 0.004620640309134878 1.7470371192191374 0.742007292359866 2.1399879765322347 1.0379197881625684 0.48818186299917926 1.082942969124217 0.7701147074639212 1.1954823584794705 1.2563458610575162 1.0582914671211314 2.7416831189021678 2.7549424639602536 1.8745202764332176 1.4667797355676813 1.2410062894156952 -5.565513437555766
3.1833997991490732 0.037362070713896904 0.012944609042941554 0.005560482071983108 0.07672919019219411 0.1939727456932446 0.13540863442749107 0.1411705088158121 0.01768873421204594 0.014508130196097943 0.005329104090308594 1.534065403694281 0.5954589330159747 1.8733720011892259 0.9548928725189025 0.467882024693737 1.0880486898192587 0.7945218233675528 1.2639193048205115 1.3542325589951072 1.1768877100746087 3.1496050942915788 3.945417067161249 2.7300144763455543 2.191328182623047 1.8614388550048195 -5.3357753853287
1.9847259778162414 0.038911753958973325 0.01252371743200928 0.006291711653424738 0.0798057818288576 0.1947122176997621 0.13084666189124836 0.1434892127982584 0.015524960380876956 0.016426668154641565 0.0044013131217633 1.7336486853986703 0.8368996481007583 2.3375545007392105 1.1150432781831243 0.5133317900982955 1.1252428761256117 0.7974161284475747 1.251181903857571 1.342033056675279 1.1749547706484846 3.186047641633897 3.9988446620027123 2.769154409793472 2.2016036847472007 1.863476169559163 -5.4259525920986
1.4598220342368746 0.046067431181517085 0.015094061036297776 0.0073283973326959545 0.0347505259755294 0.19999999999999998 0.12576166445766185 0.13975771742209253 0.01193624946960618 0.013643300918763831 0.003497268351132776 2.185128162354196 1.063073229369459 2.848125368566356 1.273727160987591 0.5638637644238359 1.1515952640340261 0.7764937432824727 1.1945615472291629 1.1714227744689816 0.9566455258771244 2.41569178434838 2.132987820453574 1.4160285519063514 1.1235351741596693 0.9334513687209378 -5.680614929199314
1.556524228062761 0.04619765714314198 0.015316303881168723 0.00741597191423998 0.02735126526121028 0.1999999989045638 0.12493229918220795 0.13976686814363165 0.012344574092793721 0.013729248048844468 0.00359643530886265 2.1072282400616724 1.0053073390658744 2.7241605062198446 1.226892497788381 0.5454579654259444 1.1255927131018064 0.762939469249089 1.1752992030710239 1.1482887442589205 0.9267073554919886 2.3071531210378344 1.9190914703639996 1.2697030635750672 1.0032709456811446 0.8300245295365837 -5.762343560617393
2.0938652485390032 0.04088451788431723 0.012952505211224857 0.006074416135603386 0.06626629599213862 0.198595353536381 0.12883766334437727 0.14666171238097014 0.015102026279539424 0.015880191437063193 0.004438714413357481 1.7901434452585998 0.8064388647214824 2.2596433065037353 1.0812420463620158 0.5055132127881454 1.1081270359234516 0.7850733610231696 1.2754472245463673 1.2957102369871365 1.1091761436905296 2.9436436402844963 3.4007271684357323 3.7930623509903953 1.8243608038127812 1.5513127270146607 -5.246700227057358
2.327772926340288 0.041963164907186726 0.016545562230839472 0.007564964470860837 0.0030848488049975897 0.19999999999959892 0.13494716689191355 0.1499567997893415 0.015988288337021057 0.015756985935956137 0.0044007968035638875 1.7401586437287517 0.7302862957537989 2.100475428719196 1.0130159733090165 0.4698602799971797 1.026958023315072 0.7151125957030221 1.1075397156078925 1.0651312577953196 0.8154355411686477 1.9213238840793054 1.3044954770624277 0.9396726538347303 0.7442632122867588 0.6639878211667256 -6.163913800068199
2.0541478556377304 0.04106192729185345 0.013197876952076908 0.005907378769408117 0.06484898685594374 0.19969987580206636 0.1298900281050243 0.1354590008851151 0.01508797539404299 0.015802348642666143 0.004412282591796703 1.7971705755744911 0.8097686837775002 2.2844637347451937 1.0921286263619396 0.504602024737433 1.1057490703930462 0.7817102493247274 1.2708820328979245 1.287120562898932 1.1003238079548543 2.905721216036214 3.3381920015834097 2.268517661248451 1.7860514160582475 1.5100718868592975 -5.5548556932671564
1.8786311901888506 0.043020714449376746 0.013958457381767177 0.006207026404396622 0.05037858525976741 0.19988789773403406 0.1274953698653698 0.1330932634251684 0.01402372596723493 0.015122692863531946 0.0041498912313025155 1.8845535414632346 0.8657472457648224 2.431395815019946 1.1281647393632 0.5143733898387873 1.1065724786123512 0.7709476359062843 1.230557527610669 1.2304588209197662 1.0292703066855766 2.6521815484913525 2.6777353399957766 1.7999261870224077 1.42608109921282 1.2024584949103119 -5.63179807075546
1.8832086681479734 0.04161044372658709 0.013275111316909333 0.006592370567947385 0.06468312829796276 0.1999995889684051 0.12960514387664834 0.14282047583169297 0.014449177126136203 0.015458742576397951 0.004134189620946861 1.8526483628241022 0.8688237575332729 2.4359989746302686 1.1346136544010996 0.5201824069801521 1.1205051986832355 0.7855252589086174 1.2701192859831083 1.2854118711348212 1.1009128889334714 2.9166126259461054 3.3331680103163497 2.277788302485675 1.8184614436753195 1.5169351847874983 -5.554821285273345
2.9432236714615154 0.03183434764728768 0.009436467093052202 0.005062471291930757 0.10162720232805858 0.16095350578334428 0.10501285430209369 0.11756733887150328 0.019129443651457363 0.019674397349064884 0.005435922945493332 1.4197866755116888 0.6260935053123877 1.9228397190870445 0.977911947420155 0.4742083584468603 1.1093774563506107 0.8133144841956307 1.312412930249475 1.4284460906722636 1.2735964421097574 3.5315256894817386 3.9902178213859667 2.739335535075824 2.1690778594411757 1.8153853766383563 -5.331937507971591
1.5784437392356645 0.04562227560151486 0.015074485590349221 0.007351992688064592 0.03260329359607395 0.1999999999999986 0.12581695871814866 0.1403918688695951 0.012475911035511912 0.01387597198252621 0.0036456047809281544 2.080323954471658 0.9935366148638601 2.7028330130013973 1.2207491375984405 0.543779453561731 1.127143651363902 0.7666542485261764 1.1878977095925984 1.1662168537573931 0.9483314732046106 2.384365907268541 2.0735292054186836 1.3729633537688244 1.0881215317479536 0.9028817259729071 -5.733387850283336
3.1337172931610837 0.03905475672499284 0.012312132923556181 0.007129254872711027 0.022065180678337595 0.1999999999996897 0.12450152048230059 0.15651824328806024 0.017835443305549665 0.01813264955506258 0.00496033603900465 1.546394707603787 0.5951251581246638 1.8550856777631353 0.9322238303415658 0.44936449426959996 1.0241798913962907 0.7279366753671737 1.1499797775358491 1.1208752142314957 0.876840692455587 2.112546324188031 1.7287689316431254 1.2556043743817542 1.0144952625822143 0.9165870904802724 -6.0827282776792595
1.75071370508941 0.04323594258790476 0.014154793549825479 0.006961444936564327 0.04958949272450842 0.1999995099125703 0.12789895367478546 0.14149542178421234 0.013811082205626293 0.015115342359346945 0.004000883782233906 1.902501506870035 0.9146897762731858 2.503715066279789 1.1660737690209264 0.5274621178380823 1.1169358284731532 0.7742060520013994 1.175334059356883 1.2272356027467213 1.023754104892065 2.650296579928889 2.6535946669841954 1.7917501287523934 1.4148198119770352 1.193543849933786 -5.612434666460089
2.1790381933990166 0.03904811817943042 0.012240476642088766 0.005540862900723615 0.07973718159376732 0.1959834743967898 0.1289134453071239 0.1342183550666041 0.016048333913739905 0.016704225712159917 0.00464668285552158 1.6868777902446979 0.7752918637353824 2.218390208443921 1.0728092797795912 0.5004617475374791 1.1127726033387633 0.7950183031399052 1.312440212668106 1.3454729717156932 1.1752446412685538 3.181664518990119 3.9999921284371682 2.756379706482467 2.185086516224677 1.8510667055569874 -5.463568282581982
3.89492733788823 0.033580321022222845 0.010986662609096533 0.005258975715448746 0.08163975397278711 0.16306331200654714 0.10708956849693213 0.11587032446067742 0.019321434340860883 0.015696137465787692 0.005631761506729218 1.4058939869978737 0.5230201897814294 1.7244077630262757 0.9164307273363497 0.4563945917982279 1.0900512640332267 0.7979216752782271 1.2705580787301864 1.3561901941647205 1.176681701810178 3.148386095557225 3.191647761762777 2.166890446303744 1.700560840704558 1.4170844597931502 -5.396267537316692
1.6674074501287535 0.04317672647603256 0.013892500980520134 0.006475093150559845 0.056277546108240865 0.19999196079166573 0.1285501163928796 0.13559622504789196 0.01326918857290311 0.014810353207720051 0.003968304218693068 1.9489220939492296 0.952835642546844 2.622737832546789 1.1974896170543392 0.5387114983485795 1.1357851020506282 0.7840367669284117 1.24480027636332 1.2476647462805819 1.0544294097539548 2.7543267056168808 2.909172431349818 1.9576811473598597 1.5570299942696422 1.3073554990109182 -5.566341520679671
1.2117419292337175 0.0473347294307229 0.015835170871712545 0.007624721266113669 0.03151691685624981 0.19999999954968847 0.1274131265499462 0.14118963122173755 0.01063440174874324 0.0122339013893989 0.003130660371976589 2.4339929675828547 1.2402108397063953 3.1958522767691524 1.4182608239573182 0.6148621345696064 1.2154648791139504 0.8000860288263185 1.1966158746113766 1.1598453199849912 0.9385847748334523 2.362426300456583 2.01463865997802 1.3363400214924606 1.068633463269661 0.8888280005530484 -5.616178446684755
1.7675673213166412 0.0418795636050777 0.013400965145706267 0.006631171670387934 0.06487869174141662 0.199976671377994 0.13012306508982657 0.1433393503631682 0.01413150220895221 0.015305576238119893 0.004060070091909373 1.862448045114758 0.9091738053776612 2.4981038866272116 1.167179248120921 0.5324489746755491 1.132477082598917 0.7887881045301961 1.2683519296076735 1.2819262383178185 1.1004740705933018 2.9124067609636892 3.332999555230373 2.2767675790325597 1.7869418185550416 1.5108273439418372 -5.555416095006158
2.0234103374371966 0.042224222588927184 0.01719633055867704 0.007692480930530158 3.3997376375914315e-05 0.19999999999999998 0.13783302295656216 0.15015481246377096 0.01511147888484013 0.015432098847567414 0.004217727188964774 1.8156425662042601 0.8185244577122165 2.2610678162636 1.065606200194731 0.4901130909937935 1.0437205893241532 0.715735709038842 1.0524040327407733 1.0526557143574609 0.8033303579322292 1.881731123354301 1.2422462584199319 0.8943401007922808 0.7073640216750426 0.6362330861968414 -6.1727947480149785
1.379753075714961 0.0463047021802208 0.01561640912589998 0.007759464699122406 0.03022344499650678 0.19999999999999998 0.1274335085307229 0.14934962710076016 0.011404198202388973 0.01309502593412318 0.0033310701987694295 2.272962025813699 1.1088728053344683 2.9594135957239005 1.3137813543328416 0.5753425218305201 1.1649668245784002 0.7791804808859155 1.134399369211559 1.1557190398419923 0.9377069881677657 2.3472187840708383 2.008421955941185 1.3321308118271311 1.0541924826064606 1.4853423935794543 -5.41888590391864
