3.0310458896267995 0.013869175924553645 0.005937779036925228 0.0007718459893683365 0.1259596010146049 0.17120605136208047 0.16469454592629174 0.043768987437975956 0.02082649965236283 0.013882578870584377 0.021810442657986397 1.1485060860897047 2.1156750649235465 1.6810649549523193 1.8493790029512063 1.4009017547251321 1.4452120939130764 1.3312710798130518 1.8357533455086565 1.2963554613974029 2.0636193455073544 2.123599895458794 3.9099801061097597 3.916072281636174 3.999944897119849 3.9999252837714283 -1.9592427960142942
3.491033271973706 0.018167035688836364 0.00961085482076776 0.0077671554387763065 0.031615020885382365 0.16879507296955523 0.18176131857560365 0.14509938418374843 0.002918116738373617 0.013431384112122744 0.011907876058976597 1.954690178973355 1.9184820677710868 1.5486585425079 1.7128955876715506 1.3090253410425259 1.2971566749767058 1.1566025996367273 1.448125162864877 0.9049927939611849 1.252144161373047 1.1773048150663612 1.9073742584215103 2.1533575460721206 2.0524571430160865 1.578542053246297 -5.930750300816423
5.105022727691303 0.0167539862538792 0.0051394197394741695 0.004702574606800314 0.04006361671013861 0.15680313660023887 0.11400969696991177 0.09522144704884469 0.003522214288852978 0.015939426919913076 0.014697409907378143 1.643734616759421 1.5523399628362324 1.3919859324013184 1.6268483847304924 1.2822128722273467 1.2917655904599739 1.156524347550959 1.4896265316910549 0.9099741328845079 1.2539284755293738 1.1819773420153128 1.8992823050902021 2.1303875125103295 2.0453809824451414 1.5559261239044693 -6.12359328020169
1.3258764534148009 0.02089368607965989 0.008220986986235666 0.008041851814630078 0.043988057839628315 0.19912017705115634 0.17422019684347154 0.15825422508847228 0.0027385239494734847 0.008995006468483122 0.007593410059034017 3.0323730815612415 3.950714875602596 2.646256565753783 2.5252693667820427 1.724602374649842 1.48491751649127 1.2380864274731447 1.509886750792012 0.9224953845960365 1.2963157175397677 1.2545084903659525 2.5692092230386168 2.920695859046121 2.8229602283447237 2.1954486655291547 -5.150097108760431
4.681922954918559 0.01791974364902986 0.005549233712988563 0.005569373253618561 0.040059505605896495 0.16849087821085879 0.12400305908732823 0.11262505686480259 0.002378961362951913 0.015670705129183116 0.013929237495815434 1.6685189270037848 1.624760249261176 1.4210978052619216 1.6442732769982102 1.2874574389395492 1.294579998313107 1.160062691283087 1.4618420115550954 0.9156953092971233 1.266008125518757 1.2005603039914188 2.012472248041761 2.266160517841999 2.1713247530310316 1.665210496752172 -6.055303532917326
3.383659885245316 0.018707858405029646 0.009559438667896818 0.005798269452979834 0.00762968279122981 0.14780005102954338 0.15494435856714936 0.08591643694138379 0.002498470696250057 0.01313798766468453 0.011807063513708506 1.9473653497078816 1.9530410733880106 1.5581889065512415 1.7008438135030606 1.289276301541092 1.2525676335625122 1.1030140534995503 1.385440971859784 0.823239415773526 1.0750807629860974 0.9661285167988689 1.0456706911607685 1.1456987779552332 1.0682146018823295 0.792546141746577 -6.122759109921467
5.623415214206087 0.01727256048886574 0.00613805028294254 0.009951866231146994 0.05604300423007781 0.18410082598398023 0.15445690260762926 0.19936835356618174 0.003356573682592101 0.015867643748156454 0.012765818323417262 1.6868573197268513 1.4854201099807123 1.3725040585064046 1.6364827619431255 1.2971941126096729 1.339570623444237 1.2108042065443676 1.584993374909979 0.9930368357339784 1.427273977153813 1.4094603861607247 3.247179242053559 3.7520008924030455 3.7035586074504794 2.9206930076789828 -5.588964788762016
4.493524255162215 0.01852743661135348 0.005828106141147083 0.005468310166029347 0.03190289396580636 0.16606233375601073 0.12080145724462224 0.10231922579270199 0.002263309712560149 0.015477561659906719 0.013879556521551636 1.6667825201420865 1.6568656751167858 1.4322598858899502 1.644404621849748 1.2819355808418362 1.2819408861899022 1.145451796644426 1.469702456019212 0.889767508293151 1.2107383540339602 1.1332151312093333 1.6911492186744495 1.887989424288836 1.7920195342607064 1.3651654361263499 -6.059523739824419
5.100966955303732 0.018091403253093774 0.004850661881962899 0.005503547700031818 0.019614719660077204 0.149856586034131 0.09093568004954627 0.09037695987715269 0.0026547020625963193 0.016445039611658236 0.014340233162409302 1.5986304026234879 1.5461252610432006 1.3834462693316756 1.609298531101092 1.219243823869343 1.2605119459904055 1.1185101341008985 1.3802877657999042 0.8461921202026209 1.1212112952643216 1.0197477137298583 1.2216086787148592 1.34705021239825 1.2645273526768614 0.9431228669369943 -6.2077764724547855
4.303840903516665 0.017632459590879498 0.0045431406698970426 0.00510672389962413 0.06452037107044373 0.18822788206176924 0.1268108822600054 0.12718083780492692 0.0029473308950595345 0.015640291723125945 0.013686752068625834 1.6883443292555242 1.703007234100567 1.4633576881521764 1.677062109308652 1.2693208840144954 1.3319827714571921 1.2076384801567586 1.554344874661357 0.9967405346240046 1.4409463976936125 1.4319283132845753 3.4413110130152345 3.974772396393176 3.902841469376082 2.8152390082850425 -5.842631386811669
8.812005814467113 0.01610448409252071 0.0038917467042387673 0.00405706783048565 0.06615681790378418 0.1740229106688784 0.117138779500558 0.10917203136372479 0.0034953170320208174 0.01871528568408845 0.016445050944843075 1.4113859288387893 1.2646845597265288 1.3157969253406792 1.6279855300769084 1.307612798075452 1.3409722404882158 1.2155063281064766 1.6066531871154188 1.0017739996796897 1.442790957228688 1.4313799541856167 3.359288786602105 3.85295299520024 3.7755319750148804 2.9679887143716 -5.84417958543756
4.837106827089494 0.01720097478200151 0.009504961034121618 0.005355800932888662 0.0037139484114769327 0.13056742731966506 0.15004306429781006 0.07443540549605637 0.0032997083231760434 0.013796754033142202 0.014093446746656024 1.947203997126542 1.5878300867238382 1.394109004639738 1.6058850071457995 1.209033535780056 1.24015619305491 1.0932541418671031 1.3378574091917534 0.8079162208309094 1.0429674916854967 0.9274638987877423 0.9100914198685562 0.9951912148131674 0.9201557350754733 0.6813222449994176 -6.207577680963612
3.4628610120947254 0.018710709968022262 0.009041644675261766 0.005536549993884761 0.014539722829079917 0.15394088971712977 0.1542657490578904 0.08845762495019137 0.0027036182242049355 0.013492805774201597 0.012089332872848331 1.9754417229678145 1.9203491185814645 1.5476955244935005 1.6980159927150622 1.2466634841720206 1.2613671769322705 1.114877492034275 1.4094997564984448 0.8413818382026041 1.1146853874587723 1.0135974796634044 1.2098045764166334 1.3340480854292782 1.2491507649372362 0.9381030122848465 -6.074763163809539
4.227610962807006 0.01890860048425973 0.009376695606794282 0.00615899600718427 0.022827080877441272 0.16502805874007515 0.1708164567036542 0.11027154454707787 0.0017908321190163376 0.01393649401387813 0.013211409404737622 1.7740440599118565 1.7143554282631184 1.454238469693279 1.6571011178379227 1.2806697304305625 1.2751415041868763 1.1355469834162533 1.450375380093827 0.873909662695485 1.1794442470105693 1.0922849173975753 1.5170204108323566 1.6922449631413066 1.600303532257528 1.2053024057021817 -5.9502755428809735
1.9565521371726997 0.02027116918953908 0.00690266141166088 0.007077459777529287 0.04993212758107415 0.1995153663391918 0.15817983656050888 0.1490263983336674 0.002027509591628804 0.011561240428984659 0.009765382925644514 2.3471812768023192 2.8850329876258676 2.0593129088355053 2.0715572688785366 1.4339672937871355 1.3675953472797444 1.1918428264482948 1.492580791014884 0.9437134551398135 1.345084195291703 1.3092868522778922 2.8140554360251033 3.211416829275282 3.115081457096516 2.4320293453728072 -5.448855974809402
4.340737652369527 0.017664473351657314 0.005014294418400401 0.005418788363408499 0.053472069216447 0.17812986269634898 0.12659326346790734 0.12266455085078265 0.0028538115964110338 0.015427294202085195 0.013656469662825493 1.6965916464565198 1.692676539803651 1.4552498195355072 1.6685676299187848 1.3040171227535595 1.3145177148511622 1.1860095928784988 1.5111259187002872 0.9609844484337714 1.3581596980141522 1.323968385905344 2.7042705552233377 3.0784495647998122 2.9898562460327454 2.326196188824704 -6.007594480186371
3.9934297275725843 0.017978981472567542 0.00799993209899046 0.005520755801719629 0.037803180990405784 0.16919610552552214 0.1611714343522246 0.11090291101466984 0.0027106315751426746 0.014649728004984739 0.013168751844928786 1.7586949964437535 1.7695740066758388 1.4852043656248304 1.6751883534524146 1.2968208438943012 1.2939759374114588 1.159283769836201 1.4600114530028754 0.9157248057699543 1.263539173589947 1.199615548583758 2.0083607249125692 2.2810613468378884 2.1773878435507967 1.6727587941989635 -6.01534975585951
5.41559906883183 0.018123767825276797 0.007477829712128261 0.005632915024918915 0.020624576660589096 0.15361951009386396 0.1362208029214219 0.09562613393073442 0.0024365898726908734 0.015520616970924883 0.014297352568816549 1.6265726886795198 1.5048194456333763 1.3686926331372453 1.6080906914489805 1.2215208098134585 1.267450931718161 1.1321905608050924 1.3972538263548275 0.8559340639404016 1.1451801507547812 1.0513548117468914 1.339788312728678 1.4687530157069741 1.4010423455445877 1.0474152651681117 -6.071564316597456
4.730526560685464 0.01785318979428336 0.004625047521731414 0.005327687538534558 0.03831253039454682 0.1650550038922205 0.10405938533909273 0.10499039863764886 0.0026190803485466093 0.015999916795016195 0.014147134826178938 1.635561486803473 1.6129908240361441 1.4160835599072648 1.6387843380333809 1.2840941967532336 1.2896983378684528 1.1538874563270083 1.4892179992010746 0.906688501300295 1.2441419243206542 1.1734963857189042 1.874312425354978 2.1059800820116275 2.0120833468727257 1.5346506176288026 -6.088126359963561
6.810216147139954 0.017400717114427814 0.004296539416348782 0.004719281007325009 0.053534060651849416 0.17486772233008638 0.1135464226507282 0.1104763803678673 0.002529939536183647 0.0173304952659408 0.01534045205918237 1.5100889364634575 1.3726862486131843 1.3365436044923755 1.6239207238439093 1.2941654638025886 1.3189892771225886 1.1908273911468303 1.5148686883851605 0.9600965676948894 1.3552196019251295 1.3141626733789655 2.61896913304449 2.978870004998965 2.887024642184371 2.242370294244209 -5.970415299998814
4.576703262640054 0.01750691167506827 0.004555206197090802 0.005455220580307553 0.05863545108606271 0.18124870678911295 0.12237548254476241 0.1282915681847612 0.002857142999188162 0.01583504913861476 0.013996103554611138 1.6560915300700798 1.6452609993584528 1.437346375858029 1.6612287846733051 1.3061821928328554 1.322876152183309 1.1957964147410332 1.5740242970434914 0.9782980662948567 1.396070664829109 1.3726575804925445 3.0214311446137736 3.454046356183099 3.367302088311625 2.6256949081663135 -5.956213098499125
5.548472646922747 0.017328211246315433 0.0050497444776237905 0.005009962804085036 0.06410820969711567 0.185231676182557 0.13842239319922048 0.12664526889015215 0.0027670609106782785 0.016614760986131155 0.014719913207497397 1.5765658030067518 1.4974603684799994 1.3818741577218017 1.6448830466525055 1.262267568291329 1.3355002194913723 1.2115214620812567 1.6023878660958948 1.0022513820799281 1.4447785039807748 1.4330184306519889 3.435437543414805 3.967594492899407 3.8779026698760486 3.0566304187997106 -5.8708496282246045
4.442860822569699 0.017565426760940105 0.0048776076255703845 0.005402386564871801 0.05704543111052876 0.18057487271939754 0.12763464126341673 0.12582122749920602 0.0028293084149222615 0.015548005796764512 0.013801847128496164 1.6860038959792902 1.671562666196622 1.4476619320520772 1.6683095293812162 1.3059911704943348 1.3203953748502777 1.1933129196620447 1.5541468313594806 0.9734181721909209 1.3852339869176857 1.3561104274530906 2.9304079441636923 3.3406370941169183 3.261078694610737 2.5541392269982275 -5.952728527602187
5.1230535911287465 0.01751187934215683 0.007283622696493425 0.005529455426019241 0.0538634245839476 0.1801117012458884 0.16601863087601632 0.1271257199726404 0.002508526086718421 0.015449331749726972 0.014148378673897868 1.6545433400964351 1.5537996904070699 1.3984435784558746 1.6443918278097187 1.2989771233782748 1.325863483529136 1.198738796573248 1.5660319003644305 0.9728867303720546 1.3906612562952687 1.3547603697059958 2.8847306265413537 3.2872465016708006 3.223154562245325 2.486778862187061 -5.864859373260276
5.957605029002207 0.017855109324244178 0.004372370632927216 0.005161578919296091 0.042439595957750424 0.16922530618800546 0.10385630559214964 0.10684444205583736 0.00258603235352204 0.01672654226513831 0.014776010183114693 1.5668818501001736 1.448787343729125 1.3560473965635693 1.6157687372705276 1.2833192404648548 1.2988335846115173 1.1667141585433936 1.4695533607963813 0.9220499569318444 1.2746924710740426 1.2112578171495056 2.0445660088286477 2.314827255408527 2.227731748307767 1.704806862699998 -6.074430897967665
1.5054886732021013 0.021308273523548155 0.007008595707180527 0.007421202214424562 0.04011531588753659 0.19930857192449788 0.15083918298060353 0.14495675050046838 0.0016813603307906729 0.01056580846464658 0.008766905160588265 2.563577620789758 3.5489860230951087 2.4213390846572573 2.3431058952337014 1.569476411953655 1.426163742546767 1.202670261568729 1.4956293787806025 0.9102234805381557 1.2702030769397095 1.2187234896716683 2.284322746069056 2.590765002597988 2.4928261215759515 1.9189389651867192 -5.324365734159378
5.352576353943274 0.01764117716821532 0.004298023964143442 0.004822639730492516 0.06502751027786209 0.18855844945313585 0.12436234335588663 0.12374466782969981 0.002765815710237743 0.01692183142752503 0.01488243621378047 1.5505543251625484 1.5216254931701945 1.3912177874860219 1.6454717891694783 1.2738520938240667 1.335394342689872 1.2119922779603207 1.560876343242569 1.0009953505638383 1.4462785595023346 1.4372985443282988 3.4586312212627575 3.9926441580392504 3.9115177401938364 3.0581796764280926 -5.912652792688023
6.851805664533477 0.018018598384459003 0.0051471187480596255 0.004981857739559369 0.04993432881528561 0.1778251775727554 0.12612372102479386 0.11217769656000223 0.0014233069593451433 0.016566273371030504 0.015140382826763507 1.5447915581290772 1.368971740450293 1.3349867315144668 1.6190860751343497 1.2909686371352505 1.3156838506505535 1.186557192025521 1.5464573424402073 0.9528250564790882 1.3394308842234282 1.2951138292364535 2.510061886110111 2.8278716570232083 2.7596906201143936 2.1253966769957446 -5.858623795431212
4.392342848979915 0.01761929263815105 0.004702810660986171 0.0054055069645476015 0.05775265969933156 0.18162866904099842 0.12470268527952504 0.12660078555193222 0.002899491851666486 0.01554016160337758 0.013760990827141249 1.6840602459764107 1.681585758943678 1.452465972774648 1.6686071709148198 1.307454914487572 1.3211876900435744 1.1943920368300092 1.5279082282819596 0.9737007587263715 1.3896102519489704 1.3635035178781407 2.9701419560543316 3.3985579080633963 3.3121212326401035 2.5688569589745196 -5.989686489523967
2.091904232617378 0.020033480708917136 0.006921556620001317 0.006821646671412792 0.03661873034921824 0.18505524486656844 0.14506128997536683 0.13109377457368368 0.00204070789776173 0.011949312297987714 0.01012826201041875 2.2587376276269895 2.7567125993175776 1.9744860615368942 2.007070114372521 1.3931586058173722 1.3352895936123157 1.1622348952517403 1.444015096629387 0.9030335372607605 1.2510457703199198 1.1890920039071542 2.026458847510254 2.29680149119491 2.208975857580105 1.6964016574171477 -5.60051881690363
1.6282585485160623 0.020768687953583602 0.007362871468957182 0.007553669504071767 0.03649849675970101 0.19229373720673137 0.15292101476445946 0.14295668263389788 0.0026950986181978917 0.010265888012649887 0.00864379041705552 2.6554688952059275 3.355925294840249 2.299119661411822 2.2512317986380763 1.5192909938798997 1.3955013357765493 1.184729696163551 1.459915558021449 0.9012229019780934 1.2503987073037774 1.191123878855394 2.1001047074701242 2.3791724005036556 2.28437704186854 1.7464560293001123 -5.322956601493806
5.36481910365772 0.017209267648153795 0.00459845273764818 0.004545487379627958 0.06552221292704652 0.18464451836429802 0.1307847205625269 0.11802843406759138 0.002816251965626537 0.01678475278232662 0.01497805428480728 1.552799688336056 1.52155449650552 1.3906290236080476 1.6478416224544592 1.3072550895489194 1.335479623531675 1.2109141668468897 1.6034226136037673 1.000761145808556 1.447213457466207 1.4387107402017218 3.4643979201292705 3.998916142322347 3.9228336978723006 3.0776103579694283 -5.895178741764901
5.05900809440907 0.018142826469810552 0.00759688354774714 0.005453505639385373 0.020038595790924364 0.15307841865914654 0.13799587806009356 0.09192149062313945 0.0023926214002042705 0.015177408503717557 0.014101038288510847 1.6653590421363886 1.5546968948716684 1.3875496932133764 1.6159473360797587 1.2664528541371238 1.265615625435859 1.125829191215136 1.4293048469664233 0.8558849088690613 1.1418177593148813 1.0450045223250197 1.3151277162291544 1.4588887040517344 1.3734586640002207 1.0278785546617817 -6.097049617236982
1.8836454879441362 0.020172278012130503 0.006699233856503935 0.006866821415384807 0.02375973017193936 0.1735537594816748 0.12845349279970605 0.11795013742117096 0.0019980064544005954 0.011729306544180468 0.009764003494782656 2.2974336056120865 2.959715597412675 2.089692747584172 2.079534408503845 1.4252876608296712 1.3372230709493245 1.1460018688915923 1.4302070968559475 0.8600531693514263 1.1624812214324411 1.0735929310272463 1.4992612059568753 1.6745653637324849 1.5777553662824209 1.2091082791801808 -5.6101573582568856
3.579030430198443 0.01772304926118279 0.009031848109771257 0.008129294401913982 0.04408879141576999 0.1767239662144562 0.18645345375324165 0.16357442451654855 0.003539947948437035 0.013792259435203992 0.012015557843741883 1.933450303619485 1.8933322645099055 1.545271093843055 1.7176529675825227 1.2896098111770378 1.3099042433757544 1.1756959979816406 1.5216202080879249 0.9456115888837184 1.3326584945471236 1.2885333639296965 2.512550667723869 2.8862987016399595 2.798381478610111 2.1594919808524597 -5.805212352761436
3.8751106520213146 0.01842971795790288 0.008473391429885261 0.00559926708542815 0.022617290149338005 0.15899177554172075 0.15386967907119994 0.09750473103765989 0.002643459579201048 0.014280902197790015 0.012816530153083355 1.8049508565028265 1.8004940970942203 1.4923119248836978 1.6731001011978714 1.2860713640498511 1.2712537889429576 1.1286837874304327 1.4030686551140579 0.8656825460829903 1.1641697239166096 1.074603058287522 1.4370288232388404 1.598446780685038 1.513346775594199 1.1482068187616181 -6.094665369166563
4.908237362227152 0.017528417612528654 0.005012279935008289 0.005189933013154672 0.054355234027045014 0.17781327804317804 0.12799778184204366 0.11997149169772253 0.0030475030672038167 0.01623483519384364 0.01428771604084542 1.61984141540532 1.5870010587997572 1.4117422501427004 1.6483601462786057 1.2540815836611778 1.3170182244088058 1.1879676461208089 1.5165938529861662 0.9623917150161263 1.3661346495995907 1.3305796433448496 2.746843517231722 3.1298876022377295 3.037601213792376 2.3529334829707835 -6.00596557825681
4.367402890525012 0.018021138253070737 0.004761179828220187 0.005202576273164988 0.022386723561010825 0.15127897969697032 0.09065827149965647 0.08649409896825576 0.0028193456433696753 0.015572208573757232 0.01364016492253519 1.7045045650676476 1.6771550565328084 1.43773668609923 1.6369085120405218 1.227983964894162 1.2634932788961044 1.1224008318882388 1.4235158543358841 0.8530462615950847 1.1342812073281476 1.0372936422195107 1.2879330136012659 1.4250873599687917 1.3382306440424099 1.0036229558364282 -6.170741836862779
7.768464857331966 0.018290366739496446 0.0044131075646806845 0.0047497167218791755 0.04497339095731034 0.17483174918290018 0.10777815065229587 0.10313714710311961 0.000868546433086335 0.016936815953276056 0.015458454037847076 1.5075189852763442 1.308987536288816 1.3167704919177166 1.6109630530986598 1.2865427307816728 1.3072614032490721 1.1768219796552495 1.4852983850365515 0.9325369044001139 1.2987597333151275 1.237745428132492 2.1875938025825654 2.483653172249641 2.382524861693669 1.8241139651335359 -5.878537933591351
6.712409065724169 0.017669067811473965 0.00459526946797017 0.005312822735093648 0.059901064750864944 0.18407317258232173 0.12642844530244865 0.12829395422405196 0.0018394029074658895 0.017287621142578917 0.015267814292006406 1.5289286437744496 1.3815047066388033 1.3433732158792593 1.6290738288047246 1.2577015848928228 1.3325911824699672 1.2063024033349996 1.5889427472048294 0.9891437309469651 1.4154536358892127 1.3928039718244876 3.137135071979357 3.592423326620135 3.5084097114941715 2.7334780059910897 -5.827357569056479
4.3011166141456085 0.0179566518642222 0.005012558022085094 0.005412590654228708 0.015602721164040026 0.1445438654107584 0.08907536563874684 0.08368216311482456 0.0027096382062993924 0.01529778695498987 0.01358833811573096 1.7028299190883702 1.6909871603283049 1.4408227171070849 1.6368238572076306 1.2667310185190674 1.2532965034413517 1.1082208475823987 1.3624601778277068 0.8322320947791164 1.0932804574845731 0.9865827822798031 1.1066781270898352 1.2165000145655265 1.1354469219096783 0.8466977258613411 -6.250047714588599
1.6796094145141691 0.02074047688368362 0.009212512416742794 0.008667173764795524 0.037515342082428606 0.19599703201372018 0.18716615369462633 0.16728327699230422 0.0027958511232103376 0.009733978473316427 0.008397756647463676 2.745760497261145 3.26270670517039 2.256193019246133 2.218344352597724 1.510421202905512 1.3929945445366119 1.1878727335036856 1.4755538878534327 0.9140039491881 1.278593738538695 1.2258679634797993 2.307003170780898 2.6168199283934115 2.529556392820599 1.9517667462385229 -5.294371178467981
5.502126273653507 0.01754268970052898 0.004709560390954435 0.005125345419195716 0.047096509738392044 0.17077788762454402 0.11494398849673332 0.11122176823670031 0.0027957109021034257 0.01673068776059559 0.014760209174940982 1.5599828664136732 1.4989481429248857 1.3757473603023873 1.6266481050949977 1.2890210294090871 1.3056886057055497 1.1740425755105917 1.4874181644062776 0.9366120649208253 1.3087406551997611 1.255284617324561 2.292003602150798 2.600348298122489 2.497675621005271 1.932076552612463 -6.061576741729825
2.0318980486446763 0.0204393545411759 0.011210124451610883 0.009266923728726678 0.02210496946532098 0.18144842475729606 0.19873021449000605 0.1626310479081826 0.002104736296191724 0.010355147210458077 0.009107598808240289 2.5104096858078653 2.8071470860576735 2.003134030410371 2.02155407609691 1.4443077058767726 1.3297407887753254 1.149233405331268 1.424877246941029 0.8796158784543 1.2015549493739635 1.1194063296169747 1.7041292475725072 1.9191641732211764 1.843526512545136 1.371615355194053 -5.583568455435513
5.707786021578802 0.0179879292034833 0.005228058167145742 0.007516515038190101 0.035210458973575484 0.16690458293172836 0.11466046671817613 0.14228734005282695 0.0025598966944158376 0.01619049785017606 0.014047086518383253 1.648285032654721 1.4767255473379715 1.362636251223875 1.6195945568608057 1.237110825104289 1.2962501649932743 1.1544861922085963 1.4705951197189628 0.9066303718764261 1.2461407327463558 1.1727040296387572 1.863022252795762 2.110061067981137 2.0212680651074817 1.5234910967954616 -5.928311024193787
3.647973811603513 0.018027030899484 0.008855774180386435 0.006410163265076062 0.03128162777512254 0.16528720877033787 0.16888099484906957 0.12191946622535917 0.0028749095755141846 0.01383901821406398 0.01227806444890582 1.8957788657832433 1.868813253666081 1.5273202152845387 1.698388927472267 1.300951456424036 1.287045080418425 1.1487216835961147 1.4386242268476048 0.8965590871318888 1.2273260261428716 1.1547915291342665 1.797765264923921 2.02443116292817 1.9322576960262166 1.454994935461978 -6.024319620730527
4.759754902527884 0.017493185192481244 0.004455757142736478 0.005364974477028313 0.0610511784106284 0.18322882358250736 0.1227314685483285 0.1291804750160224 0.002931314482001966 0.01620995411925364 0.014181985957399364 1.629428769771028 1.6133610438353208 1.4247242749879319 1.6570324483396488 1.2612497704908756 1.327235454045622 1.201005633062539 1.584881698552152 0.9857901896339427 1.4151165975552866 1.396581110191922 3.1864407380012314 3.6509326414760706 3.5676988288182456 2.7968375003479458 -5.92516052994671
3.877135612802424 0.01786956158750606 0.004961157523568394 0.005564407487678574 0.04786790825199543 0.17476711377102244 0.11944635182054789 0.11897209576622524 0.0028111538887111596 0.014711433319250925 0.012800843749422157 1.8156618513773004 1.8012851151968599 1.5023101906813587 1.6878384054835645 1.3068712397032713 1.3050794872387583 1.1711798447194905 1.4860866536578385 0.938567773121246 1.3142788635586644 1.2662208079404265 2.380201712196633 2.701059753313605 2.6047323493612993 2.001014877725423 -6.017382737317528
3.62705822072653 0.018310476874792096 0.008466134532442032 0.006623165306543276 0.04493610702431334 0.18046980259042328 0.1774345812949012 0.13940789660223502 0.0027747337492470795 0.013903345495646743 0.01234372398731585 1.8813792016445927 1.8791451501174752 1.5372283658150512 1.7122588374924907 1.313774958375336 1.3099043001976904 1.1763787013773646 1.530599841883318 0.9428137791889074 1.3276392153464298 1.2831199654045518 2.492449999464145 2.8416012946491285 2.740250893485012 2.1218186066538767 -5.884711057961591
4.729035036513466 0.017882832872871558 0.0073120356714182965 0.005189096813282153 0.060206876280372745 0.18942949442123141 0.1747729953918625 0.1278592875695924 0.0027372266318875303 0.015408247364655589 0.01408404433128095 1.657124382735155 1.6196810320858648 1.4280366044986597 1.66286591822237 1.2658193253395178 1.3308845839200623 1.20561790229057 1.5542871373126674 0.9934766300865384 1.4328527003376963 1.422429935263446 3.3469373593536345 3.864353212198601 3.7878573137103917 2.9855987808732323 -5.834724794599594
4.767231320308675 0.017575813890384154 0.004447690348449343 0.005329140698900486 0.049979696075586125 0.17370528914995573 0.11193370282259747 0.11720273678803801 0.0027852072932784463 0.01612027429098004 0.014215365942235247 1.6282801701557141 1.6086514617571894 1.4188622479345205 1.647137995537215 1.2953494403089996 1.308536121737181 1.1780410655552764 1.536741444589082 0.9457916424356138 1.327531749239976 1.2828207289183677 2.4491139132081656 2.7852070891419616 2.684202036701658 2.071254559302026 -6.021925691697608
3.593101400276761 0.018006723057274087 0.0080564811886951 0.006141159365740861 0.044661527559697885 0.17726869713325952 0.17007465251586062 0.12902769863712465 0.003097014007976599 0.014146401649223104 0.012487129345892516 1.854740369670428 1.8899801460779315 1.542784773701926 1.7138841253738368 1.2723282151838733 1.307820174062165 1.1725368037346584 1.5239110599476011 0.9377023294697695 1.3170467405609703 1.2702188112742705 2.40159883764096 2.738173909451734 2.6680430916370272 2.024430485618951 -5.897201722489631
4.651481425720579 0.017593740097861722 0.004560317117812407 0.005319006422127624 0.057942569052780744 0.18129410974131496 0.12211765204729713 0.12531440516353753 0.002910562055630189 0.01604557028954661 0.014044355782856685 1.6478902384486027 1.6305900499402026 1.4312027095388307 1.6599931807398813 1.2591324168889155 1.3218599519653504 1.1953043721379661 1.5292413103824953 0.9740053916191009 1.3905323193764094 1.3641059430587799 2.9688293642372 3.3934851149457956 3.306541404290642 2.5745186729396736 -5.972689917517491
4.022676769394877 0.017940462912210974 0.005646873218714504 0.00558414524425292 0.05306975562573349 0.18117460088715892 0.13776074582571377 0.12568849661044015 0.0028694928944480017 0.014688899037342105 0.012976803624783217 1.8345234325921116 1.7663346203752543 1.4879951338464381 1.6840906747078381 1.3100114326016303 1.3150296437759221 1.1841554535081316 1.5116327432970054 0.9599175466872106 1.3607662014180446 1.326926628304679 2.7468514720038177 3.127327625920181 3.0370098899465248 2.360736549256508 -5.971257226103797
3.557933951742268 0.017471098307497237 0.006113087110333332 0.005683097424983848 0.06079550702335146 0.18485242181999717 0.15325717644000275 0.13433827236742815 0.0034509246885867776 0.01423309772341913 0.012411253566796523 1.8582811909874652 1.9046788872405909 1.5534528961772565 1.7290518781768207 1.2845338498581473 1.328428624478434 1.199433608819955 1.5800085839441076 0.9858955249986014 1.419253876081682 1.4066413196851841 3.2828885446169567 3.783335706922672 3.7168381664704637 2.9143428272145866 -5.8169098975894835
3.0365460981907266 0.018532750050816792 0.00611357970040594 0.006101474294713404 0.06089172636714085 0.19453900511462396 0.15416870154552736 0.14271526681178776 0.0024952081149663347 0.013541970822250707 0.01168736108814733 1.956578383323559 2.1093388886691833 1.652883203340343 1.7912802624663506 1.3081794309060342 1.332869117336247 1.1976255028046388 1.5403745268507967 0.986828730403182 1.425823703570287 1.4153591364433422 3.401499206214389 3.9196920837308316 3.8451074617138072 3.024303990381874 -5.70950348769443
3.870399313579824 0.018064378426903612 0.008981020290086184 0.005570872203416787 0.031603733264006305 0.16506865337540522 0.17029030107754398 0.10606448621326095 0.0027085677012709556 0.014013839625601104 0.012794977325433426 1.8094895931083295 1.8024965835562812 1.4972034895084787 1.6804240146851535 1.2948927151121523 1.285497628865102 1.1489743058991424 1.4759407773596265 0.8965623971309401 1.225378290531587 1.1538359399313036 1.791621863548591 2.005089655542451 1.9048602456514026 1.456349323610955 -6.0135755981302585
4.3701449589865575 0.017598328989807267 0.004663866082788414 0.005430124531124806 0.062860020522921 0.18604471408642292 0.12836571202729838 0.13212030356768864 0.0029003639341168086 0.015519130155192365 0.01372055800788784 1.69036874406395 1.6873431268501835 1.4569199268098807 1.67343072663965 1.3128401497570883 1.3296362847420349 1.2037085703949377 1.5491990906528146 0.9913203655173497 1.4303717775258709 1.4175346426658515 3.3511459490576265 3.8471060905508114 3.772048337738347 2.955267537351582 -5.948686284172013
4.446277682603665 0.017571503963252046 0.0072478148894010285 0.0054557909217064614 0.05037136785887508 0.177176110651119 0.16355415350490046 0.12199615642576361 0.0030030789673592137 0.015227607928612871 0.013708150037094587 1.7095736614770045 1.6712614050901802 1.4452425085837168 1.6652936724752645 1.3004117464038563 1.313155295910851 1.1857349986085794 1.5242464838383445 0.9553252402543888 1.3511037810957207 1.3140006252170056 2.641650825824903 3.0216179759194506 2.9202767516119446 2.268676366035981 -5.947770253321575
4.2466234401763465 0.018121825001654598 0.006266503733194233 0.005597798320791948 0.038647570903589445 0.1698127327260955 0.13504242361780552 0.11132530644836539 0.002779785787108878 0.015167196879165928 0.013430979242578913 1.728637915040101 1.7108773163091666 1.4578467305216125 1.6618674375781344 1.2477833355235612 1.2928605921542506 1.1629181092725231 1.4956926462163032 0.9139105944762784 1.2588268048042073 1.195416157444562 1.9935299758535068 2.2405218467177006 2.134169529231739 1.6420227755241223 -6.014629299179181
4.286195603175907 0.01763178331837116 0.008519966730294438 0.005642845734872875 0.046906953399711855 0.17573729956264544 0.17877880706428287 0.12268738973225238 0.0032816678969930365 0.014318749806112563 0.013430335205153226 1.8749163298213487 1.7046597169933697 1.4589219664051256 1.6694205973138947 1.2590447317675062 1.3095993583760954 1.178268245318222 1.5379722973431964 0.9488126137285688 1.3344955694297984 1.292691179954012 2.5281834818477242 2.8811053248770166 2.7724235705322613 2.1418855251144766 -5.919509057958253
7.389500078887034 0.017188337108391773 0.004483878694554771 0.004539835158886008 0.06538460407567316 0.18410849422917977 0.12911377379721223 0.11910974426029937 0.0024091114288755542 0.017601610150798704 0.015690399876797812 1.5026318222301855 1.3350794091649605 1.331726463314386 1.6303464575545954 1.2629588064408084 1.340871051658385 1.216064439362169 1.5689268822625257 1.0047743653896541 1.451708291991122 1.4425168566970712 3.4600635654785488 3.9864955569860503 3.908890401662955 3.0888900344130126 -5.840199625952736
6.023813293821233 0.01716455013845851 0.005162111993671541 0.009919821301058916 0.05824257197995928 0.18492127081478738 0.13859414497649222 0.19961641658710158 0.00441900270094206 0.01645530350577952 0.012300820259330868 1.7421424792124374 1.4439202150925383 1.3631967770579874 1.6372750814001804 1.2963717431406443 1.3352140970329758 1.210462867116365 1.5718489052934252 0.9994985490980298 1.4370451068974686 1.4205592298061607 3.345264296348821 3.8991991010151397 3.779752981708827 2.9873692350191576 -5.587903636695425
4.12168446582549 0.01776732394835582 0.004817366239856451 0.005459211300328205 0.05782089113783751 0.18291619554155178 0.1264894945769695 0.12744885134598255 0.002872177893861175 0.015223343891375427 0.013251562592159703 1.7513330824186464 1.7414607267324547 1.4788883788697118 1.681660244478572 1.2661891978730444 1.321122049795918 1.1942152696554305 1.5274409097508455 0.9749835187773518 1.3903992156405172 1.3629433688199173 2.9945069262018675 3.4249651995175805 3.3273126041442485 2.6172303940760813 -5.9303123056745894
3.1915471561035784 0.0183802939771784 0.009460451217048065 0.005991776648583709 0.03968812271317148 0.17621748086658434 0.18528869964070682 0.12188827539626658 0.0025994257368481734 0.01297134130854669 0.011391062674032329 2.0379577932599346 2.0312532743522573 1.6101829551271827 1.7513793177964607 1.3280939516975396 1.3030506009834726 1.1631201026183007 1.5080275751483332 0.9252493201559803 1.2877069738629194 1.2345420204712785 2.2232340577509087 2.516336208916805 2.4127562204124953 1.8521112623929719 -5.8940764076842465
4.28241892759166 0.01788614643919323 0.005559724881830045 0.005955016709637896 0.024623433113328166 0.15373501753293872 0.10781077082476939 0.10288491697179149 0.0027927983883130375 0.01510370103315893 0.013325878666622023 1.7484325182506142 1.7022095223797356 1.447372140030744 1.6487236919369403 1.2775023857605543 1.2693220043349187 1.1296104306018873 1.4004986201007839 0.8639682534888886 1.1578409991498737 1.0668512179037328 1.4076483132493378 1.5618297673471606 1.4677840606709318 1.1094847623915864 -6.189645246578661
2.0043178060600173 0.02059591400330597 0.010905952623701391 0.010674076092135486 0.02544918950132856 0.18696752450465123 0.19997897783324167 0.18455131354998047 0.001923283136011194 0.010744895795383258 0.009186372161319522 2.4629289836314787 2.8482445598573394 2.0189969877588685 2.0437944169996944 1.4125761814639073 1.3406865481147554 1.1599956505282063 1.4397171107098903 0.8894359747801273 1.2304762752278802 1.1567355693651877 1.8994175270614297 2.154833040212708 2.047207266478298 1.5742946892847935 -5.48127029895035
8.337595014187752 0.0170550405953233 0.004925300125827705 0.0049813620417716855 0.06473485483901299 0.18282028886746904 0.13641207150063955 0.12705504256875394 0.0022941361817970136 0.01658395340961827 0.015399523647848157 1.5889475064780105 1.2848433042817897 1.3203650828759015 1.6296467274055892 1.2648233879261699 1.3429540986515962 1.2181690860831962 1.5718005262472838 1.0065026979473375 1.454527130245324 1.4454359800716707 3.4778982229433653 3.998688729370758 3.919831876160669 3.0865401092102935 -5.771692800131846
3.002785043987825 0.01862541302114298 0.009940281925618645 0.0061271155277760996 0.02474690131901738 0.1643703845042063 0.1784494726265689 0.10952567241653763 0.0024404709531826475 0.012489786735529838 0.010851063214427428 2.1152443855924883 2.110568223308131 1.6442959871286456 1.7654231011275752 1.3258491281356948 1.2836746075756418 1.1352040982209757 1.4507903332979692 0.8762101412968205 1.1883536674846369 1.105584971240782 1.5874723383716567 1.7733159857105547 1.679598723996521 1.274402347812637 -5.969309721428931
3.111613388692518 0.018445156929291284 0.009225622251276596 0.006183417025082453 0.04863801472250515 0.18548778830173118 0.1920106195996588 0.1346095557068007 0.002953809033042623 0.01312737914939086 0.01171400340213805 1.9865885529905558 2.06586367226283 1.6302794390033943 1.7687410210110686 1.340334484680281 1.3178293643555297 1.1806985890310264 1.5062839049136714 0.9545738591892309 1.3558852524083673 1.3186504507210812 2.7322261353813664 3.131723306534455 3.0461140351332037 2.375401187091852 -5.826189555276171
4.248640214761511 0.01816598026559514 0.005156937553038614 0.005470334890246456 0.020031576168930462 0.15113840028453243 0.09615892328261903 0.08916069907960499 0.00268313159633457 0.015205004524961586 0.013523177096986822 1.7202934370276244 1.702527339469576 1.4480966246874378 1.6420950795971059 1.2723419874870023 1.26099206194509 1.1182578641642797 1.4169324598202295 0.8474565151532526 1.1237334223089939 1.0237635519028505 1.2405970215290147 1.374698810315935 1.2854193196791401 0.9657869465698258 -6.190442730668496
3.8159745277640997 0.018188557836575404 0.00797514901401624 0.005589307614116823 0.05145219054468436 0.18430377255954625 0.17545217366252122 0.12594749795787502 0.0026328253014573986 0.014288334137805548 0.012894658629645282 1.8023485529800383 1.8232688904563534 1.513410329166511 1.7015461373054237 1.3129902210660296 1.3163562465996173 1.1892705539823387 1.5524517516292706 0.9630104321422767 1.366348108789538 1.3357073968350077 2.8109564209872553 3.2037129444885837 3.0999573539199528 2.420511021085962 -5.859012202936563
4.279933447160925 0.017994012333365624 0.008579330379285426 0.00552001163809496 0.02694043362016356 0.15984215798829537 0.15942377393560214 0.10082246412686383 0.003233160321288052 0.014259275449181123 0.01353331492240197 1.8763911567596057 1.7008113180985398 1.4487090485066936 1.6507765352906747 1.2821480889197814 1.2776271561483894 1.1399974667067603 1.4203886975203546 0.8802480789837127 1.1922100832878788 1.1093038078239386 1.5765004925900947 1.7645017317925484 1.6784583368840365 1.2652286751394908 -6.095455500150418
4.478454507735267 0.0188025824796165 0.006767066761744717 0.005391217016077732 0.021416360483240388 0.15938715572901316 0.12765936696509306 0.09124370991795568 0.001687753592663106 0.015379268436215838 0.013759381898558506 1.6849189617980664 1.658114252022066 1.4290396122323143 1.6368747213094081 1.229117750157127 1.267431211990611 1.1259197222904773 1.3954594626493644 0.8582202241843092 1.1473693738304298 1.052124673412364 1.3501137036442536 1.502845249898502 1.4084765045498664 1.074282152506044 -6.0356787074769045
5.715270073785987 0.016704364939542596 0.004614766140809361 0.0046426143877329115 0.05283568237374275 0.1682448545333665 0.11781767628559552 0.10670195274326087 0.0032361693764980442 0.01655634502272348 0.014778242997527809 1.5987399553921746 1.4736359030181678 1.368545154842775 1.627602369632035 1.2932743709224563 1.3134185903682525 1.1835133018466157 1.544345388870835 0.9560031792109092 1.3422592158154274 1.3034846319236026 2.5425939465833745 2.8973470735100335 2.791454904133931 2.174542174156939 -6.022645000895193
4.7028535212287945 0.017842646929223955 0.004966375704114005 0.005335282808228047 0.05873612655099487 0.1850227916952527 0.13147950132330635 0.12698393431511193 0.0028949978579935584 0.01608406452660379 0.014168524894269162 1.6335911301399757 1.6223970906201188 1.4280969915570614 1.6590523262756471 1.260342139364595 1.3243748932571102 1.1973814836362857 1.577883913961377 0.9790244705638395 1.4023751755551204 1.3808171306987187 3.0720062579096536 3.5221680848889325 3.4367398618484635 2.6998085634978026 -5.924971869461239
3.9038733565021344 0.018232810046520897 0.005276872731644775 0.005571101480027764 0.021026801716637664 0.15280977899139536 0.09883751633371535 0.09167202839250423 0.0026414633332259305 0.014656150374392505 0.012828248157067358 1.804980686212823 1.7864103593469771 1.4859792220544894 1.6658243187943056 1.2803717920270128 1.2632833629769642 1.1201462405416038 1.3839791497666492 0.8515071723733074 1.1305331371035856 1.0329942589839223 1.277876050446588 1.4113978776678622 1.3303130831820869 0.994848333213972 -6.184020667651899
4.522886311987649 0.017617975865720184 0.004591894080278001 0.005265375317233051 0.04964163812346508 0.17374624657935409 0.11439791412254377 0.11561024820352692 0.0029525933589531887 0.015880610314403572 0.013903103915713314 1.6634969121802554 1.6529443323338833 1.4373100475973 1.6554604892222071 1.2523188627579391 1.3075517087317008 1.177956878405424 1.493856579646036 0.9436154263287039 1.3249060713487024 1.2784546184027856 2.434214481153435 2.7637890516777004 2.6685454326519435 2.057646671515393 -6.03764626035857
4.325891635904839 0.01850281857649796 0.007838062332500256 0.00571692980080559 0.05630768694556861 0.19213944537642536 0.17821028313296308 0.1333296444972348 0.0025717817797482004 0.015018756718947132 0.013539800385543662 1.7148352226995138 1.698421503279047 1.4573757969167036 1.6760496689843354 1.2854068149292606 1.3361367983452577 1.2056682957254594 1.5750893388058156 0.9790417401686403 1.4215610312516773 1.390335086180583 3.1847224387729067 3.645919300500374 3.544807996357001 2.7828255564831217 -5.804342557976853
1.7924470224206128 0.0208039209861794 0.010305420166418437 0.007339586144789545 0.023999894115498435 0.18272032657303186 0.1863323141239857 0.12954716297599705 0.0018372074804584827 0.010474467570800507 0.009034211507703099 2.5514824149158013 3.0862483122604485 2.1570428737859584 2.1384717406568696 1.5070390847490702 1.3585071602602514 1.1613166852159897 1.446750991024571 0.8727394647241815 1.1911875734010777 1.1102116351852411 1.6712644649121458 1.875308865836226 1.7975369390996538 1.3670457990941969 -5.5495374331513965
3.8196565189030465 0.01846767792209809 0.00820973042475093 0.005606050011762485 0.020501024308447423 0.15678745587520473 0.14781235403392548 0.09491861532488823 0.002245818624391958 0.014231033050804665 0.012770164789651843 1.8066426097180086 1.816367522772379 1.498145230056633 1.6740429903224276 1.2848134535814089 1.2674900568037073 1.1242689414686569 1.394074496748776 0.8589494212013029 1.1481392352495872 1.0527991372833951 1.3546576140849294 1.509881350448118 1.4270136846464654 1.07845071141515 -6.06393965038349
4.002238459258706 0.018789007453581225 0.007931371267377772 0.005838724022559642 0.006401836411230025 0.14642779678420836 0.13053069382976706 0.08557237574576985 0.0025477517097309225 0.014543169238038852 0.013001941484896242 1.7821891649120145 1.7590750278151472 1.469332666445786 1.6468745548144264 1.2673118735873468 1.2458097326528423 1.1004940855337793 1.3781358080272381 0.8144655308552372 1.0611723249034837 0.9470873641894177 0.980693468085981 1.0739723345069832 0.9968177215550815 0.7380674474059152 -6.1747359817241865
2.828674282751306 0.01879009842394291 0.009095040593529025 0.006313025840422857 0.05852917018276005 0.19768413363925877 0.1994656712838292 0.14632527610280152 0.0025926341930270027 0.01275890022459898 0.011214366406774298 2.0689844101350947 2.2141065307197314 1.7048703446467544 1.8264331867759178 1.345838386989358 1.3381435626019575 1.1994750047286271 1.576871342912169 0.9879533940845387 1.4304839796552273 1.4236765692437443 3.478657088514491 3.9999733111425333 3.977438792045862 3.10313990521177 -5.635054841830953
9.089390128355518 0.016608021260915144 0.0047875235009844285 0.0043302596565995615 0.06527768211370173 0.17937154496785024 0.13361737151440742 0.11459383571131429 0.0028728484983390696 0.016957409037356805 0.015794638720093478 1.5133651122896359 1.2545197689875829 1.3144435074616052 1.6315533844787158 1.267148654382789 1.343098894387661 1.2177109773846673 1.5963974030244423 1.0050988015931421 1.4518288722861628 1.4395292772827708 3.416551647811309 3.944164548669037 3.855929568823079 3.035549788577378 -5.788688432028429
4.681679626645787 0.017538449461688522 0.004560775385793734 0.00532014179546835 0.06375098855951157 0.1861986002437853 0.1278192505401812 0.1312154768794037 0.0028684382870685964 0.015977555683529737 0.014130675050396637 1.6410988952828225 1.6274936355342844 1.4317112953271263 1.6640582188361008 1.310389352135953 1.3317531527917152 1.2070933769143197 1.554019007731394 0.9957830923292773 1.4377854395869665 1.4260706525708868 3.4057305518153207 3.911050349472914 3.8354338600421296 3.0118232220093524 -5.946736007861017
4.703639867000059 0.017671810400801326 0.004702915079584343 0.0052434781263061975 0.04524559999297486 0.1700655976788576 0.11244769736785676 0.11067837922810421 0.002886816070776535 0.016082217435221067 0.014102005571417381 1.6403725105210136 1.6190003794788643 1.4212538041479765 1.6455470610463159 1.2463092029672003 1.3008481746926621 1.1684143636303033 1.4772621887660218 0.9301597038326608 1.292911559811508 1.2386179291507469 2.2030518165740096 2.4882284584384253 2.3941130447498797 1.8368470175434903 -6.068269535737996
4.1975116467496045 0.017936811151408005 0.004972258255164007 0.0054608163179256765 0.03896549736846783 0.16686239770297612 0.11118882458275475 0.10799520738212483 0.002766176604523229 0.015161787874760977 0.013380475711700037 1.7307786535914997 1.7237443018051826 1.4619750448772784 1.6605938702121172 1.2918259400056635 1.2907736135359722 1.155097825451802 1.4523050490150111 0.9093913042410158 1.2506123796693216 1.181331720719734 1.925129260864665 2.166314138203421 2.0750298171480765 1.5789846485421861 -6.107654766979119
4.571782427950631 0.01786623154017311 0.004966617066342613 0.005294869576291059 0.027952356775496637 0.15559148645845103 0.10062898238733287 0.0941156171856487 0.002714738159790112 0.015785123267921964 0.013956036052643023 1.661735031762103 1.6375816591377907 1.4231286280289108 1.6338640332344108 1.2755840180165852 1.2729115739446046 1.1341853272330693 1.4471812223162062 0.8703080948452854 1.1731226048373167 1.0830344616190983 1.472749301526484 1.6485267795435892 1.5506459178511658 1.1781325756289733 -6.160688294322726
5.1112566697778785 0.017039099697253927 0.004813202749202541 0.005190462412486945 0.052010582334237665 0.1704777861680744 0.12124535443250045 0.11662985724759233 0.003332581882107616 0.01619371527764751 0.014260318000427189 1.649705819657573 1.557129429507901 1.398060888586737 1.6409622647629252 1.250022168900981 1.3124339136827843 1.1835397890585952 1.5041486442396406 0.9520707214802481 1.3411464239214843 1.3013564030153635 2.5581706711105037 2.9058474545210817 2.8095518254713268 2.170671087212795 -6.0388549971190875
4.860590340848981 0.01768323534241881 0.005055754252595086 0.004874335650932166 0.05122973585467267 0.17605241700217997 0.12490550550175716 0.11037584112408523 0.002843522134183625 0.016230293785284414 0.014419013785088154 1.5948418662054005 1.5941265128786741 1.4133130634890851 1.6490090118453946 1.2515126448783063 1.312215777453912 1.1831421002605476 1.5034099581283928 0.9523200316553713 1.3398989724413783 1.2955661361635802 2.5377631706273616 2.8879105690457454 2.7940384821754423 2.1580690111938745 -6.014944854156927
2.8070970486333335 0.019153231391416264 0.01108200522856701 0.009309681826412486 0.012085124411537009 0.16072907649274093 0.1860261101356357 0.14889860537567048 0.002314029683443888 0.011822345704811764 0.010294424046503357 2.2516533839995314 2.205662131766923 1.6896191639966645 1.7913099076974552 1.3329709690885019 1.2756503561225627 1.1213671474657103 1.383193046895686 0.8507642284556461 1.135046432769816 1.0394410620524837 1.3190730361290826 1.4596559598408823 1.3729852622335397 1.0345356588382912 -5.930849529342142
3.8984398746546343 0.018075791003527675 0.008251299270097417 0.005663561892001197 0.05593873483832939 0.18765017098736625 0.1838840979006737 0.13241122257283103 0.002710531351671313 0.01444150414427504 0.01289502310358699 1.806817928145023 1.8016150318596982 1.5053428518001457 1.7001645080792367 1.2740193352680884 1.3246887033078532 1.1966591681522583 1.536831349761555 0.9813909489646352 1.405660327346026 1.3819179964857733 3.1348262622271306 3.5986099646119443 3.518271609966966 2.747327472533082 -5.845807551888801
4.765625784181948 0.017537884577907756 0.004557771750287496 0.005300236174697275 0.0625283218309478 0.1852243309637189 0.12699259661906137 0.1298207789914763 0.0029446020506146793 0.016189914687446516 0.014187351014395607 1.6273825855190156 1.613001174667819 1.425066070027877 1.6584611628664458 1.2627699157976926 1.3299307399897138 1.2041165847376991 1.5491903129677127 0.9914673232591299 1.428040408993017 1.413641584179478 3.307466495889524 3.798277350876324 3.7154320479013054 2.907434771355817 -5.942079382592349
3.677708576839466 0.01797599307084746 0.005081063306437745 0.005698163202928504 0.05196189127042256 0.17994545555958916 0.1260733208462373 0.12554411402296492 0.0027272621672570665 0.014462781248207586 0.012503775731370992 1.84918704485109 1.859447276982115 1.5309173699682517 1.7064621691635078 1.31651782393848 1.3123533233523663 1.1792535347020574 1.502536217051165 0.9528213986184816 1.3470632239289533 1.3085844137540645 2.632616958670966 3.016914564216009 2.917852652953918 2.276068269695021 -5.955797491917355
4.329462378820562 0.01764686837745068 0.004779505764958939 0.005407874642413738 0.062430042466216785 0.18621161666367336 0.13087467057430682 0.13139485398311446 0.002897917804490739 0.015586028950516858 0.013645371589877232 1.6946944463034561 1.6961884292535088 1.460496486735509 1.675805436897481 1.2672248640037205 1.3290203816177832 1.2034759952565968 1.5477019992506575 0.9917080801175248 1.427660571987143 1.414282907578472 3.3281774682668015 3.8231717926005198 3.7379530790473807 2.927039221250322 -5.916596324033077
4.654322931589112 0.017616335240478325 0.00452523585237446 0.005304988491590433 0.05244112358601556 0.17625191422803008 0.11579422226362007 0.11936807551384279 0.0028303500824957096 0.015932063459156588 0.014079607983764253 1.6450015782205947 1.6290311749356392 1.428300771126491 1.6530025191442799 1.2988880623556383 1.3125404346048861 1.182826274028641 1.5060472176298936 0.9561999686567442 1.3468856010664798 1.3051126610451578 2.604217562640035 2.955104980938557 2.8654299327815553 2.2274440729764877 -6.0304796266966205
3.043166764165933 0.018411940879465776 0.006285176005470652 0.0060750963962127565 0.061030056392030435 0.19368062474547457 0.15693523228785203 0.14230928419576783 0.0026160510849615173 0.013376247353934662 0.011470457365734373 2.00496054351228 2.1058639009290063 1.6515453786050767 1.790776910005517 1.308806853730104 1.3347731880791482 1.2005455539126393 1.5807323416725325 0.9867670355295816 1.427900055669555 1.4143197602214717 3.4116703182356245 3.9326662175340474 3.8646550023222646 3.0273395282966122 -5.700303281694525
5.193470036467755 0.01765521651288026 0.004678072546645379 0.004986524722753848 0.06308672566095133 0.18683095804919184 0.13048078678211647 0.12500748675707607 0.0024840909766409426 0.016556193865909955 0.01462392260127236 1.5857155808032652 1.5449696293068635 1.3987799887272587 1.6498710557048353 1.3067144781871467 1.3322961619289129 1.2099082569270205 1.5537939535186551 0.9969421788999603 1.434033757219024 1.4185971786119747 3.3497088201969145 3.840139246443296 3.770235875367518 2.9614968252012766 -5.910550186329355
4.04712112213741 0.01785329025481433 0.004836352219457225 0.005428262926869678 0.0415285139371448 0.16839584936869526 0.1107622516384525 0.10996550116229772 0.0028312872914695777 0.015044128654715105 0.013255796035825895 1.7400918792497082 1.755123518915204 1.4791427201538447 1.670939982272045 1.2966383717641699 1.2944193204925833 1.1587943228899287 1.4605885867288644 0.9170663675058621 1.2661720741026055 1.2043540601102938 2.0360510137125427 2.2943671373616783 2.1937807043952757 1.6848989727929304 -6.080728870195126
4.059434181292272 0.017639362470472705 0.004868565111424006 0.00549696848324305 0.06304111630038557 0.18711543473635797 0.13269282593450699 0.1333350210263592 0.0028174214865917995 0.015033179976311003 0.013166386613286892 1.7709788563761975 1.7578587648883377 1.4881531706339532 1.6905049138997221 1.3178464328833763 1.32960223575459 1.2027581566200314 1.5912326412461126 0.9932412026290415 1.4323844394874234 1.4225081222845035 3.382015582824676 3.898749896363297 3.809411193141516 2.98575531405938 -5.884322032239557
