0.5327372252237031 0.03351916483541228 0.008233811056150358 0.0027674914930984106 0.05263936049558064 0.1326952147528055 0.12503331693316902 0.11139660258663452 0.0015247658297897467 0.006133929938097156 0.0006911882162387344 3.28331627207879 3.4986813897465026 2.639505487322723 1.9200698960225626 2.408278324145262 1.872967374379178 2.199217427190725 2.170156546541487 1.7461230592090626 2.222030272671858 1.9013261773253143 1.5359931725062785 1.7176741710239742 1.6069656294412855 0.3580395876471423 1.8376380615010122 1.5752271694795135 1.0184214275287453 2.3522880482403616 -5.4155993283042845
2.0381385386496897 0.021065205308836044 0.0038261065578300453 0.0016401587708841253 0.08246288786345854 0.09179161052681356 0.07111780957964883 0.07808955859375091 0.0064094683758566355 0.01159404096641781 0.0014723392917917368 1.7678441367146664 1.291146754741995 1.278972982513489 1.2119031071223088 1.6958335128654185 1.6443804296286948 2.0773805651708854 2.367331042165109 2.015405514710023 2.8190740418394027 2.344739317659461 1.9481192466192656 2.391933981673989 2.1171784600167953 0.4713152024136821 2.504614309993115 2.170230140857518 1.4148624386482753 3.5609166137928345 -5.766686742219569
0.8354995734636805 0.02678223609461818 0.006493948802081578 0.0022404646282294036 0.08025597859436517 0.12373395442394428 0.12197494110523734 0.11286424067866331 0.004292668576190909 0.008090687721595874 0.0011245738532417377 2.558470674640943 2.411303154362889 1.951593386735097 1.5155173101429433 2.102589518477029 1.7229085403918851 2.1813405933311687 2.2938840311242545 1.9315717912552532 2.5572261908504412 2.26059612734243 1.880228920159396 2.3245336402402383 2.0596070171729792 0.46833175128275945 2.5055738810674084 2.1904243957740377 1.4463470790820514 3.833345243379041 -5.308690319361633
1.905899060030856 0.021780569011870077 0.00419828188348045 0.0017376753963721254 0.06496368349361956 0.07985624229704705 0.060748648659875136 0.06775528349334024 0.005810258577193705 0.010182984266370177 0.001277883623563397 1.9771268374426232 1.332823723247663 1.2920249341676207 1.2015626628178724 1.7387665578576406 1.6814129223013972 2.0788663478397527 2.1926813234135647 1.8332455548569173 2.523189961289873 2.067449612652601 1.6867649883643867 1.8846954538665661 1.7780191983260227 0.3900399887175882 2.0007328202487216 1.710862376503894 1.0967914285311557 2.507390243721373 -5.888715434753067
5.1304498451982194 0.020992579916858302 0.0034706334926381593 0.001898426978507434 0.08405184955001795 0.09700121075931609 0.07060696249321881 0.09542324772255825 0.005604480693849594 0.012355007516866582 0.0005608862144315053 1.7265136143258382 0.8992791801108116 1.1409556963428977 1.183363290792605 1.8020181072437638 1.7031577895729832 2.159716973360401 2.4558535089190086 2.0941952108671193 2.780197316641953 2.447783833985438 2.0264513563647926 2.318427981047089 2.2053244966822207 0.5067146100984639 2.6426913706884974 2.293173780254285 1.5128015869903835 3.9378044125277087 -5.4978377656237996
2.2080028470005226 0.021464797066144393 0.004022310470506414 0.001887335721991366 0.05717458403087735 0.07078737386449212 0.05111045113543975 0.0693152329312927 0.006042518233122174 0.010965353605304505 0.0011736385514363244 1.865629809745909 1.2225583617399216 1.2313552947767654 1.110291117758122 1.6301332820354577 1.5493053852051863 2.0311792738251913 2.1236055304915555 1.766088125333507 2.2779635160974445 1.958677011452718 1.5840748936665066 1.7569903137256973 1.6397610682432704 0.35848549342672126 1.8057727249695417 1.5307943237297086 0.9759138442545641 2.081664759754174 -5.914374563026222
0.31370080893465924 0.038479848746906006 0.009485311264470189 0.0031810363775789992 0.025693103247214896 0.1172946352208133 0.10426948134042362 0.09521695130632808 0.0006246427949148981 0.003843509057635758 0.00031464937419708203 3.9999999243853974 3.999999999686811 3.99714574117664 2.7586006771672746 3.2862466100368892 2.491042394420646 2.377357808980553 2.310903963970304 1.744794903584048 2.2125060484674943 1.7033209733481238 1.315845398446926 1.412328428129631 1.2706872727548084 0.275200151263776 1.3245221109120058 1.1065728039764067 0.6959935700890111 1.331912426582891 -5.118112743489154
0.6251249016154077 0.030475984422968835 0.0071568274660596875 0.002379515100261413 0.023104190828418972 0.08930545400830282 0.074756765739757 0.06172840915683707 0.0022582163911648583 0.005998358168945236 0.000846911099043302 3.4571698690025614 3.0213817467846793 2.3097859491961272 1.784502909907449 2.1308670091990365 1.7766990897399602 1.8336786898198727 1.900799046102358 1.5021098229777146 1.9748392384109152 1.5602947898997914 1.226504291964516 1.3308779403811917 1.2080343530377222 0.26281670655251704 1.2511258050912957 1.037464051024477 0.6486519447207804 1.1357007525993161 -5.688419899531443
1.256640022036403 0.025645554290668376 0.004540695567326075 0.001889112680636854 0.060286419395009394 0.10570323248723275 0.06373220065031551 0.07590114906889936 0.004578406301214049 0.010373805276805335 0.0014892274326257194 1.9811822098798655 1.7517344541122064 1.5332306312144073 1.323063562101154 1.742582318682812 1.574103860596409 2.0368796867671026 2.1333020567482506 1.7836404852221148 2.3198960044981356 2.010341102408007 1.6342103650264326 1.9781699593330524 1.7176567235212015 0.38659060931854156 1.9432306094377818 1.6564911851581332 1.0739337095589547 2.341921333858656 -5.689894889831909
0.8064845349126665 0.028678683386229926 0.0062121949053633736 0.0022446171917375707 0.07183682550611417 0.1312000124315182 0.10839074788920432 0.1060948212135667 0.003169022666348752 0.008759950797145815 0.0011240183177647662 2.3229701508704483 2.4734053732310954 1.9879129967156668 1.5303851615381465 2.018145874042017 1.70950611641312 2.0212969124670175 2.229868256726888 1.8652407169095258 2.451256358936115 2.153286792185717 1.775213683580054 2.181529867064594 1.9224950780762602 0.435534305296647 2.2843723043891564 1.985276684449889 1.300084875601565 3.2814780122872724 -5.313859502320718
0.6849004805400245 0.031055011975073096 0.007375648831893766 0.0025025927372853618 0.06145319621498067 0.13197151497487672 0.12076181607588078 0.10912959004237563 0.002258914283270444 0.007044874954784859 0.000854079128325111 2.9222148140078668 2.82558224182224 2.2105085148121972 1.6581008480886932 2.1398085362513988 1.8649608796269297 2.1354141547941867 2.1711199703581543 1.7920265176166839 2.322399962300365 2.2402271267825875 1.6501520626390238 1.8619736010852161 1.7499199633506308 0.3987791688168455 2.0489424421914944 1.7664072272229416 1.1534403366759565 2.7650315273708443 -5.467912654094432
1.6525326781483876 0.02203827206016479 0.004276218237209792 0.0017226164066784793 0.046509581881746274 0.061388318723025775 0.042563168047679414 0.04761377701486265 0.0057281540738637155 0.010040377609964981 0.0013971913780624825 2.0346554119299505 1.4485492956792443 1.3426454895407698 1.1489239374923157 1.633463365947742 1.604800435909557 1.9402548363637586 2.009667171139527 1.6511063976152218 2.2304614277949653 1.7953555405690382 1.4377689951720893 1.578402410363728 1.4503100585507909 0.3165974902624943 1.5576084831079373 1.3089101001770136 0.8240704156506536 1.5833241520195414 -6.027508217941296
1.925548935696617 0.021711983246585093 0.004272886359583245 0.0017231454400559035 0.07065983215004573 0.08501229089432899 0.0679600929611851 0.07252207637373657 0.005789538454265892 0.010264618824838204 0.0012855996132027008 2.0128347301116367 1.32724575997448 1.292374314562375 1.2070167258725488 1.6731891019787686 1.7054497841018212 1.9948205708679412 2.252437057045287 1.8928302739559535 2.6189952522561946 2.1563891896512106 1.7701849933507876 1.9921348238170766 1.8849629656365958 0.4182577916919692 2.1664175066392994 1.8580924331361321 1.1937985463385266 2.8526331387149537 -5.851572338727448
1.776006628412412 0.0219641547978632 0.004168568342519064 0.001677247474847227 0.03133222359235596 0.047392878578712244 0.02721624434669677 0.032032884312265496 0.005798785102980921 0.010482143686437038 0.001590956976990951 1.9547244080279693 1.378412114992468 1.2949352997414652 1.1737811379190475 1.662033863260171 1.4492310003400812 1.8451643013110344 1.882209598607137 1.5245080046459223 1.9178786528813918 1.6059370845404355 1.2665142624951655 1.4817914338330591 1.2434042825057965 0.2668019270079033 1.2736258751451335 1.053816735283755 0.651516177335081 1.119600647080462 -6.0201675534833505
1.3297235934927734 0.025561246464854463 0.005748620155675793 0.0018474351294535125 0.04263956600972051 0.0872018404448189 0.07468299855109009 0.05465553674214941 0.00453948624231092 0.008642294447729132 0.0014940470210132153 2.3766001492474738 1.6780249027042737 1.474882070283942 1.217140346451323 1.6867256653813674 1.5142184177685527 1.934083436693158 1.9956721430246598 1.6425133868693949 2.103340877583102 1.790556196591275 1.4322113365575302 1.581077560045935 1.4474106013821253 0.32055727902927716 1.5697178309213173 1.317672541281812 0.8326153851091029 1.6105108749113184 -5.792140547362969
1.3897636526925494 0.022739468178395266 0.004646051174697397 0.001764923613507023 0.06440518870186396 0.08211857144142923 0.06590533851413619 0.06768479309800415 0.005184268928594331 0.00943049919763097 0.0013903467240818153 2.1711042490604915 1.6332452275727949 1.46068287594326 1.2859056865384888 1.7969059659827844 1.5729900006555324 1.9327365873691769 2.1654108319111436 1.8081216364373802 2.4910354921904636 2.2722442758594625 1.665997084938558 1.8633193540527941 1.7517298603970026 0.3868415552634236 1.9845286923301602 1.698861608193915 1.088759785259182 2.4372004919840764 -5.701333098465987
0.5019595794389218 0.03426214324180763 0.008975863386646226 0.0027934707014542273 0.07730804904874164 0.15676785996343923 0.16095212297558564 0.13260471960386191 0.0014996448896492703 0.00567453408666784 0.0006772436638703182 3.5524587619084746 3.710579641560877 2.808779607375286 2.0390138083759917 2.562915798540719 2.142811565867586 2.3830939866554126 2.3863483971262456 1.949448785307917 2.5231963463487945 2.447987475417641 1.8187531527939256 2.0776539940464698 1.9828859390098033 0.4542939985638443 2.449972569607018 2.1523399435218336 1.4301491295790196 3.9553355544533844 -5.283083781355757
0.6874172160931197 0.030768638841384203 0.007925754277278152 0.00264177926993959 0.07042108011175403 0.13969879618399153 0.14227192861534155 0.12893505701035982 0.002547736258210483 0.006757615662087362 0.000789319840847791 3.0841502671223813 2.8234641861947964 2.2156143583991006 1.6708009233241286 2.2612236273039006 1.7812375054574372 2.0663195517667936 2.249228001813373 1.8668163925556824 2.446525446510768 2.1455614843112216 1.7675748124161248 2.0177863686475055 1.9150886280603168 0.43782898459052555 2.3038387509275915 2.0078929828584826 1.3183122837027352 3.417025226167581 -5.242075101113042
0.9555661989988783 0.027901492861911407 0.006593279749935065 0.002134286535059517 0.04876735929760168 0.1057503200567162 0.09530379810897646 0.07725394225712137 0.0035448606979961773 0.006960869518367941 0.0011744838299599842 2.968852563921512 2.1484654211722103 1.7674786632748807 1.4574288086411367 1.9352015538551481 1.5870174339570247 1.9875330802527411 2.042663049924377 1.6883973630919729 2.1790096468429816 1.8712991855853114 1.5053759427476125 1.6812907114184539 1.5590269291820054 0.34320366219343407 1.7341739719416929 1.474416459136456 0.94068273228075 1.9774721610864612 -5.616753035015489
0.6015522724645587 0.03239062810734555 0.008435598368338739 0.002643013586353926 0.0736494890387544 0.1480100087684183 0.15155827712600928 0.12453236670068275 0.002060624873263579 0.005700094044634659 0.0007226503658094537 3.620801762137162 3.165444233674279 2.441606524099187 1.9088133859161245 2.4248628048892544 1.9887155647670551 2.2614758834726993 2.303685611300731 1.9020545314834918 2.4822777668794163 2.1772335355430776 1.7993534017478416 2.0559903652463984 1.9504397853877544 0.4509391188380127 2.389537553585164 2.086450530865581 1.380735933626185 3.669097932896033 -5.321763428261208
0.6449864373477487 0.029447939466984083 0.007955436020754186 0.002495242266886959 0.06505541191226852 0.12106206055141945 0.1344231351217098 0.10875053299679971 0.0035441913905772653 0.006660551987024197 0.0008361693497809031 3.0940217693808227 2.9741813008668756 2.3079287300975575 1.7201146527724103 2.206639670149204 1.9041442017497132 2.042959421402274 2.2021462038545128 1.8087340907900804 2.343096197717006 2.036606107094012 1.6676583197634334 1.8856702386172803 1.774459039935494 0.40200698167121984 2.092817718413821 1.8120559597292745 1.1777936833170572 2.9592200195527925 -5.398591738536478
1.1871609501995906 0.02582700798177596 0.005088240088174588 0.0018800199018231207 0.05858923762760302 0.10457392568945645 0.07068704017557885 0.07198020780998314 0.0042633830699811155 0.008746903178035573 0.0014503416447269387 2.401528940663249 1.8266014007293006 1.5735524776855938 1.2803055273640573 1.8429910304556 1.57526504907223 2.026708147831065 2.118966862905867 1.7681783171096244 2.2961924219455936 1.9867485379672454 1.6170118781467147 1.9521066043509978 1.6949235937317102 0.3747211464071511 1.907482414881363 1.6276887732264123 1.048622667605462 2.284160827392628 -5.598061346548703
0.5381545102371829 0.03354220971422411 0.008390995919792804 0.002830158163992064 0.05699093772013376 0.13708993891774215 0.13269343687890625 0.12158685751474334 0.0016343421913092918 0.00602361486725774 0.0006425332040235949 3.3316558609387115 3.4715444477652895 2.632927277421507 1.915060622370281 2.4076086152795275 2.007742680595829 2.2206688114463358 2.201646644775139 1.7799896576915888 2.274659871351856 2.1706297870209066 1.5876073734553564 1.7820446331721307 1.6702620851203311 0.38065774421477394 1.9421227516234898 1.6711891543762916 1.0913452027535955 2.5930893902115413 -5.42564084968018
1.2474453441044446 0.02359763427264137 0.004507652210143513 0.0018099693796343706 0.06587066715856348 0.09096371449478158 0.06591376437651006 0.07144796863643937 0.00573518289732662 0.010211096899625764 0.0014402885598497007 2.023946568391795 1.7653569941449334 1.5390320263396247 1.3323922974299325 1.753137274821769 1.58539344517522 2.059884291329723 2.168432698054061 1.8150594209129358 2.503196241368945 2.056214757304571 1.6819326053041077 1.8854644089983348 1.7839861046440026 0.3932296348772948 2.027146222453858 1.7376410093183112 1.1190023544769394 2.5373516030132377 -5.755268741682274
1.9939566319914466 0.02160120675303272 0.004024052352638656 0.0016812154385871286 0.03593969081081686 0.04945391422603889 0.029168581244408597 0.03476657510956047 0.005921161837589697 0.010906977702996715 0.0013540326478730536 1.871175410717335 1.2868151025162946 1.2498810163936 1.1569808804131516 1.5834919706645316 1.5642973685251154 1.7685994087768822 1.9230470529882884 1.5644089085327875 2.089706426256634 1.6638546508761327 1.316934328469057 1.4308792486804804 1.3013351865137825 0.28353249635974087 1.3491934456578978 1.1213632155690962 0.6988468879857271 1.230831049830927 -6.079091832029195
2.1589354510747114 0.02137418979837756 0.003892060373246241 0.0017297748135226725 0.04782814726884098 0.05987272450400355 0.038963078041325566 0.049178056011114385 0.006427458894230311 0.011390018269046776 0.001124560643265922 1.7989646849316108 1.2347420383682375 1.230758485870054 1.1012825334696212 1.6834239684703904 1.6126104734900213 1.8463135566247617 2.03096987318628 1.6718901841417662 2.2592301085459705 2.02323888236946 1.4564493041375839 1.6004090044038801 1.4753701517024054 0.3208197018277372 1.5822464658994748 1.3294887959790982 0.836328151810535 1.6119473082023856 -5.911652095761504
0.8188648417704714 0.027388691029373965 0.007821138661193624 0.002325755246064333 0.07326598068586236 0.12044404718472683 0.14165094956635038 0.10850650706321717 0.0034809371638339264 0.006448671369389208 0.0009290070673455045 3.172714599908291 2.4445324801268513 1.9714651800821974 1.601670412007157 2.105723121948333 1.8236830160731947 2.0324744533749417 2.2517516712108105 1.8855538780294907 2.4806597598320055 2.183182913766898 1.8049879071629475 2.056179467517789 1.9453634660835482 0.44250125599671175 2.3434595127436935 2.0386642732919014 1.3338036308162136 3.5181688178613064 -5.412817114094591
1.7731697138185927 0.02174768312520123 0.004135461256262668 0.0016494072279542 0.05039021350377178 0.06410821260758673 0.044776974256565 0.04813939393874148 0.005959468580314205 0.010630352097561798 0.0014583903794505527 1.914959271363513 1.3868447073134258 1.3114015366132141 1.1369669976380634 1.6315443195898796 1.619195886146402 1.8535677006006035 2.0472037787928774 1.685964225806041 2.2870796618705693 2.05218742838127 1.483731472451636 1.7685605730574143 1.5165958725830946 0.3294219173701524 1.635510633462473 1.381025234513061 0.8692907066758285 1.7256210041961417 -5.934090462591421
0.749227596088219 0.029123635068767 0.007633564336776241 0.0022741745503988323 0.07105512371815621 0.1309883094598228 0.1369935940694381 0.10611885019578823 0.0034838571218797844 0.006592689998935341 0.0010582217498052114 3.1639739428596925 2.6285765831039494 2.089521357295379 1.6750113905388182 2.080686610532197 1.738166733060656 2.0381158443913314 2.23704445468733 1.8654588361148599 2.583164303453037 2.3821435939676587 1.7711020649407287 2.0167452383645887 1.9139699712300335 0.43797130221891933 2.2918022805725466 1.9918472591274643 1.3053433903248597 3.299150502205535 -5.370805312604273
1.2094396947307522 0.025821797743987632 0.006228721963421225 0.001926095256521122 0.06696026460258848 0.1131470298006394 0.10808995517356682 0.08110809581503252 0.004465155255039414 0.008411647846457948 0.0013599671301121516 2.452415530193362 1.805519509495389 1.56818289065727 1.3495662471342833 1.776996567231843 1.6073262279311744 1.9701892596039952 2.2004977362152096 1.8566869347580288 2.437463785313293 2.1296871173963026 1.744522174613398 1.9767997052628825 1.8724913808475903 0.41679180672243066 2.164495076046502 1.8655570646359678 1.2120600638269585 2.8502520285687467 -5.57113653646315
1.102152321894428 0.026913228213956527 0.005743223947240823 0.0022529012775200233 0.04445078904378708 0.09673671748053844 0.07431645951582694 0.08240575890015774 0.004022677444539618 0.008418021253109495 0.0009477249988657678 2.482283416690591 1.9231553482280375 1.6250806040335606 1.3006453863383638 1.7639956177504768 1.542783072766813 1.9499270531466635 2.0068149033303557 1.6542598670099788 2.1238633845205497 1.8168104284517834 1.4562505235859042 1.6116303145017215 1.4840916815341583 0.33346927558849015 1.6217749364974476 1.3687127226056992 0.8722455600922474 1.731246740916439 -5.700372246851711
1.152565875505803 0.024801595955412252 0.005951485960602703 0.001881284348374539 0.0717318781963129 0.10501927236985129 0.10503515818577881 0.0828238090866444 0.0050805657478838785 0.009328386052834314 0.0014190546199399543 2.2235541234616663 1.8735649180543195 1.61009117605019 1.3087545430092753 1.803216966754891 1.6226654688519189 1.9876025311545737 2.234010693562275 1.8834291127692175 2.476323690589372 2.4127731187693326 1.7882632338349516 2.0245249308096387 1.9086761679447144 0.42987850820702683 2.252024025848162 1.9473158887987487 1.2655360480921878 3.0689940634197086 -5.503603506151416
2.0732523836406807 0.02145048070340434 0.004004655160245412 0.0017279422988546202 0.060105885963872285 0.07235579293942077 0.052677080713073254 0.06137860042656886 0.00608488802925006 0.010949749287308788 0.0011953412040359972 1.8921409010622596 1.2675765382384427 1.2548853111397842 1.125041581810222 1.7185810085125606 1.662505676627744 1.9258535355980773 2.146084352438908 1.7881021038971303 2.446839132741584 1.9940498159316924 1.6175642611682146 1.7980096515727482 1.6675335052662943 0.3698919495752086 1.8676726781195856 1.5880235709293937 1.013241023227268 2.1809472750294607 -5.839725647688382
2.2717736677660882 0.021150618195437176 0.003807157846670919 0.0016076708492841546 0.05717808109909697 0.06783985806780096 0.04544909965662421 0.05240325763413779 0.006195059611021477 0.010900226616291767 0.001458963329442498 1.8600632157359889 1.2047981099258604 1.2217046130408273 1.1062814946281636 1.6266613298929076 1.6514541643217548 2.0275328275826054 2.1204660931833255 1.7603193364544598 2.4001167857163055 2.1666405105320057 1.5749155209107786 1.8886143683798635 1.6277170170992854 0.35532005534690686 1.789217484693302 1.514693992708383 0.966540419859545 1.9854912930223922 -5.954446029418199
1.4803364492201705 0.022050151400081132 0.004311961987050099 0.0017373673890883142 0.06931614956717784 0.08347309939591145 0.06565446633146123 0.07048799307873356 0.005690392478313273 0.010560524006842948 0.0013961678882025398 1.9495820996319004 1.5674619061535113 1.4234975017670632 1.205669122731268 1.7889594793866723 1.6940691526213165 1.9626628660887016 2.211980587646143 1.8518744432182166 2.4229265331566214 2.106352807312942 1.728584881265649 2.1016092715745915 1.8370955024055233 0.4057612662357464 2.098058454413222 1.8010371378447585 1.1613990373601701 2.667763348982136 -5.686274515256658
1.8197709957175916 0.021852315907513204 0.004137371928870876 0.0016765170607906897 0.04942827110507805 0.0634695371028367 0.04334940662063443 0.04826775364575318 0.005847843070864576 0.01041114205206722 0.0014223058537729321 1.9451822198408253 1.364740880532152 1.298751929710557 1.1308061533968152 1.6262804568238027 1.6163755310868306 1.9642271750394336 2.042004348789635 1.6815560954559166 2.2775621483094244 2.043858507935471 1.475221732910468 1.6239684152425349 1.5010945015745043 0.32668608208511685 1.6194991542819803 1.3636190710447353 0.8607607177546575 1.6864116585597384 -6.005988188147111
1.5122211139088753 0.02290573191328354 0.004515224183420009 0.0017473014556504281 0.07719434797351422 0.09810136143828509 0.07632884255898226 0.07921738135181587 0.005205767268525645 0.009475623302683332 0.0013322083979222215 2.169772240956861 1.5488924955574042 1.4191761775805358 1.2743316213700941 1.80873129949955 1.7301401677911055 2.150548778276243 2.2961100219832247 1.94615557198259 2.714880630036107 2.5057232500464126 1.8619372469222264 2.1098408102775728 2.0193852694433603 0.44894443804806056 2.3662181990279656 2.050058853446388 1.3340420762323812 3.2910207120737005 -5.733277297803913
0.6575110081148244 0.031634404682519844 0.006579953712275742 0.0024697723770438903 0.055921473258006366 0.128631103615985 0.09526810339443137 0.10003449400301624 0.002143672803711775 0.00766900613739648 0.0008871048922935417 2.610838527344994 2.9199078377894945 2.267554249657976 1.6882139537759848 2.1646159943757888 1.8647473559833887 2.113799267415869 2.1294790869517506 1.7438117044551724 2.244011955375392 1.9361449451983033 1.574001940023384 1.765130926735013 1.647140618130373 0.3726429288784713 1.896932093555068 1.6266034630712114 1.0536256719319623 2.43706331910752 -5.512237515889042
0.7608945666089677 0.029896406100415638 0.007802568288339523 0.002265480626500492 0.050290856485138875 0.1170355924414341 0.12064431126777932 0.08587001153824941 0.002707301503840709 0.005972567247684754 0.0011153415883214744 3.4372274030522996 2.5834838013010843 2.0444568205021056 1.6334034647353106 2.1128197185328452 1.6672062784581914 2.0424353533888 2.0763117554528683 1.7038789353882058 2.1952578777055702 2.0957077320762423 1.5283674704186072 1.7086416287416812 1.5896166462463783 0.3555568276162058 1.795222699935466 1.5325766125443654 0.983321863139838 2.162231097950372 -5.491012727322425
0.8569460272596766 0.02655427995762173 0.005709458640264257 0.0022612033837890845 0.07743484936317525 0.11763575269324521 0.09851590667861655 0.10838810932029061 0.0048353219054012965 0.008751794540054985 0.0010834273595410752 2.3397636451093837 2.358881539521312 1.9166923170103005 1.5690321005435355 1.9802579407050815 1.7012081480063266 2.157209035956396 2.2635143954348838 1.9025901575381028 2.508481163400095 2.2110012650046245 1.8332735987913815 2.0892902818362002 1.9825043098039907 0.4500121803639122 2.3939715659303236 2.083766622333781 1.3639436335276212 3.649769820538253 -5.497313277171858
2.1106484748854277 0.021343676164083197 0.0038576110250636477 0.0016645738557850044 0.0758132252182741 0.08817780130129069 0.06613344753192013 0.07503575398972473 0.0060468889117207695 0.010962303094694311 0.0014105000976049199 1.8840620655050155 1.2611480231722014 1.2612859504870506 1.137785615434054 1.6783718306949027 1.729032955699178 2.160710678461844 2.306168787057631 1.9479046119831855 2.708309604130952 2.2366565366989137 1.846598910909153 2.256899699239812 1.9849601770587297 0.439405578607887 2.3029362243431564 1.9842034956864611 1.2917524499797048 3.1776923670983317 -5.8582919119775525
0.8066741209253667 0.02880811757807165 0.007660157288789368 0.002471345795400981 0.05451949111330169 0.11637773564140401 0.12359508964173746 0.10725543770425303 0.002958347638949438 0.006360538471040987 0.0007470917835423132 3.2696418827796943 2.463035345673075 1.9709170198874781 1.5132270959237963 2.0714459174425013 1.7653776441070175 1.935669006571371 2.104630513124508 1.7367362701038371 2.2468142056193194 2.1505882455947622 1.5762138384932871 1.9081505870469075 1.6523704134284884 0.3764499562682008 1.882974327990822 1.6139570227002518 1.039259864745832 2.325593634439639 -5.38944674807253
0.521553179046336 0.033374620492647875 0.008549458167519597 0.0027281235689706066 0.07277759280469528 0.15007395550869534 0.14960410778865457 0.12764185867472283 0.0017642194226832216 0.005694930813479144 0.0007053658664816595 3.5895997775664017 3.5832164348940916 2.716301815229108 2.088464471122703 2.613537595406859 1.95818262622283 2.3272014403706685 2.331079457226278 1.8996948131178428 2.5963689538257118 2.138531650752783 1.7627545269499572 2.002817867434356 1.9108215049105837 0.4383256208774218 2.313925743256 2.0237503290081493 1.3356988813010449 3.5703118658310666 -5.275483192743285
0.7564420926038672 0.028975807275185544 0.006575131816313688 0.0021938315174636507 0.08058393571816172 0.13998275727246753 0.12472976100145929 0.10950684951597212 0.0026777791710865502 0.007964760330700267 0.0010390920537773605 2.525051857640555 2.6132434064203838 2.0849670448236184 1.6801741961684795 2.1920387305675058 1.8806362427136647 2.081610229617489 2.306983899763923 1.9379118706650122 2.7062234328058934 2.265643612324358 1.89009017408486 2.3406726541184235 2.089623065902392 0.47306033422067184 2.543297272757398 2.2240870593120317 1.472357106591169 3.9688094493330976 -5.288885387798882
1.4523141445633283 0.024412449862995074 0.005268651644429873 0.002036926723903025 0.0860271129134514 0.12104642679082019 0.1070647892264626 0.10930757306032955 0.0050606685354256204 0.009643602410823064 0.0011376818539559168 2.1194369580430377 1.594589991464986 1.4546838811228844 1.2979593113676422 1.843950364442293 1.6656298753341703 2.0976236462668147 2.3976842187129987 2.056343408358847 2.750063258982243 2.434711013428431 2.0375670681138853 2.340707376068077 2.2381796976266313 0.5228414817444675 2.753122314379762 2.402186978806688 1.5972987275683057 3.999999659445996 -5.351643911039866
2.134599430140413 0.024307222774421974 0.004044306460743791 0.0017076908955766111 0.06679671564215443 0.10588057662254435 0.06194867386299065 0.06998297029389387 0.005851777410026008 0.010797697032719152 0.0015026288396102422 1.9025579568508548 1.2503080541136384 1.2525471226100535 1.1891285994183918 1.662999038395196 1.5963978203760292 2.1181871312537264 2.241982933584862 1.8877460579739653 2.4646016280868306 2.385661259710672 1.7559688069150687 1.9708494188008208 1.8671136029663362 0.41201948599336696 2.1277249126298834 1.822214488604505 1.1823996686251028 2.683046810856992 -5.775514281171158
0.7957955079411252 0.029407773614791684 0.00774621053893959 0.002532264568834873 0.0414511016717028 0.10621488948957976 0.11256914625979786 0.0969505171587571 0.0029633041423383914 0.006528570875035878 0.0007652712597039967 3.2315143941226654 2.48256450137074 1.974666530808148 1.5050217717196168 1.9612336887083952 1.6212519581707951 1.8705361987288867 2.0051908280764303 1.6367448427549325 2.094265845835853 1.7883644240679641 1.4333811052191268 1.5897756900960278 1.4646064082850403 0.32751201504655786 1.6109361685309298 1.363726356834451 0.866168433811106 1.7600226809453676 -5.522542880708883
1.3093459064541269 0.0254663038725953 0.004949072198756943 0.0020163421718599546 0.07464167434297149 0.11740458934138624 0.08463177937076553 0.09477785057495634 0.00465349912797677 0.009328196173970078 0.0011078409041188366 2.230361088654575 1.7091710932206077 1.5131445238972943 1.2645724725131302 1.8459724580225585 1.7315325612291754 2.0164300585759776 2.273703409963705 1.931228379455838 2.5500238918961298 2.2417324863627437 1.8498886172158782 2.1035381348298943 1.9908094873201267 0.45577440268533453 2.364008165036787 2.0450882896952005 1.3421287767193708 3.289781280964545 -5.515620095137984
2.1797106719429675 0.021254695980039814 0.003743175570361902 0.0016769862996176862 0.04582115139890849 0.05713953003628788 0.033464552721709326 0.044840004949498594 0.006273379367078626 0.011352483018904975 0.0014096227384868267 1.822588921213829 1.2274451288868304 1.225656905786076 1.0973544989611974 1.676835555064668 1.5022639201004715 1.9449930128940822 2.01090819397545 1.6510495966985044 2.2262279085977927 1.7882257146593967 1.4294352189718582 1.5664759820566514 1.442926373414818 0.3135443428595411 1.5334868558183457 1.2856201966825822 0.8080769943156925 1.5277574694278468 -5.978717617863677
1.502129445712613 0.022060071341501803 0.0042692692275941675 0.0017835895291164361 0.056871680239083636 0.07130409422519914 0.05362562418677487 0.06008727290684567 0.006377342013950233 0.01117771412674186 0.0013932877262916369 1.8192822937888105 1.5470866112977102 1.4045200390584158 1.2497802466377739 1.6763148022067986 1.542638644136291 1.8851614955401637 2.0960168082922666 1.7376718445777066 2.2411330375918763 1.9258359504322635 1.559220382567965 1.7310017075452977 1.6149468784880747 0.35334887329204595 1.7805329270297325 1.5108172940781772 0.9596474621254342 2.0045385360722303 -5.817966563205151
3.892863022943447 0.01988328396399245 0.0032066435730286266 0.001615598490306545 0.06993137201431315 0.07304665020949994 0.0496136274814591 0.06313969707361448 0.007047342984370138 0.013047452326538127 0.0012481898175008 1.5763569779717395 0.9608358742007175 1.1364011912034597 1.1001463684170143 1.7446496355053591 1.6173420505564688 2.0201310676505777 2.267306267458774 1.9047551952855792 2.625308107167013 2.157300165475191 1.7634505559451632 1.9742367035209922 1.8647669681622954 0.41023541384147083 2.1112038038483725 1.8084220155712374 1.1608802868466088 2.6045241494507705 -5.780445223908413
1.504659363827914 0.023041250333006462 0.004820543784290921 0.0018434342149350443 0.06039255725428721 0.08232857351608512 0.06873857367457123 0.07010683009168223 0.005536173227352512 0.010279208906807233 0.0013534375729852015 1.9922538383551205 1.5469172285896122 1.4077382214838332 1.19162119740019 1.6879619620296404 1.5597148794576272 1.917679358448406 2.139822079335835 1.7849769792610704 2.315040306981315 2.2256185421936343 1.6260248560676271 1.8143853433033121 1.6843112473314539 0.3749420102899317 1.9057579696800189 1.6259886498970781 1.0424218233042408 2.330350563883765 -5.770259178872101
1.4480204252397757 0.022589087001909584 0.004441017460934612 0.001749393437461179 0.060546063696819336 0.07802886182622422 0.059346351675324316 0.06251215648729228 0.005714576458776145 0.010172973119431673 0.0013704604629938308 2.0206172631206027 1.5870061023466357 1.4302845963278417 1.2023364269044703 1.6947586749991272 1.6623597076180916 1.909584144623252 2.1298554867890487 1.7727443238131164 2.4298309126330047 2.206403786475305 1.6126005820466682 1.7979996950421449 1.6859802082406299 0.3704081923512296 1.8830044781555244 1.606731306698396 1.0252057280190925 2.220942762668549 -5.807640089944348
1.1860005932328057 0.02566423947566987 0.0046148482968527 0.00203842131726485 0.05027097431439677 0.09329761464663829 0.054646879625092876 0.07353684779646082 0.003958429928911218 0.010089231919680742 0.0010810410242496984 2.0437983399381223 1.8234709846371258 1.567607660805914 1.3363491798697538 1.8224265054829618 1.5439858093014944 1.972332529940439 2.0423906419042948 1.690411307176593 2.299481134408896 1.866595899889496 1.5041212456802817 1.6667606191698427 1.546968480269775 0.34467953714549726 1.6995907307996814 1.4366298617350513 0.9206964350520079 1.8653698415916964 -5.709362027940804
1.445758903043526 0.02604511143857783 0.004672593315113466 0.0018091611619024638 0.04648226263485695 0.09400387892704375 0.0522997940009841 0.055529145172394725 0.004962880408743684 0.009279435690114121 0.0013621686091541323 2.2115904372641197 1.584167434021107 1.4222530258939154 1.254296771433237 1.6706660177167003 1.6231981080336682 1.9606280834278023 2.032316463653372 1.6798330534559751 2.1546516617716063 1.8425745721322246 1.4800003284863466 1.6336376920822189 1.5040973708586647 0.33001187474085053 1.6421446145810334 1.382831755641451 0.8825142570258203 1.7392985699640633 -5.907636603891014
1.5142815602367652 0.022398841480480353 0.004531973190936039 0.0018409457197140567 0.08126190671852822 0.0979274134115784 0.08280970607908443 0.08865516375386868 0.005496126818650622 0.010655197432059 0.00134562929721997 1.9577812912348196 1.5479020342621799 1.4219025256950701 1.215168834143775 1.8166308852097703 1.6344682049347217 2.049468804631425 2.3342021252889373 1.9845640048432405 2.6261852034278097 2.315219813633371 1.921533565296235 2.185594237847172 2.0749837777263624 0.4727524883606387 2.485636247796426 2.163728520670773 1.410005372036024 3.644791687417053 -5.580910630562461
0.673125313639733 0.03002854885261867 0.007491363558774779 0.0026292056155274245 0.05845029482448646 0.12340763381150052 0.12113885356948709 0.12044479108258505 0.0030175040811702774 0.007068024817368646 0.0007503306079665054 2.917964209215997 2.8653007553907703 2.2322367924079463 1.6701389896069219 2.1477463135640216 1.7448743666879367 1.9974264498129366 2.1476848249931058 1.7610974695358554 2.4007669245326047 2.1839081215906924 1.6027092226629291 1.9448227087084018 1.6883106617115273 0.3830086034524157 1.954520459696964 1.6789751512224689 1.0897445608980958 2.51388777502459 -5.329175416293515
1.6756842132992278 0.02193897027997517 0.00429214112804869 0.001701503487849412 0.08560561134315457 0.10035916966250556 0.0817738812685378 0.0859523541874866 0.005687508786873958 0.010172797388122974 0.0015061648642300672 2.0030556481591733 1.4519046717703588 1.3687620708622663 1.2555622624771487 1.8092031019816366 1.6506459901700623 2.2149834689553995 2.388163416385242 2.0367972195006905 2.863893560262494 2.393415236966745 1.9962594170770014 2.4649134450287384 2.19141627238632 0.48983193269542924 2.6246471039877552 2.286841325460178 1.501514656973322 3.9836181514399573 -5.6916536282182
0.5901279203189673 0.03149184769015932 0.007627068072273756 0.002365045352142074 0.06663108047101061 0.1365920825641509 0.12922543032356182 0.10388689569163191 0.0021018959599115343 0.006831488097579687 0.0010941007964066817 2.9156456663013444 3.2087336991877247 2.4622076490233744 1.816131209973242 2.3115796281027774 1.8466371831400268 2.0906591516504145 2.2347305170932916 1.8274104035011094 2.4973340240332824 2.052810165401132 1.6850163418005613 2.059238243744084 1.8128892883337353 0.4084372794365242 2.135550176494474 1.849302192882984 1.2125067169667054 3.006755450729618 -5.296858075069496
0.5602498311382835 0.03220224628504641 0.008255477185101615 0.002670754722080514 0.06670866845187154 0.13900483251658624 0.1396492872668568 0.12032711153796351 0.001755326117282716 0.005885528257798305 0.0007141956748264198 3.509739791992171 3.355706264562707 2.5614033795053266 1.8852877563264006 2.4927007277340296 1.8832844504768222 2.2473309835295474 2.2576911437716833 1.840319795779326 2.5095260653653284 2.0630716683401724 1.690394832530822 1.91519146563897 1.8156089143439254 0.4098529342958664 2.1585407967085763 1.872544072750908 1.2268492877785324 3.0828420936517844 -5.2998264192686255
1.0404749638844764 0.026976106738991208 0.005075647539494604 0.002141445554343183 0.02538038030084583 0.07661623742312745 0.038503561566609654 0.05380885608828535 0.003351729266930998 0.009086694973406249 0.0009525217455683806 2.2936625042047862 1.998312753042314 1.659131544638915 1.3033775057279728 1.8267404930740938 1.5858458157539845 1.7298290584064677 1.8493369221852385 1.4933113808954597 1.8784142316877244 1.5770169272651553 1.2381949193538357 1.3430685029876175 1.2145381678208782 0.26284533575835894 1.2493007943408914 1.0335771705320997 0.6439427323928026 1.0965539144265863 -5.763764217321639
1.2266846095950807 0.024406977262460078 0.0048514207373593745 0.0018941180353585964 0.06540299893031395 0.09626150200490016 0.071527220981603 0.07573029399876509 0.005121047049978742 0.009395061339856714 0.0012636906151762095 2.2167043701501177 1.7865550937116161 1.5525429840000116 1.3395955718033374 1.7604131688863716 1.6968788783998037 1.9426876942751379 2.169982931512621 1.8199647226000397 2.3742951019893987 2.065842573941176 1.6891320123894469 1.8968815542118092 1.7793431396514436 0.39628668377932513 2.046253586125558 1.7530661091918291 1.1334244678866627 2.576319972259503 -5.68116789803005
1.4160648565765277 0.02478104653386396 0.0045353572999948365 0.0019109414316757832 0.059419548070245014 0.10032833443667985 0.06188375951343273 0.07605556790492751 0.004995330709306025 0.009780034521080932 0.0012579417560432593 2.1211977076833297 1.6118452973845885 1.4455844032643645 1.2114374341078409 1.703648016992881 1.6677784637193733 2.0349658049344557 2.1329433422280277 1.7834395350337078 2.3143403539248206 2.001647510122468 1.628512534525189 1.9666044966891012 1.707168791105819 0.3806955922355322 1.9144472006155757 1.631895527691966 1.0498400793067295 2.271485070360651 -5.767749855007037
0.6712844898603368 0.030342096728864034 0.005884386419561161 0.002231127352814577 0.05020427450226952 0.11472659816451175 0.07275199288313998 0.07866427355856159 0.00237808658113137 0.007753388482496433 0.0010917100779752355 2.62430584307888 2.862998657031025 2.221761963712958 1.656025261312418 2.1255291036194324 1.8285434453023972 2.0648539003999353 2.071809298818553 1.6837734532358333 2.2759374469500635 2.051068254903054 1.490186658856367 1.656485989394766 1.5417604691321818 0.3419726165976815 1.7261701208358318 1.46750057164407 0.9429233704549664 2.0107585701901862 -5.595558300468645
1.0893053187191368 0.026407683434317774 0.004741476348724873 0.0019510779385081504 0.0594101499496366 0.10807023690776872 0.06548483997338551 0.07634181225829403 0.004046053082382149 0.009927998416713279 0.0012512732508098007 2.049363082099939 1.9474861335082339 1.6468833914676615 1.3921770626370165 1.7980964547644627 1.6944417731747206 2.0323754589858805 2.118348734753633 1.7671280317193547 2.2937084997000174 1.9869739730909843 1.6190017446589235 1.9591776840374886 1.7037542248272823 0.3747452690039032 1.9202866588460499 1.6377801980774382 1.0604111856292164 2.319738458884433 -5.694738870349466
1.178165961118715 0.025815208997127314 0.004829595735526398 0.0018316990035189755 0.05424265779499114 0.10001525983984635 0.062274837870964155 0.06487914159100731 0.004296623674640213 0.009654041232033563 0.0015458036461887272 2.1623857241387645 1.8341016534585604 1.5763169643769217 1.277093552325892 1.752620299865948 1.5585313560440974 1.9985373772397697 2.0768884345148084 1.72506989398346 2.228862452095971 1.9207623517078802 1.5557824226327401 1.8717384183058556 1.6190403561973399 0.3550950393240864 1.7923364077189172 1.5219267115652486 0.9762527333279881 2.0475970711066047 -5.689381462212677
1.4236878114731848 0.022930369127331745 0.00465988158765999 0.0017651330912842392 0.04967828820242252 0.06995374460120288 0.053180182607985384 0.054114001452582376 0.005178473787741068 0.009494889446374687 0.0013629337950749492 2.1432250861582363 1.6011886857907929 1.4316321022584855 1.1953409303829516 1.7545824207501255 1.623643394066104 1.9595688035422452 2.037438251695987 1.678050558499966 2.277567147440999 2.045741597386099 1.479040810348795 1.6338756522026245 1.5046622032536727 0.3348379092400737 1.6432792136896521 1.3847608100717654 0.8730844715910361 1.778669606806957 -5.899628677813111
1.1158791647299096 0.026154083934751462 0.0052889750265804995 0.001992991181042591 0.029227259168380895 0.07654024887909194 0.046476750273981564 0.04870893925009674 0.003980536049811899 0.008508818795223727 0.0010932018613015106 2.4165009364913526 1.8975716154103555 1.5975934260458393 1.341578690720153 1.801283571287657 1.4866822117544884 1.7462503178711994 1.8768653673607671 1.5231613539790407 2.0273562740742532 1.6159317380350247 1.2745988013050462 1.3877572161965332 1.2548062330281844 0.2769979638437786 1.3058530554567875 1.0845179544730128 0.680189679444514 1.181544161643848 -5.769688951059348
1.928148884281675 0.02135048605497166 0.003984880648415367 0.0016925650281162273 0.06922471132691271 0.07992763083073738 0.06004378945003199 0.0674535540850273 0.006126582165046779 0.010913323574585044 0.0013159089618127871 1.878906605883487 1.3253950437017614 1.2901629281709748 1.204039111928944 1.6677896619341146 1.696622227054955 1.9805057881798556 2.230506277797123 1.8719188771946038 2.58499516105049 2.1253513149162457 1.7408649722675908 1.9508674285764296 1.8409463929764631 0.40929901949208647 2.1014165970466734 1.8001657097430086 1.1613813732264857 2.6286284828523985 -5.872414629285081
1.487851421228699 0.022548558285532653 0.004575516803426932 0.0017978869245559555 0.06305460283206195 0.08140441220692739 0.06431793087422431 0.06820611829539229 0.00524808219640421 0.009439495921507559 0.0012754083315271647 2.162287925202851 1.5593527052353937 1.4159988428349093 1.26152959744087 1.7761844445098476 1.672555491161067 2.048393732631683 2.1579315304103623 1.801845271964827 2.4774059455870705 2.0281211119155103 1.653058034129882 1.8461215930072024 1.7371005784566222 0.3821322441152681 1.954077515289372 1.670200251581744 1.0696538148747647 2.4123902929518386 -5.875350331698782
2.879290982186876 0.020555324079601613 0.0035201134141168862 0.0016590001743324308 0.061991421972541434 0.06935059699563442 0.044836004492165425 0.057089679540312466 0.006664843987773024 0.011460168673374264 0.0012536876100929385 1.7722135033269732 1.0747550938201798 1.167910068139342 1.1526904476158153 1.7148606407833715 1.681242703144464 2.073564365385933 2.1767828996243996 1.8155468551834986 2.4849921240960278 2.0281794724274635 1.6471412874161653 1.8297691967002543 1.7144404582481587 0.3754135869406366 1.9056307973500257 1.6185891014036609 1.033001605966571 2.192245280646942 -5.894679342317197
1.4966870712318434 0.022223920212201344 0.004483851039206324 0.0018162257502239978 0.08336273719870751 0.09832158181822451 0.08218598129980095 0.08763450054802115 0.005544677891130114 0.010203728027038358 0.0013074485317366147 2.009649259747657 1.561407410135674 1.4301770119726382 1.219716258489746 1.8248089340811906 1.7509642902030516 2.061029041311301 2.3538687112455623 2.0018623213583395 2.6533577147632363 2.345016834893914 1.9503511400538596 2.22013755538418 2.129704065092648 0.477730555000045 2.5444178630411867 2.2157087221366 1.4495580845893425 3.7390476635982623 -5.6006840698965705
1.8019883948126312 0.022438222434278662 0.004389648194677938 0.0019115641354522416 0.07561027909368596 0.09409764392207831 0.07500603335952259 0.08731111486491236 0.0055912254570843565 0.010214291044374128 0.0012412381226776508 2.0132189537989373 1.386095977636327 1.3257459794457773 1.1657533376496756 1.6928935762890838 1.7285078724241565 2.1568133626092187 2.2977491899240867 1.949262233812409 2.565012300842031 2.5008689237631745 1.8539335208442331 2.0969644313357882 1.968151654753545 0.4440233754037982 2.332632552274136 2.014456384000941 1.3068829297442566 3.2803666393549613 -5.784188248399672
0.8463207684459267 0.028872677946167883 0.006787183882923005 0.0022596788146665566 0.0557282198666817 0.1164799191720162 0.10536036225863785 0.09030601308804646 0.0033575424152200778 0.007143723561561351 0.00101751359046449 2.940239340397842 2.366339960109023 1.912356636466099 1.4863800630715907 1.9462641560570029 1.750961936741 2.046643528549937 2.1046387826259703 1.7435287956979229 2.2586789559398426 1.9533842919317221 1.5900666695961636 1.7829857998350664 1.664554225194769 0.37190641514094247 1.8992596297641284 1.622598061464054 1.0456829236655947 2.3255399179277454 -5.570717993078201
0.925453170696955 0.02796943710724608 0.005442669259661733 0.002463122675163213 0.03851168766973199 0.09492914543555 0.058155997541012784 0.08923993045666644 0.0036076108139250513 0.008700797546109394 0.0006830228754031502 2.6987488572054437 2.196222323140075 1.7907315611993402 1.4636804640040117 1.8420436708618413 1.6596035405401246 1.817128697227053 1.9571022093478323 1.5980358877397307 2.0362270481528 1.7306107529210608 1.3807813831297528 1.5199724165899757 1.3905879771913956 0.30501308235871444 1.499555948875691 1.25960067595166 0.7986108554634791 1.529911818681021 -5.6549237457547825
1.3793023471080577 0.02466957091956123 0.0045899481232936695 0.0018359534827745926 0.04334133638199663 0.08224337919827109 0.0458580171231332 0.05215492746169284 0.004912438739814648 0.009232636659524205 0.0011656439058766914 2.226715495637433 1.6339588710919302 1.4482549588358318 1.2650590677446083 1.75219021965444 1.6079142154754769 1.9288807135239066 1.9891828112312602 1.6363987136758351 2.2089400092013474 1.9766309815910366 1.4237195280468233 1.6903157423442081 1.4413249637509122 0.3164248657488045 1.5431238198448984 1.2913424380363305 0.8219848487172114 1.5542867478914177 -5.884838667479851
1.71648973215157 0.021694802199158283 0.00423601121114406 0.0017607689721587572 0.07004316330483348 0.08272730373045332 0.06495149441254888 0.07174506956718844 0.006121622367042778 0.01051001498602801 0.0014922839062603745 1.8875848210600528 1.423524411338741 1.3432483861629472 1.2296091405851077 1.6841017103168374 1.5913874281948 2.1033187575223944 2.2330461697583504 1.8761686058369935 2.448622897501733 2.13139109176027 1.7512842868752911 1.9670423258635188 1.8580959702056214 0.4116223068900669 2.12693602595806 1.8257957360804271 1.179132368142668 2.711029857377677 -5.830904374772853
0.8586647866051792 0.026947181258357843 0.0060703831932626484 0.0020986770222893225 0.0751145210125032 0.12023393409188718 0.1074689345364908 0.09567538056810038 0.0045675940205223454 0.008465151171217142 0.0011200070948270495 2.4254963251998194 2.3529591321110335 1.9125277552156421 1.5658322692148177 1.9752587148330873 1.8073744412375792 2.022017311721468 2.2482550308921625 1.8881450616312376 2.627085306199431 2.18702237210732 1.8096987465717291 2.0599535137953557 1.960772295041768 0.4449490772001273 2.3457764483521433 2.034680913879073 1.3360919957388144 3.369187771753798 -5.475870160586411
0.5029899500621222 0.03325909210604977 0.008423424732425433 0.0025993788544600967 0.06012138609866441 0.1366557792660233 0.13466129521150855 0.10888943762560736 0.0016329056414971783 0.005766624188090264 0.0008717298224467107 3.4854929648330812 3.686827689650703 2.7732387018981273 2.1163297325032553 2.6275601153751436 1.9395897149033592 2.2726029569433543 2.2436342548685366 1.803164046401805 2.4292858597111335 1.973607772153494 1.6048010547343041 1.9444766254204193 1.693391867291734 0.38012257227073276 1.9728448868868709 1.702023575321046 1.110949310875112 2.6807436311366244 -5.319095108367769
1.505845254768805 0.022328505780675606 0.004492923820683805 0.0017646440145258578 0.06555240429353397 0.08145384164087327 0.0641946149244578 0.06792481615964611 0.005301612011887678 0.00949838609063497 0.0013330004201935713 2.1504153345640713 1.546746633639008 1.4110950122320993 1.2602133922084047 1.7794141606934912 1.680163610081537 2.065099019409297 2.1795151684829053 1.8216523115539927 2.513701975607707 2.0607252998996004 1.6833020802956926 1.8835012812282084 1.77827021595887 0.39136907715787594 2.0103470196091484 1.722503504328293 1.105550177889665 2.483467931618164 -5.860347683821739
0.89001729113728 0.02767550137042976 0.005109824724431575 0.0019906025295902416 0.052601453894588875 0.10610128983197596 0.06375443623700715 0.06869555117091859 0.0033081614984124207 0.008915591807724667 0.001265577296482114 2.305602591552831 2.2728545220562277 1.8472963184555786 1.430203566441574 1.8955342181125494 1.716070769543393 1.889325487640419 2.061179832587884 1.6979131369523444 2.3133517524375375 1.8819303422782523 1.5242607390749645 1.6952116087234532 1.5879439485341758 0.3478023313134667 1.7608509195471251 1.4949394696596163 0.9600810365468503 2.0245642393778027 -5.640031617962392
0.46214748384274495 0.03556941652874359 0.009685037564833117 0.002865027950766663 0.06843756343429282 0.15466556279901722 0.16497144153037568 0.12843158071204994 0.0013382185020497164 0.005350601588354973 0.0006067979808389446 3.841473972627572 3.990014992843677 2.9766006420628983 2.1449880474238405 2.76374007546989 2.0559255496207154 2.257898285868865 2.3572602193982566 1.9014325911346341 2.435678147348608 2.33026892895397 1.7164023127172718 1.9437879591381186 1.8397254215344947 0.4271684161467773 2.219522087535868 1.9344636467200054 1.2807070998462 3.367006246917188 -5.164722743976642
1.7324872791821004 0.02186432373723067 0.004215042304994843 0.001697774342224002 0.039683917628501465 0.054077775770843675 0.03535464119364368 0.04022986717272208 0.005843539240299908 0.010300697851371056 0.0014929927704299842 1.9759922696613559 1.4032546363504705 1.3133551482886912 1.1895979262629792 1.6096648027111224 1.4794126733669302 1.8963288144943384 1.951780785302579 1.5932297102808082 2.136221092634289 1.7070016386356794 1.3567859819462518 1.4808882756026513 1.3552317115809716 0.2925591738040874 1.420199983636106 1.186310162822557 0.7420372952570392 1.3500782939329503 -6.0678634600649115
1.0246294652397214 0.027246127649861552 0.006438530876583152 0.002101141846888849 0.06823737704094787 0.12187138176346039 0.11183126070520027 0.09502513621524451 0.0039348620870810515 0.0075037783614791435 0.001153951146866814 2.7671410827267455 2.045950799556741 1.7161140545797653 1.3684034430473748 1.856343245712441 1.7443512982384812 2.102208954473862 2.208577999845092 1.8613653619393642 2.444557950314904 2.3774312339344643 1.7615905818647788 1.9951477479256543 1.887244855525827 0.4271624918105663 2.2158024657467568 1.9135570178008194 1.2506674488795484 3.005236243320062 -5.556410495742192
1.5839026463420651 0.022040330490489084 0.004377138366371551 0.0017964166629074107 0.07727416252591687 0.09157706386971919 0.07546136398296877 0.08144068726195748 0.005688677726954566 0.010808577196615347 0.0013677863571756451 1.9248876815069562 1.501140387869198 1.3923614941063756 1.2590435872426073 1.7965817519070502 1.6177763251601482 2.0228663232101973 2.2959836603378454 1.942601251515956 2.5594196470499377 2.24756746832948 1.856705336129533 2.101678644080019 1.9976063609831443 0.44689669298892276 2.3469972821115164 2.0334048109261462 1.3204362143869008 3.2445938350053614 -5.641787206296808
2.182051938662426 0.021418242679209734 0.004006893267041806 0.0016854525048056342 0.05414826749157245 0.06620474695996907 0.045524720175910194 0.05332143806188068 0.005842528532955246 0.010381632079944792 0.001275861204964768 1.961490591673372 1.2298814392013906 1.2324282102212591 1.1662901829340842 1.622398798797023 1.6396829156404695 2.0065410528219014 2.0928576310869444 1.7333678611387175 2.3576224452749677 2.1244663046245167 1.5397569062609193 1.702167795998524 1.5817245904037744 0.3458970267995783 1.7258151707690454 1.4586667239233282 0.9253006279545685 1.8720566396728666 -5.992677753868243
1.1916837070609003 0.02557139117604763 0.004697284941133055 0.00204283775624112 0.048057777698488534 0.09148222684831255 0.05383660809564244 0.07193190278402936 0.004626940157739718 0.009839288452093552 0.0010996271004133054 2.111422035982216 1.8158198730477082 1.560810500888956 1.2639544719325593 1.7328981945213495 1.5357740135494027 1.9590353402494625 2.0244487572818217 1.6721521714486112 2.270048439012369 1.8379848374003618 1.4785922042123074 1.6350019499592077 1.5137500845889231 0.33463973039635053 1.6515658587576876 1.3935160340555408 0.8907882797809873 1.771768342553067 -5.775010936123847
1.4096278937154911 0.022616776750716914 0.004727975139080113 0.0018621338248179424 0.08351289859321873 0.10078767453266231 0.08582506248933752 0.09070053036623421 0.00521085560502068 0.009243375093461691 0.0012546755884264174 2.2236246193874396 1.6270984135464805 1.4679974278992363 1.3050966187898008 1.8416025812906267 1.754907549037168 2.1867284151828867 2.3501640894012845 2.001005800136748 2.6540498042383986 2.3475852492226954 1.953595682696163 2.2260827711716713 2.138594531206521 0.47966832966448536 2.5592218515783314 2.2280554722489705 1.4601741014232466 3.793557570534966 -5.664200024032958
1.6263680377837848 0.025374396579396444 0.004402728136546104 0.001730579286560274 0.04637483886149906 0.09078976710363418 0.04787918767383946 0.051107057352676434 0.0054232732983856505 0.010121895836904917 0.0015114708472523824 2.023334570130749 1.4649509015625355 1.3538527561848697 1.1566169313122565 1.6442443987190187 1.5157820030180476 1.9618349188904691 2.0348269254271076 1.6813281814422398 2.153434104027239 2.0434680065500803 1.47611920259204 1.6304262542576002 1.5036301038274795 0.3284271004213166 1.6274054252307824 1.3686296194394196 0.870758800344276 1.7006886444507339 -5.859993677085044
0.939761887550042 0.027857030747577446 0.006446924247149315 0.002162698576214249 0.05742458769642164 0.11332091137503267 0.10054745670589892 0.08666830384229521 0.0037464148456304892 0.007608421084000693 0.0010732723124098923 2.7291847227839217 2.181858605080159 1.7933103687857754 1.4791534533009558 1.8793516433366864 1.7245503652842877 1.9247954188300471 2.113981801680608 1.7597614423569676 2.284656163523495 1.978167700395218 1.610612284685525 1.8073596173894464 1.6874403829627354 0.3745716730022533 1.928881347262951 1.6481206941484392 1.064114561162486 2.364312080096498 -5.569868274275765
1.4700952461731531 0.02268264832239153 0.004635285214596529 0.0018766461841113655 0.0749642907927999 0.09473426340722602 0.07837695883424915 0.0845402903285262 0.005818764498569133 0.009974085324653199 0.0013685585254562536 2.0452209980435727 1.5774289700440547 1.4340060363103206 1.2805421536002832 1.72682320697148 1.6114171176811838 2.1310853003967685 2.2710557282056416 1.9198316056219782 2.524154520029269 2.213391620536106 1.8260392286446483 2.0636616279762916 1.968779734450829 0.43700523630992666 2.294083659073915 1.9846978182873698 1.2875455198701078 3.2296096051022394 -5.7475830575470175
1.4729043173238634 0.022148865928834006 0.004160975171482598 0.0017437644724894513 0.0820573560161188 0.0964681366374719 0.07640642471758716 0.0832717303859519 0.006565053623882876 0.011420629454053616 0.0014667786128535604 1.8106799627440722 1.5779819347568433 1.4379579531849793 1.22174238409935 1.7409035020371508 1.633661226392645 2.045718197574009 2.331104724175478 1.9811902307224303 2.7747554451333114 2.3111524250421 1.9194477614623182 2.180183934992578 2.092211815343006 0.4672622755579992 2.482135517327599 2.1573502377945166 1.4098843186084413 3.5837440309041204 -5.64799128887796
1.1627031225447626 0.02376670595780771 0.00481353379658124 0.0019358797162266437 0.06626535536140317 0.09081008460368156 0.07314867309036902 0.0785321510264171 0.005282840250638213 0.010217092430175972 0.0012161588513409788 2.034577101855687 1.8574524294215813 1.5956529848750882 1.294815108033586 1.8660366081536839 1.5951475493804708 1.9419599290142802 2.170174276263015 1.8146084416299935 2.503236684863779 2.0614985821925527 1.6852325128432342 1.893665276026653 1.7819701581145584 0.3960263577210384 2.0418727508239756 1.7508877584404043 1.1298709874230979 2.670561287120312 -5.629464536443608
1.0222632173030393 0.027181129958105447 0.004972000241998329 0.0020158447149507255 0.07222812009228573 0.1240021503439436 0.08215137135927084 0.09042301151283515 0.0033904470453916284 0.00980083496912806 0.0013078628843462873 2.0809104231454034 2.0508843961710577 1.7216493899281777 1.4440753670400284 1.9503421300312433 1.6450383209974595 2.1183270370705434 2.232359705979846 1.8802441085270059 2.4778794558729973 2.1764046226382026 1.7974034243574204 2.036529706715428 1.9411134476765743 0.43411888055973763 2.282693351394208 1.975363143623882 1.2928082887645116 3.1700366075389863 -5.481555395024061
0.7824371721857537 0.02966071748728501 0.007626354871995131 0.002268754055569959 0.06986929223322152 0.1347330984595731 0.13787064305125918 0.10536030462784174 0.003279768420433296 0.007308582451745289 0.0012162251303510542 2.864229276532449 2.5321978728064862 2.029500614171705 1.5582140085753884 2.0452025199123502 1.7215950565163238 2.029023673729905 2.230674441954579 1.864251866224157 2.4495560420689055 2.1476986308578914 1.7698010456188522 2.0222578236827147 1.9153724918147792 0.441858442441439 2.2899512484623408 1.9920520295776418 1.2985061028263818 3.299772184725134 -5.3474317161504095
0.46539097661575907 0.03378517733468051 0.009215949987083177 0.002864110802340245 0.07820359479390877 0.14950671724363457 0.16267504131201094 0.13511711643029087 0.0014407495793458088 0.00533035858050805 0.0006056462649244755 3.8238837014881586 3.9683528989337167 2.974179385366912 2.146731691786959 2.679711317013371 2.2117885869374807 2.294306699658219 2.4169775085638636 1.9586849928320127 2.5222703695560633 2.1917976156407404 1.8059870257304085 2.056575968254852 1.9598131131215155 0.44792030283089374 2.411694133740677 2.1217603946787915 1.4046564959463017 3.995102252976843 -5.217786823904464
2.1140479488845525 0.021446007662053332 0.0035237069928283227 0.0013973891341425408 0.0942121275764321 0.10720979522520663 0.07396988225976149 0.07239798604426047 0.006349798725968068 0.011690929955519984 0.002053628317278271 1.775128528524555 1.2660005401819907 1.2756882007452013 1.1600430806133897 1.8077486768823003 1.69365277687332 2.30054454979744 2.4992090353811984 2.1491918902743223 2.8736412657249697 2.5616762580382617 2.15104864651244 2.673777549885938 2.3980824352904633 0.5391448522676838 2.931288195071885 2.5746619994228284 1.699956892509217 3.999889929549441 -5.406963555784844
1.2671236035226812 0.026152283249523362 0.004722688860205781 0.0019146094234088675 0.034194820964408464 0.08237090990813357 0.04121874665624801 0.049191362029723566 0.004568434708492626 0.009514849215171489 0.001282634973248355 2.182197131854422 1.731007970667268 1.500930508885664 1.2226439345732107 1.6803539689155862 1.5857932466609481 1.879250628667767 1.9197327600485032 1.5663055211486705 1.985363578457051 1.6769574174672894 1.3302795584669458 1.4521928129721844 1.3271657538074078 0.2871315434744677 1.39144629080256 1.1590616625296808 0.7316614259835189 1.3113965804636534 -5.903145994184693
1.008068724051532 0.027645808598543455 0.00513882869926086 0.0020504189132552583 0.07348593758337171 0.1292202038979372 0.08861812522844831 0.09559481454739283 0.0034260562954676835 0.009945318412234951 0.0013392900542645884 2.0519458767487606 2.0740865484483457 1.736372411956218 1.3826854074856332 1.9623630870220448 1.653930292210935 2.1295518390280166 2.2444545352497838 1.898719496808722 2.5031956244278377 2.2019541657276416 1.819975460532983 2.069253169730687 1.9724471798840253 0.4434902363547421 2.3373559873029652 2.027980553041163 1.3295626493063373 3.4174893245125673 -5.450932360329979
1.2299218742920421 0.026179327433949972 0.004982569879148776 0.002038276839227855 0.050230704151847175 0.09791566657808976 0.06066128003035717 0.07405211392470919 0.004455850101025258 0.00880121527644326 0.0012077927278746358 2.3565851130917825 1.776743003359262 1.5381542974420903 1.3204379601702463 1.8101910583854417 1.6470552763553583 1.97890026676906 2.0526009601163193 1.7016782585014214 2.1934161006871187 1.8829906338046907 1.5181023780778815 1.6853515779389667 1.5571427703333696 0.3466081755516539 1.7241697533128786 1.4595406851469797 0.9322139636198535 1.9115414185293012 -5.760432225102009
