3.4394423112212635 0.03236032992200416 0.00845470571702903 0.005218420464750285 0.018075709202873522 0.19995124108446316 0.13894855407760112 0.09972890100565121 0.01682773315160459 0.01884368834740975 0.025800508020590484 0.7835878223325349 2.166325736823739 1.0938919930361297 1.0545985131240705 1.1972282327743344 0.9237814170520027 1.0481227270261269 1.0460642888325387 1.1789916990912974 1.2666483215990303 1.6635608324376985 1.6786213966248449 1.2104512344733154 1.406225729587581 3.232595807293938 -5.284872598190933
0.5761721064492429 0.03935395955002967 0.01215845186257023 0.01236428389107804 0.001271589207731845 0.19999782503856992 0.16615093949819415 0.17750909439667303 0.010266132960146139 0.00855775180955866 0.00829982972258757 1.282700883043755 3.9800003964967567 3.579023379271929 2.763819367774399 2.615844858112668 1.5484932707703458 1.4596670702614154 1.20155692892511 1.2430472253049685 1.2050695493772001 1.5368900673151118 1.5129595568056293 1.107025355161601 1.2735883497331635 2.9958159855910074 -3.919708510505126
5.441500941067304 0.031218934757086675 0.007376496249126158 0.004785934485712072 0.008089999672093439 0.1805513592230787 0.11202634837295548 0.08318723492770147 0.01897156272495459 0.02036066617333038 0.02633167196127319 0.6191846092749315 1.757030375298643 0.9597547698890981 0.9895407288406455 1.1561706628788844 0.9105686153557082 1.0345834158445308 1.012069192331735 1.1350758839916948 1.1776206858286105 1.5115800138823006 1.2497868064925397 0.9035191215237702 1.0233889223092845 2.3392992074731116 -5.603102398160447
7.004466177914954 0.03030598133871867 0.006981480081961586 0.004337677080885134 0.02950183329163512 0.1936519688945583 0.12592888355925175 0.09693494474974895 0.02047698634407166 0.021166950603060515 0.027286065942397637 0.5822499776864601 1.5841115085517496 0.93342732341696 0.9865410160315922 1.1788092874939715 0.9378236054712197 1.0338840771013067 1.0706317278860684 1.2243898193507208 1.3287025253298417 1.7664267108916427 1.9992334848684783 1.472625899219687 1.7044742718021637 3.982897614186075 -5.440702201670462
8.831654041802635 0.030580702353444345 0.004794316856703775 0.004040298830525909 0.03291238840822994 0.19903232865227738 0.09825739288039499 0.0911269711283087 0.01864500948901152 0.022483523907428502 0.02720719504149387 0.6267870370685528 1.4165137831948293 0.9185731052719667 0.9918051615916473 1.1780731217752676 0.9395108523284003 1.0404142968701906 1.0764634989238002 1.2352297131076944 1.3359078603374541 1.8092935305018123 2.0667390947310023 1.5163493216341826 1.7660169733927178 3.996822827948629 -5.373916022408237
5.70440939024672 0.03103962027849342 0.007300329814700057 0.0044977682673391015 0.019814562589964207 0.19114388191701182 0.12159793727641349 0.09032093829038332 0.01928266916918085 0.020450408611282108 0.026779252158145975 0.6315500955700653 1.722121113885698 0.956673123203672 0.9917015602683328 1.166175293584151 0.9237511621198806 1.0565034613743107 1.043622761972381 1.1855189350892277 1.2626289904206573 1.6518849029616967 1.6264839205311385 1.1903379877758422 1.3631809103972357 3.1644929447691794 -5.501048083450886
5.03590835471046 0.030719094012505027 0.0076933774493423025 0.004121631433466876 0.028801501291361654 0.1986243314682189 0.13569226098889037 0.09418707125036843 0.019345063070784683 0.01976460755782696 0.027736663943017527 0.749342432090554 1.7558844183043394 0.9806736219732615 1.0013195924681793 1.1777766582006794 0.9317670361899617 1.0706465959236726 1.0666069499553914 1.222305261457814 1.3248279176413906 1.7857729668686362 1.9945040997328016 1.4872587380526405 1.6954638692004724 3.993727725510144 -5.376303731226398
5.384265877417373 0.028149250594833402 0.007622317153192484 0.0026536492247721476 0.05958238124963729 0.199776192541012 0.16136217416330695 0.08500991016924507 0.02028523785249982 0.020098556561917613 0.028412227410127066 0.7298018148721824 1.7069959925414524 0.9788752626569658 1.0147740109573449 1.2005230087732555 0.9683866351966781 1.1244119330524034 1.1514807451833267 1.356604179902338 1.5454329923831671 2.1719358607495867 3.7691593727956523 2.872344061549832 3.404220738750627 3.9999999999999996 -4.80054239333862
6.691812727619912 0.029368708116883017 0.007120464289915249 0.004373362993137695 0.030106576032480344 0.1896230331454209 0.12750116364211114 0.09728356805402051 0.02038005597839311 0.020833511161566114 0.026896146605068005 0.5903271649539427 1.6125432455327506 0.9382407058353968 0.9896255477126373 1.1750862208428146 0.9356912861650347 1.0741397252432765 1.0709325296777852 1.2280641047402618 1.3256110642169263 1.792844789580909 1.9928420579377557 1.4702250575624707 1.6941405702285264 3.9636784422477174 -5.4168471468019845
5.503816908240334 0.03116599194799433 0.007441724274917029 0.004070361627791421 0.027666253065095844 0.19866756803644395 0.13141953272575435 0.09004713010603684 0.020036717435231565 0.020672250633979716 0.027771920793713507 0.6105884590644308 1.6809743895531353 0.961521729018721 0.9922804493050533 1.1738402070589014 0.9359627560698949 1.0293086331001418 1.0689848518358755 1.2184112752575995 1.3132788798002855 1.7506387638616505 1.9542215034004042 1.4460321627396162 1.6668911916869849 3.7683845951991906 -5.460169411940433
5.65526817210724 0.03174785216312194 0.007442588113017281 0.004429268046027727 0.02310806743165643 0.19975552308140382 0.12799935401523407 0.09569415119708875 0.0192799442786814 0.0206082334587369 0.027743077642165288 0.6534541948536983 1.7300683237002377 0.962974851861259 0.9888537011315277 1.1708041420822384 0.9249348494665572 1.022893462742131 1.0580417704387934 1.203926639188803 1.2877912491164858 1.7026715398859982 1.797623658680054 1.3208203783488326 1.516821753315953 3.5299657215781415 -5.468753367973345
5.31748348260681 0.03203276195145952 0.007767616347245249 0.002822888027467408 0.014306596029426756 0.1920198674005417 0.12270509996210546 0.04876660440122846 0.01891108122797627 0.02006126949158889 0.028522418165864864 0.7329866815879703 1.7784397049522473 0.9637415848240715 0.9868917487546691 1.1611091917491696 0.916982205990091 1.0042957995738289 1.0277442583590348 1.154455884987201 1.2148852987371674 1.5770930062956299 1.4224435015147052 1.0349354809960953 1.1792704742609095 2.711274421956317 -5.6438177942826195
6.519544140281379 0.02776298203771808 0.007213959056199143 0.0023108774569508246 0.06304212716968807 0.19976574354373236 0.1575155444466674 0.0824450956758337 0.020747335762886693 0.020525080363312187 0.028961832646676473 0.7127316670717037 1.6355092865012977 0.9514572640041377 1.0099664355633449 1.203750142242207 0.9728569788106026 1.133085825724932 1.1627962325334755 1.3712163808451063 1.5692225536464415 2.2199353894299154 3.999945821845654 3.051503904413901 3.6260277447411595 3.9999999999999996 -4.775125163816418
8.723869345106175 0.031024423503903047 0.0069205408267125745 0.004026629911163671 0.030116281903471067 0.19950434821281268 0.12615199494801566 0.09140053788192204 0.01814869249355715 0.021211656059837644 0.027553133257603675 0.6464750142520873 1.4191774565007804 0.9189422498536922 0.9827956052946877 1.1764472783624222 0.9401995591569904 1.0374705402316542 1.0796450992141862 1.2347240707435183 1.3333650196235896 1.782908906335164 2.0498698780002664 1.514559769227691 1.7513848155800498 3.9671539847984074 -5.427235689193885
5.567501589133586 0.03185260398868294 0.007687693225181766 0.004009198624284281 0.015683127214966376 0.1931421329853429 0.12370504444507861 0.08051678981535072 0.019202725190060083 0.02017483891287949 0.02835667195361907 0.7380408103835839 1.7402382849541598 0.9562884326681852 0.9852763641941478 1.1617922689291653 0.9206302566626485 1.0090234582678688 1.0355582938550973 1.166240026676971 1.2296687857334536 1.6066955824432432 1.5012270748165415 1.0914191645053124 1.250184904836002 2.8917580071326383 -5.536346318431777
5.471199388903275 0.03094047889650191 0.007637225529083994 0.0028143829304551845 0.030799065737236488 0.19871374808773823 0.13546738422545224 0.06327430076527323 0.019109125030475682 0.01992381218994161 0.028310706283328844 0.7414666309657238 1.7578466447234238 0.9634041688220575 0.9937327474752075 1.17584444614056 0.9353917469599311 1.0744807808901433 1.0732322318363312 1.2279002620143702 1.332776000515647 1.7757175079257705 2.0368475364603036 1.5113733636534288 1.7486141530286554 3.956317524077884 -5.511958816533468
6.587713363740303 0.02920545530039667 0.004921269100332972 0.0031419021325970096 0.033919029750958965 0.18864565163195116 0.09789560705343002 0.06638687987527805 0.020644752838264318 0.02204260978984086 0.027182403819940477 0.5719491850812893 1.5584907873793288 0.940018813391989 0.9953590548342183 1.1783126235291475 0.9355875801445169 1.0732770726587415 1.0701204275244822 1.228406761750112 1.3315483669939452 1.7923521125002913 1.995610198091197 1.4741287085206414 1.7019239130424662 3.9890176141692573 -5.47300568581502
6.073065941074388 0.030112014495629398 0.007537767637703689 0.0028288792418659915 0.03913029287575665 0.19995934580878758 0.14154873821711564 0.07199579404636555 0.01988711166351533 0.02011225732636445 0.028504404158741864 0.7372541606426338 1.680063079130748 0.9514553348452307 0.9929957348781369 1.1830281307318127 0.948044377559541 1.090853015159612 1.0992054104227194 1.265737458144862 1.3882022371217535 1.885432494526654 2.439336818482398 1.8220032007358935 2.1208408325129073 3.9999999999999996 -5.356293726134297
8.099745535869781 0.029677496505555533 0.005432227622570488 0.004337407328685074 0.032586997536098804 0.19125923358901878 0.10731757731742889 0.0953064056171679 0.02003337216470321 0.022042705701888324 0.02669344824179502 0.5841091809583586 1.4525704891729965 0.9229327916671909 0.9919288895223997 1.1754490912177131 0.9380714085650038 1.0571488080162788 1.0745203273125443 1.2327066191525722 1.3351283765321418 1.7962172055400085 2.0438933222286413 1.509009137187732 1.7452891213712691 3.964849719962786 -5.379900672852729
5.876367172527527 0.030085067790215855 0.007418966736906385 0.002897845378984999 0.03906482201481031 0.1997143098031366 0.1398393510112124 0.07283120291896823 0.02036010067491852 0.020390610073403287 0.028410296271944555 0.7337883501991184 1.6349554368563095 0.9573828904890385 0.9951903615474387 1.182254448696827 0.9457727467252534 1.0897102791129811 1.0964510456340297 1.265507942999542 1.3890886604813824 1.8805416984564356 2.431965616841384 1.813930644695528 2.1114862606244738 3.9999999999999996 -5.343302356798107
4.890381598883254 0.031130553032878726 0.00780231199415442 0.0030530998018158386 0.029787461892593656 0.1995619251954513 0.13740145539353377 0.0660338645878833 0.019125670015576867 0.01984108613044755 0.02789124452061893 0.750523864368969 1.7805196963032661 0.9848267645644946 1.0014191466676168 1.1786075828885088 0.936841861365873 1.0720411422444707 1.0712147756730195 1.226844211718726 1.3259867324657342 1.7660626230629077 2.024942664887127 1.4952753065541065 1.7245884648008352 3.90189585487689 -5.4967727271729965
5.673231135952259 0.030836483344659226 0.007609346915820939 0.0027955905965683613 0.01797544167405265 0.1850416091445705 0.12222480839898282 0.05022592062438317 0.0192970327655204 0.01987785242390311 0.0283399539646304 0.7427839750360242 1.7258986544725639 0.9526436984409664 0.9842984323223072 1.1628974606191966 0.9234344954736228 1.0498175224855835 1.0358850610648838 1.168633794887468 1.2306958371707493 1.6066421549941567 1.49747949538495 1.093333167640312 1.2469044785972723 2.8892272663466594 -5.627553412549104
9.828906594764339 0.029723072833015354 0.02986118177018187 0.17186695259108065 0.06090536144784804 0.09394661106005821 0.12345609254178183 0.16044961594497406 0.0035892072302326685 0.20499081960514406 0.14197315301564242 0.9384626928015332 1.1401638779658376 1.6363087993840406 1.3865696332172504 2.5079647267013008 2.5094497924439483 1.6324611159555977 2.9097625898491715 0.7862891689966192 1.127820965523444 3.183482101607709 2.4665250021624874 1.4564150114170376 1.565129976283204 3.9997044143813376 1.6831083652776397
6.186045140648992 0.026882502751352646 0.007058112295368171 0.004586244351139037 0.032527414198288855 0.16181487943955136 0.1268872746367243 0.10034921740769769 0.02125220817905252 0.021034980310795946 0.026649347696684585 0.5695101732029193 1.5976719647906459 0.9469605165524398 0.9880255587887671 1.1738703346804957 0.9357524620742383 1.0737507765034104 1.0711565631569908 1.2255363552949545 1.3226829588212672 1.7628732829880223 1.990837247932417 1.474590671245308 1.699766521929659 3.9712710963166433 -5.404869069853119
4.9749519274535325 0.031225055872351512 0.007910538322663177 0.003011412261305857 0.030167565730276187 0.19996158813840642 0.1394862313776521 0.06614876200247358 0.018447256877778616 0.019565650697235093 0.02795758640240945 0.7539074427842218 1.8411066770603324 0.9815344617536841 1.0003784396220805 1.1781084848177528 0.9383056293577909 1.0733814639248935 1.0733369524032477 1.2287489715641016 1.3283938289796748 1.7742348855318562 2.049579744318023 1.5165071259376832 1.7525405386045325 3.9612585677158036 -5.489430357815895
9.607350858567607 0.03016788528103069 0.004957568168051905 0.0030245819775167513 0.03895572234212859 0.19993345049007777 0.10545150435522013 0.07305144617619222 0.01875138726029537 0.022380675068611855 0.027676355811076025 0.6233821530440937 1.387478288446468 0.9171267947836106 0.9929879482434192 1.1820587165472225 0.9461538562835794 1.058446285086889 1.0917136626225834 1.2571280152988433 1.3812586392935624 1.8693785654158275 2.3074772555934455 1.705239486278173 1.996929417737043 3.999999924882781 -5.314475912514192
0.6710001447447953 0.033096964698453094 0.011993473454689627 0.008702418208810217 0.06946705102945086 0.19741153280953533 0.18348051489649406 0.13532875331556954 0.01082793426973137 0.008766968717857487 0.00947708841630501 1.3190373680038538 3.9997327296372034 3.196760750019368 2.5116787262140208 2.431420537404651 1.4879270757556395 1.4489077610835845 1.2857371175752883 1.4253467942187388 1.5696821255116564 2.254655685582608 3.9991130165147672 2.78853240931608 3.141028736478064 3.9999999998638205 -2.6358477064870973
5.097199400169936 0.031141532167418835 0.00765796269300492 0.0029521304817148406 0.017175648931196608 0.1872961364765459 0.12275539394484246 0.05207666488193823 0.01931122472720223 0.019879281745152237 0.027993305918504467 0.7490736247680645 1.7405073503057937 0.9718164469343024 0.9908808638285692 1.1652152940960168 0.9222653437004503 1.0480070856999277 1.0336263883371326 1.1687265054839022 1.2315838216754107 1.6004245759147457 1.485494022244538 1.0874134144869798 1.2380632958307312 2.858336245820633 -5.61472442130834
5.254792872864943 0.030697455408437525 0.007712701578285785 0.002978750501691328 0.028442077036868192 0.19413767094612477 0.13421774700286085 0.0629449563360102 0.01957886113610477 0.019887907974856667 0.027987574745683315 0.7493269993840392 1.7186373452691412 0.978086475075268 0.9947994082266992 1.1749961150484125 0.9353070203658549 1.0692856272161997 1.0664465102512557 1.2187486802991052 1.3129806644653266 1.7414619125514081 1.9365854355516463 1.4282724937155968 1.639372990093123 3.8281446292499917 -5.525391232345064
6.140091805972337 0.026874133648800397 0.00704400846164571 0.004550299235505998 0.027927295936118594 0.15712534764979694 0.12204421260338634 0.09511322146068862 0.021224222018954846 0.021034173360704556 0.026681861612088978 0.5693279708106728 1.6012778007623563 0.944138960917023 0.9849881928182802 1.1687636213659964 0.9311588688963308 1.0647421431610304 1.0579906941555441 1.2037040923587388 1.2876975673211344 1.699639318604712 1.7795709088431462 1.3136049326780477 1.5059695974578238 3.5040075813217597 -5.45259202189963
8.700541460967413 0.030774610484799795 0.004866031528650795 0.002956669799094334 0.03210484704212658 0.19573714372323958 0.09715068889047059 0.0634977380363739 0.017342951371144288 0.021987031119810894 0.027585168050701662 0.651614409342757 1.4198691849354637 0.9200391141831239 0.9822917415885787 1.1750591962618986 0.9419405013619694 1.0768805214118888 1.0750958988094026 1.2283454089488628 1.3227033621120663 1.7634859262670877 1.9822235667873525 1.4638615219433184 1.6897389253990127 3.9486365584601373 -5.500572309078495
5.522416853917312 0.030614321194236894 0.007544313163266973 0.002827362479713685 0.03137503900270052 0.19636365599496217 0.1345242106316357 0.06369240324235242 0.019948128229631785 0.020149737817787026 0.028321624198526067 0.7409605555089759 1.6790761189541303 0.9616678239479166 0.9932392983162524 1.1759555131951587 0.9398003352066446 1.0749986068087187 1.0751617280858399 1.2300541840305068 1.3292200201543711 1.778341543920762 2.051790414796874 1.51853790608747 1.7553540557012182 3.977996927576564 -5.509595732304251
4.711198052732508 0.03162577519625435 0.007825357993123212 0.004356222902021732 0.02033112130137055 0.19551786797661197 0.13018665592543782 0.09006263075017351 0.01871349448487681 0.019714711454429972 0.027481449682873856 0.758215968177962 1.8131357250153648 0.9915976920113226 1.0009734081458281 1.171981857025228 0.9275565175333522 1.0567897305064216 1.0475001691598904 1.1895197303708254 1.2645574236001023 1.6649062860799864 1.6854081709799487 1.234482168117396 1.4164198384559954 3.285260526224782 -5.45695925937082
6.348165361738062 0.031120889966501666 0.007304500280950889 0.002772062716509578 0.029775797920813755 0.1995965011071509 0.13021208325180472 0.06170430294791136 0.01999301557808913 0.020803597280057515 0.02851577337966369 0.612753047408397 1.6471224412349048 0.9409630186726992 0.986415978785363 1.1736633383793855 0.9303354808346139 1.0321261861621367 1.072795973809865 1.2256595172064424 1.3205304251993375 1.7620509541046048 1.988931404742107 1.4693569369914496 1.6962851591964734 3.9655400307917414 -5.5555437452894925
4.750995717674699 0.032476110468289895 0.007829092347148875 0.004163770046078526 0.008207778728735609 0.19114414358691928 0.11984341238387504 0.07431033521800591 0.018787476224510328 0.01990645759852718 0.02769186632422759 0.7417092699587088 1.8027356730325068 0.9883051619923323 1.0036797651595897 1.1610216836328706 0.9109045243164441 0.9964242982082926 1.012588807366203 1.139031570887489 1.1837491558733124 1.5252063143644508 1.2883730608229151 0.929429954623414 1.052661427375405 2.410199158112823 -5.559873047658194
5.210866594783517 0.030576215011890565 0.007631435215675736 0.0028259817637472408 0.013133650890492655 0.18140618462067462 0.11774456148307999 0.04595307429118672 0.01959237313658321 0.019898691054184552 0.028077807606873343 0.7484699690702562 1.7204099867739184 0.9741438054947295 0.986677829431046 1.1589624946383272 0.9155941324687817 1.0392781637633317 1.0195782396628108 1.1458773652958965 1.1959678959344004 1.5671736672687928 1.3321180335140839 0.9653120785065598 1.0970883141846373 2.4443338240703874 -5.629455648977997
5.751086052129648 0.031032819761803433 0.007543609163436213 0.0027695568749960832 0.030938578112165976 0.1999950880089827 0.13452434005445224 0.0631225698482083 0.020290307114771537 0.020387051105121855 0.028619026818822137 0.7228426530555889 1.648550996209522 0.9549558596363968 1.0062465070293474 1.1753529597227863 0.9400569864338459 1.0334638725941439 1.0756389985561006 1.230003003083454 1.3287829852537412 1.7783887033787447 2.047761860619989 1.5149980777481797 1.7516715107454028 3.974161982355228 -5.517379455950349
8.699944850594882 0.030699305485839035 0.004792715208555176 0.0029592961334648517 0.0336410721878627 0.19673791166106874 0.09754167048815914 0.06513277342998999 0.017654248713421684 0.022146160023364492 0.02763339590793425 0.6400183067821806 1.4789350891584716 0.9189490262485087 0.9827532722013542 1.176479297786105 0.9437876122494935 1.0797172835084639 1.0795062664690092 1.2350184029790403 1.3335569270607681 1.7830252870115526 2.048661575336115 1.5159774740713041 1.751481166602183 3.9685833071665595 -5.484986202911213
5.36732543144827 0.031934600180614316 0.00787449416158856 0.002819481597025706 0.021157557756973158 0.19799229769383878 0.13107123081565245 0.05530581100919008 0.01909607299780324 0.02002193493667513 0.02856349215257957 0.7379089062581943 1.773300899436948 0.964476763748635 0.9900611050203135 1.1669832473553334 0.9249777907528403 1.0168738647803675 1.048146603577077 1.187472523543321 1.2682807144306465 1.6636584108982435 1.6719128560658427 1.2262996591618227 1.4035581068731982 3.2600813510238016 -5.589512019415819
5.397516429415619 0.030661578494120156 0.007620283345396881 0.0028630594044106623 0.029808084178905587 0.19512315426163074 0.13410636147745292 0.062620773396651 0.019796267086532985 0.020049547890660498 0.028245795313009924 0.7430992878510905 1.6965853346125026 0.9653791376731057 0.9937552690795292 1.1748977698636829 0.9371811890945863 1.071900222876612 1.0703738577704593 1.2230101229642296 1.3183525047923452 1.7580229198171249 1.985603772748687 1.4714823399642933 1.6956412984165474 3.9500195281723536 -5.5240767179609325
5.089529822418738 0.030897651926905776 0.00755247766662641 0.004072922651809917 0.029584049685460995 0.19868564489073298 0.13445660871625384 0.09152607019957658 0.019328731990339222 0.020041672980228003 0.027589417590775704 0.7243489881227877 1.7474743430634017 0.9793370427173146 1.0013447449858912 1.1768730654899284 0.9341522457092448 1.0721630409943943 1.0700180989087402 1.2265857016991488 1.33110661299015 1.7755829675027008 2.0330092107549866 1.4996243827654672 1.734029718369614 3.952744911286212 -5.407145282090616
1.6495758704589816 0.03339301673262735 0.009743862162379449 0.007221699834071618 0.021392441537020128 0.199976800145111 0.1626063102636817 0.12876594239546693 0.014811274996612169 0.015288610409420374 0.020353886090842196 0.9992807697959588 3.8579020804626403 1.6038151295719794 1.3751683099654628 1.432889384381376 1.0003810547534042 1.0670421844871099 1.0461391778813978 1.1923313560893816 1.289287695684912 1.7301379085563175 1.9372726532647682 1.4430123315602732 1.6738486897823492 3.854981009088475 -4.416552774600921
5.876964591203993 0.031506811025521955 0.007659812428176659 0.0026539480831673755 0.022411793078062157 0.1959004363763208 0.1279673103298155 0.05319460657955547 0.019586860572274396 0.020136370527589847 0.02880073234026726 0.7311472417909681 1.7005264163763258 0.9486840660572383 0.9854088947645413 1.167312466801968 0.9297091136181604 1.018720422395554 1.0512694307652584 1.1911674192779313 1.270164241769598 1.6712943080265834 1.6881327632306287 1.2374156785902888 1.4176390992513437 3.311946709468936 -5.604330366070912
5.391759391771951 0.0316742728201849 0.007718028655798607 0.004129267080940971 0.015626607042011333 0.19186633277347445 0.12419538982479492 0.08197121832720589 0.01978819373866855 0.02008207471516663 0.02804256362137034 0.7463313531070122 1.6944503914993472 0.9614340884538399 1.0022264636341323 1.1636289791448577 0.9229608330733855 1.0084384565193623 1.0350460887323787 1.169146703020901 1.2303054260608453 1.6042290678969524 1.4997390666030417 1.0922809699526712 1.2470978559737838 2.878163866428424 -5.527557262586637
5.582597075711074 0.03134063606294506 0.007820148131034039 0.003922549790386132 0.027425865467410864 0.199979276180809 0.1367352457752429 0.0883520920949038 0.019398064630022024 0.019966479375667003 0.028177459067237738 0.7420383941545554 1.741285055552882 0.9605426893980397 1.006795886627929 1.1741892485589527 0.9373222399885964 1.0297809745634265 1.0696199648566127 1.2214196279063791 1.314729449999481 1.7529172726500821 1.9656423014773192 1.4496084783521328 1.6737952639837923 3.785514142841896 -5.444115082662975
6.2662738917194485 0.030773699876227766 0.0071302524866063925 0.00297430632537266 0.028393052911151736 0.19536707852547433 0.1262344523153274 0.06319112929292232 0.020312626121975683 0.021054032156537755 0.028057265897144867 0.5945522329417281 1.5893536144799805 0.9445887528045597 0.9976298412008534 1.172188088528944 0.9334525767526639 1.0288685262473156 1.064533272097048 1.2157070130574916 1.312544088339982 1.7390339810257083 1.9007787623733021 1.4018577028108385 1.6313267687281687 3.785126424385703 -5.540125062353072
6.400286751729282 0.030296452321430165 0.005133954754364218 0.004126091741581328 0.03269325105577717 0.19488605093617972 0.10273213682809901 0.09224843278878594 0.020615663934050284 0.021926478665322206 0.027330787918831565 0.6139416133807312 1.5770651160094151 0.9439647073894677 0.9959815136441563 1.174622773131519 0.936729468533602 1.036700460505009 1.073062237942163 1.2317950114638643 1.3330811786442347 1.78284128216217 2.052897695515003 1.51418479671317 1.7480912151492343 3.9768479958731455 -5.393381797845626
1.1200467629482833 0.03466215971599627 0.01052397854978857 0.011159541538812207 0.0034340930951437757 0.18716220659667338 0.15652388210077345 0.16241805521757127 0.015093461229208717 0.013157719611683596 0.013701697536303022 0.9140617152833437 2.6807583599949827 2.0887368957231143 1.7033856878129907 1.7008321145808616 1.1081651947054258 1.121020484052178 1.0358309485394166 1.1415741284568852 1.1875646765722807 1.554949226513806 1.4337866272591644 1.0474735275428044 1.2001259380760396 2.7569663988805226 -4.376205013288672
6.2121705057596595 0.0311338524802815 0.007318222141418673 0.004503974331901518 0.028105318269177476 0.19967931228167565 0.13024147052038823 0.10078387951897022 0.019910696497178363 0.020772910754258637 0.02746920098962289 0.5992632475953469 1.6618807256495207 0.9436710158973146 0.98717917094232 1.173680955615036 0.9382878278489756 1.0320220890616547 1.072637946829789 1.2259162026157964 1.321170163735094 1.7622009889239845 1.9945370990781166 1.4719896109533313 1.700631098951 3.9722363677407335 -5.44768508210858
5.649835001741205 0.030533755966001042 0.007622911524892574 0.0025730611261544096 0.031673580425828976 0.1993990182161567 0.1357484223975394 0.060446946785303046 0.020392261527720754 0.02034915225840774 0.028842697919031324 0.7287959098184743 1.661692450480255 0.9577417568943121 0.9920018568353399 1.175714589253691 0.9399632059852355 1.0334722701657526 1.0755697761659104 1.2305534054807588 1.3301836540063572 1.8105454144461102 2.0556980293199545 1.520363365391212 1.7576691775132636 3.9833540134358123 -5.498166754630501
4.962945313156947 0.031085076126044858 0.007551540972317113 0.004669052163372172 0.026480564560503746 0.1968113995532373 0.13187163205084554 0.10048171255731425 0.019151201752139312 0.02026770973132208 0.026854193663715983 0.6770248059282533 1.7668623667192338 0.9812645274191657 0.9991497055712506 1.175579093652579 0.9354006234116496 1.0685066547857567 1.0655792454007642 1.2162476422048094 1.3075105974350336 1.7403282704608873 1.928635674343507 1.421523738328867 1.6402767492428456 3.827837909106976 -5.423578821641763
4.812005978585359 0.03161072433694388 0.007857366579633061 0.003982886123050397 0.024232825934161418 0.1989896616107175 0.13464233939011813 0.08495770283015303 0.01900815332315549 0.019985223969660154 0.027864146424393343 0.7384239144929683 1.7951573953452722 0.9904645537264943 1.0041759695847272 1.1770318718314008 0.9282749312415276 1.0238870335360315 1.0556976063273227 1.2043335105795514 1.2938027797252782 1.714103923181706 1.8301750613856917 1.3501667551141536 1.5535243515933763 3.502660838015053 -5.4379121224575435
5.045250330223427 0.030913395623449913 0.007708000410737475 0.0029819260932058295 0.029207495664503057 0.196482916942194 0.13529380574606462 0.06414663306399827 0.01930761057931938 0.019938314859877522 0.028002569785106037 0.7466673747061167 1.7524008653198202 0.9780542470594668 0.9983373892132704 1.1762769480553303 0.9289592623627757 1.0707107557854656 1.0689883686022794 1.22090915394313 1.3159851982434332 1.7546660853969072 1.9776652213991492 1.4650555210279823 1.6851282145467839 3.9315883132803697 -5.511838094678269
5.881966408289688 0.030166454734349948 0.00751656850576561 0.0026496764662029045 0.018061931092137884 0.18275521402128192 0.12050287887517538 0.04752985530791461 0.019760076114638366 0.019999981000651194 0.028383878317694535 0.7405865898304058 1.6979620795847017 0.948624711503059 0.9969070990132607 1.1620904009767867 0.9210027771278324 1.048644659483981 1.0334239570583845 1.16712685720231 1.2287045659374967 1.622644233664069 1.4693894257637186 1.0748536694507396 1.2240104923981128 2.823020871850331 -5.613030953523073
9.37804541706648 0.027389976528307085 0.005415747645405987 0.0027472640165262193 0.06446260108971631 0.19978849329304443 0.13584780897742482 0.08856689563448374 0.021437633121951436 0.022055575216981507 0.02780606509952597 0.6574594838276626 1.453474272002032 0.9263719911200081 1.008144828336482 1.2022166308650906 0.9767613893540389 1.1120152442928433 1.166381000783692 1.367838350703891 1.574904508567898 2.237228959163837 3.9998054436403656 3.0558494984146263 3.598076774827874 3.9999999999999947 -4.7444229573690135
5.8299254599864 0.030209442683193498 0.005189075838227081 0.0029657732099036688 0.032852308593053325 0.19252488216504676 0.07423340850707462 0.06475781632251938 0.020117132766902458 0.02086115751904201 0.027977726278628167 0.6950749197859133 1.6398075808583976 0.9564158631661694 0.9962906651263337 1.1745908400279543 0.934489367216178 1.0718898695648442 1.0689726738244152 1.2250481083316174 1.322061039868172 1.766294919000086 1.9964967660963358 1.475546643768839 1.705135877839858 3.9857217643521863 -5.324725479405136
4.91842912731172 0.030319528682222704 0.004299068455050117 0.004366469674123536 0.031438352510874235 0.19292933560592476 0.06439614037390576 0.09636864659168232 0.019245068407564132 0.021163852212878444 0.027305109947312337 0.6831850530519988 1.7798561613293353 0.988122339247102 1.0080242588022736 1.176523410509088 0.9316431928491258 1.0639213861850805 1.0632692942374546 1.2172965555803366 1.3142619743540511 1.7616058650805155 1.9574797095105214 1.4400462513890024 1.3347973818449779 3.8853936232088713 -5.1341856976506675
4.563392790654703 0.0313690134561675 0.008096400933229376 0.004388876066534762 0.02734661893252847 0.1995291511222638 0.14059307084805175 0.09725535820134522 0.017916757776727438 0.019086182939857248 0.027369838790728396 0.7656588273648998 1.9223580640459395 1.0034338007935302 1.0113761299468507 1.1843915242712664 0.9318887604956453 1.0692439627411474 1.0649916754855724 1.217139340923517 1.3235018963324459 1.7587085122849786 1.9909288094418047 1.4680475117164538 1.696287847235512 3.9667944556765633 -5.362957236951951
5.2409744646067296 0.031111871618420668 0.007609626202982339 0.002947941707182562 0.0274808924240622 0.19660290144204579 0.13207116996760412 0.062200429543804975 0.01875306400222396 0.019937379614464748 0.02809260319032824 0.7398225533964776 1.7944130430996745 0.9707040286032307 0.9951852555645488 1.175441085295726 0.9306568872099011 1.0680573655737002 1.0621347046554308 1.21314470598048 1.3072011219271042 1.733579598048967 1.8994135045731868 1.4030434710723774 1.613446168336134 3.7628758646677825 -5.53151746521922
3.3168841321821123 0.03291464680656588 0.00821774003225846 0.004821120126691971 0.014289409374575021 0.19893364374200123 0.131029943449115 0.08628611389318491 0.015856611557441332 0.01894343589165838 0.026072882728370245 0.7824387713272508 2.3170866872029467 1.1098378014328023 1.061813569808912 1.1998901240181912 0.9201592576723947 1.0144781406348342 1.034862774981217 1.1610525941867624 1.2364202972865577 1.6136035235795179 1.522960333443509 1.1030457553223043 1.262392329353175 2.8995541320502305 -5.262409154165973
6.736914108772158 0.03002170154938384 0.007103180490390395 0.0027574543572193456 0.038807606979373806 0.198870571104962 0.13445329442063345 0.07035667438813642 0.02016788086823796 0.02057739419295547 0.02856782382057476 0.7155793411464765 1.6104866129440962 0.9403452904385086 1.0021566416696028 1.1814975834418338 0.9458068419807737 1.0898390684193884 1.0962417955496273 1.2633121821297106 1.3829978620799228 1.8739608478050775 2.391603050460107 1.7844555407321598 2.073548092292617 3.9999999999999996 -5.346871548742147
1.5151861127834516 0.034085447419930734 0.009749363148720836 0.010532190723168045 0.007868789749105555 0.19798897330993961 0.15194787733910078 0.15960751458383562 0.018248710837787875 0.01576781119709277 0.01654088944207724 0.6916939353242414 2.1772207464532287 1.6800465305561747 1.4324253340677862 1.4708194338726284 1.014257746133689 1.058438647494708 1.0301642664250807 1.1519874236046974 1.2223095357527693 1.6059020387712188 1.547274791914108 1.13586732488247 1.306849829577773 2.97732135457456 -4.627734161127301
6.0644226507431735 0.030461591913501767 0.007540486162197397 0.002803523623196306 0.03639337784849498 0.1999117979524962 0.13910929456108123 0.07057491786293885 0.020076901874669015 0.020365311482351503 0.028921825459198823 0.7279126041700347 1.6803958075190755 0.9487273999397194 0.9916017485994084 1.1800155885756025 0.9380994621244398 1.0434182003860204 1.0915160203983525 1.2546418809195614 1.3690668508777257 1.8488180470030922 2.3060281927196216 1.7149813946991745 1.9931931447185036 3.999999999998385 -5.373978792344881
5.450317787690991 0.030670268779983998 0.007580335492840077 0.0028440568287357217 0.03140343421460137 0.1968567396204041 0.1351551439170465 0.0640220260864241 0.019863902073435594 0.02009195638666414 0.028284998566852404 0.7422653940000107 1.6893449074249909 0.9641508244634902 0.9940757681967922 1.1762545311887007 0.9397951566791056 1.0750841153384907 1.0753858183317198 1.2304490174846312 1.330007796060264 1.7798781005309716 2.05872444212518 1.524391633600902 1.761075414767263 3.9910742547553615 -5.507852190540173
4.697457226979412 0.03185783425403593 0.008062736078586505 0.004326369792769182 0.023151732981537103 0.19928634112788582 0.13608991100752504 0.09217304448416307 0.017860366472512372 0.01924508560993382 0.02745860682274186 0.7633040060036193 1.8943203609038115 0.9960987604177268 1.0051516362178288 1.1742874023272638 0.9277147424861764 1.062349102004951 1.0549055440564048 1.2003746414921894 1.287073390447131 1.7084047049139945 1.8233259533413069 1.3401718089474919 1.5424057557642046 3.5843704108842704 -5.411059947853274
5.662944310435239 0.03147641374174477 0.00753836282246034 0.0026882568299984038 0.016841526015336845 0.1901985287396065 0.12106861769078776 0.04839260098902433 0.020030693336551705 0.020381316402517186 0.028758617479108455 0.7291270872167507 1.659756454792331 0.952368737429045 0.9839653096053388 1.1622637667581004 0.919684270290662 1.0078401499385885 1.033735665909373 1.1651243469096584 1.2323420688673703 1.5980156036490032 1.472547910394705 1.0720488049543235 1.2206666364676482 2.7541146900860656 -5.636118726022003
6.6521850411286 0.02810729547203317 0.007278156595456203 0.0025544642785633887 0.0571856485483175 0.19962313365977394 0.15368837653591053 0.08055465783893827 0.021342609439937342 0.0204940004565605 0.02842929991865634 0.7251638776530063 1.5598382224671248 0.9474204491918392 1.0068780402601685 1.198081270476668 0.9662867185408236 1.1214727100619182 1.1458264820970916 1.343651354949945 1.5223957525356222 2.1359316743832477 3.5311514320608266 2.684957174420406 3.1677669383362264 3.9999999999999996 -4.88367247072903
4.81890532008786 0.03164751260405127 0.00800691239138254 0.0030423069257944934 0.026017122871461577 0.1999619482710659 0.1365954163050536 0.06263770329715074 0.0181742434512195 0.01940471706074755 0.027903477368516838 0.7576432269805872 1.8702496857651307 0.9875995525114722 1.0011355525544474 1.1755747431937187 0.929883478002183 1.0660248265677108 1.0612278778410404 1.2094910361968618 1.2980521018879378 1.7256642746847242 1.8750072384353085 1.3866964294523114 1.5925815720442187 3.7202473583815894 -5.513308445554446
4.883955159963282 0.03136859201199742 0.00882115436589584 0.00829853343499352 0.02281332146846101 0.19963253458249994 0.1512070100509615 0.19156163793591308 0.018547635235664443 0.01951232899439535 0.026078517456212216 0.6629356703982694 1.8581395858575622 0.9897997981398879 1.0014739519468419 1.1774610716909455 0.9363402494072673 1.0294600093919424 1.070013663629579 1.2227664648391474 1.3182921282158397 1.7605343873311718 1.9980256143982147 1.4766630552014857 1.7039261441663809 3.9884395183361043 -5.078543602398133
5.126315673970074 0.03198309883829418 0.007557909662412713 0.004253418762481478 0.01228757758018672 0.19103994961263376 0.1191371396557371 0.08019400106096981 0.019391356664176185 0.020471675861182443 0.027764102994710983 0.6759225529190851 1.7351545703186317 0.9698377048009917 0.9888948615249857 1.1622134282473238 0.9187095351932085 1.0023127757458203 1.0252448905395946 1.1561711861689814 1.2111279692941062 1.5648453019917976 1.3960677166311874 1.0124458214390457 1.1530790006799196 2.643286723091626 -5.562389589863002
5.832443566491798 0.03139324891535207 0.007272562668808682 0.0043347659014241835 0.010811032182145883 0.1849341797588101 0.11307970372816364 0.07904238261278893 0.020128102606269554 0.02081830590950031 0.02733233896137618 0.5923939293257068 1.6336932282014685 0.9482707597482178 0.979873909841754 1.1568047846828031 0.9168418736230171 0.9995050424237727 1.0202001528715972 1.146025366353691 1.1933392870852906 1.5404222323743701 1.3217149216506732 0.9567584922268467 1.0869868321523672 2.49456882688321 -5.598644614925528
6.384550321508297 0.030306351188114856 0.007473805572910555 0.002805132976371235 0.03705846467100616 0.19999999999999998 0.13930842138233074 0.07118875209119922 0.020960783273536964 0.020523604205361277 0.028912269178268137 0.7262466808507749 1.5785151954078538 0.9441299492434995 0.9901747004682411 1.1797442652104737 0.9441681438565142 1.0448808609082663 1.0935339229173833 1.2575495613003471 1.3744626101125097 1.8563612380066148 2.330197806931115 1.737886135788148 2.01856302118933 3.9999999999999996 -5.365348786657018
9.34551961338649 0.02794084545673938 0.004868700728651188 0.0034380858646080566 0.0558213591688394 0.19978777632338499 0.11872675476367564 0.09024992822761886 0.020985810084996493 0.022447022140897117 0.026661255310050258 0.5775467103052477 1.4536071883172679 0.9237038222124094 1.0026456615920862 1.2027821288835003 0.9658099420363314 1.1016104474406794 1.139487514847444 1.3365891713804061 1.520083750629989 2.10605857353167 3.2779176048303875 2.498722508156822 2.92290500283791 3.9999999945155804 -4.92824462016126
5.756629442419139 0.030319711004382667 0.007496182408863116 0.002996833275945864 0.03693117849351137 0.1997047699954395 0.13942642158686577 0.0737149181927893 0.020230580129740477 0.020311813422807686 0.02839206833321854 0.7365777267148456 1.6492676617280195 0.9579201529366924 0.9944564435888866 1.1806568816238907 0.9462616413510067 1.0859876581330565 1.0919674123954493 1.257004209229264 1.3737994378819836 1.8548677602723325 2.3356400102372596 1.7368684753586106 2.019552264762739 3.9999999999999996 -5.355691226087779
5.2264380250231905 0.027903603193790625 0.007514280974605922 0.002658394245115763 0.0595626424914013 0.19999978140599137 0.15985454590651083 0.0842640303784181 0.02026359271975772 0.020041278423396015 0.028290156950052565 0.7281963144995178 1.7328577349292327 0.9837879159691126 1.015734299290412 1.2058712038742987 0.9658603197619177 1.1199467890999288 1.1482976847329307 1.3544220748289828 1.5527320364567654 2.171701730861929 3.751962763463844 2.8175481382178758 3.332639108472149 3.9999999999999996 -4.777469073982966
6.911864053869913 0.02989555759752568 0.007012174656281983 0.004256703602051848 0.03132350174313738 0.1925711815014911 0.12763698067569818 0.09398792527837878 0.01996457141706169 0.02092228942338512 0.02676220193963121 0.5981888230130912 1.5930557627655324 0.9366457676930421 0.9894878980088926 1.1797704634437134 0.937702155638887 1.076773330060667 1.073252528549724 1.2294396047940197 1.341893653287067 1.7913554410607069 2.051127543911884 1.5327703865211535 1.7728100772939115 3.9993323874447615 -5.413146138719207
5.701758893725515 0.029713673028365556 0.008086380081519384 0.004145577153565678 0.029405469812672818 0.19015738931374676 0.14255916015333914 0.09457650864202183 0.019563034070295575 0.019563086923970307 0.02765491410606729 0.7529202398359388 1.7238672373173423 0.9589480639988596 0.9974390811673379 1.1745702208846214 0.9361959349621384 1.0725227677931297 1.0676829096550469 1.2245057118211788 1.3251238418402331 1.7873653329244599 2.0021815710463082 1.47701211413876 1.7161158802329866 3.998545113369551 -5.3873202049489315
5.79477743645265 0.030703824052479498 0.00763049363613172 0.0028555182474566732 0.031246231577966268 0.19706100911262042 0.13569069653246674 0.064058830395553 0.019511369395725023 0.019895082103920287 0.028185292096023603 0.7463067393259 1.7127614307832737 0.9540598383013685 1.0059966983433033 1.1755375964638828 0.9404115938131645 1.0757696566086583 1.076007585276531 1.2312525316618244 1.3306454878041205 1.7802302237903171 2.0561638271950606 1.5210989434986422 1.759196478320005 3.989647668963193 -5.510260048913553
5.363797251158215 0.030800174500443495 0.0074163604156246435 0.004574221011284277 0.028000418395950664 0.19548438299954152 0.13090491180576094 0.09992513063006805 0.018993241990155233 0.020355724418715956 0.02682020082397663 0.6266376214873636 1.7741748763281469 0.9666187366483772 0.9941087968796428 1.1749079483192624 0.9372419490323771 1.0715557398450635 1.069827311966263 1.222277410277139 1.3166917573358976 1.7557132754629319 1.9772033760165302 1.4589775352942949 1.685164510353674 3.936858696877 -5.42891285049552
4.896917935496611 0.03119219081749097 0.0078060928631033585 0.004033077016153517 0.029232885896409527 0.1999561933026409 0.13842384251264414 0.0912636844661435 0.019150799269407937 0.02007580785510051 0.02790369743338138 0.7243382149427664 1.7805898723701625 0.9873245211006392 1.0144640384489783 1.1792070375866222 0.9319482958628232 1.0324182288606043 1.0688734793303614 1.2224237239807525 1.3249669466079175 1.778386631487088 2.0447185075695526 1.5089270300742477 1.747035345502029 3.9648432057395615 -5.392838317708743
8.252234990570594 0.029684560867376895 0.004841651044656139 0.0030604123239079623 0.03354225710553435 0.19226060193254305 0.09770553441507408 0.06649303662178996 0.02036031653844967 0.022391131344945362 0.027566418439800344 0.5798501553223426 1.4999971607904974 0.9214227605479899 0.9889378095171822 1.1750152909534044 0.9376224946829851 1.0369331270848745 1.0724448020961888 1.2275176054289665 1.3321247430183956 1.7948454954472908 2.0015207864678843 1.4788085995956732 1.710784905759327 3.9780396935056483 -5.4719586293852505
5.295662966905683 0.0314707614353556 0.007531216517837502 0.004182244690250862 0.015854778694957904 0.18994147864655575 0.12156317388105384 0.0787277113212884 0.0187716530712037 0.02021103582355434 0.02705678862243458 0.6739148108358025 1.7817901673135605 0.9679123635544699 0.9913067050263922 1.1636823333878252 0.9190439819029266 1.048567709269371 1.0326998359036899 1.1666824723076687 1.2296247135491243 1.6029208724527266 1.4948848171597564 1.0913970040643914 1.2463357787178242 2.782964951690366 -5.544262204713529
1.917843756654859 0.03222160061552681 0.009456925358956876 0.008108143980955284 0.022047427191065113 0.19926760724620254 0.1602194181142564 0.14125777557568642 0.019563117678171107 0.017179702433512415 0.020598899679073912 0.6630822392528735 3.4260306262000464 1.4598076511964644 1.279970258513838 1.3578766627335068 0.9759370117654232 1.0547026602169922 1.049519639714997 1.1977219953089326 1.297075759017173 1.7410400533756143 1.976849026772643 1.4499251670241846 1.6788599965226172 3.8961144316874736 -4.521061813123763
5.658873073605998 0.03176509585710131 0.00743035098683193 0.004223292914593938 0.01932700461590287 0.19592628305010373 0.12385471915833483 0.08712935693637487 0.019292612321855442 0.02062348171427859 0.027870824442425706 0.6486400672902842 1.7284851008436006 0.9551088825038035 0.9864461390946014 1.1663589584141336 0.9230753239682826 1.0155365752137488 1.0463270457930847 1.1859803688231378 1.256979278809462 1.650499953186701 1.634698395703278 1.1945807395390087 1.3691454309525275 3.172866082056781 -5.514096664399703
5.539498774503812 0.03032148142052443 0.007527846611588376 0.00403162611269957 0.025823236411245946 0.19304717486412987 0.1302583112144939 0.08884907851405499 0.01996731917578016 0.020100153834678225 0.027812869571673587 0.7403071967844397 1.6770170530379427 0.9630942787770281 0.9998145714372347 1.171451518505544 0.9295578122581812 1.0647589237245358 1.057861535225254 1.207908872059781 1.2949815347493585 1.7422577517388853 1.8437689949750635 1.355225150655703 1.5609019260132908 3.6145271104608034 -5.422998717899981
6.325135864802012 0.03123029441306827 0.007096963263719369 0.0035033730953243913 0.015878910177671495 0.18732614993266616 0.11461560781392775 0.059461067022061366 0.01841818717872476 0.02092092913461065 0.026845983045913527 0.639006753659966 1.5799408568436453 0.9397272835161927 0.978916698938831 1.1625148197571902 0.9211691277142158 1.0479496862217559 1.0320773128666716 1.1641334946651622 1.227348771007276 1.588817544085342 1.4495135592649173 1.055129467758691 1.2024982461137002 2.6893687508113935 -5.610408051176582
1.1605251010607394 0.03374922271569512 0.012329067455806725 0.008553354748468725 0.018828067018497655 0.19529972563177952 0.19631952502673905 0.1441997104693868 0.018668655435114145 0.013712057432446459 0.016755788120430812 1.1503443578662502 2.1492749693667306 2.036623785999342 1.6832005640781555 1.6707606621917708 1.110271291662474 1.1314682752102367 1.0648218848945552 1.1894886288757502 1.2768347279038694 1.7112457117367836 1.9739905669729678 1.4879695375080861 1.7289421248070018 3.9911272443032684 -4.285196791091395
5.891780804453152 0.030291761223285994 0.007453310745588211 0.0029461218761507027 0.03730552741654902 0.19989957510244963 0.13915446079230365 0.07303305788332401 0.020327395522404288 0.020369934821755645 0.028423017832771437 0.7356133590448141 1.6328363151394902 0.9539791771361196 0.9934824660227335 1.1807541736998302 0.9465037198642635 1.0869174116022235 1.093251621193435 1.2577024186350645 1.3754375772768732 1.8596569901157198 2.351201036415119 1.748003790685201 2.0328758099576634 3.9999999999999996 -5.35445158176814
5.42350337092142 0.030956453892217684 0.007695368219853856 0.0028767590932971205 0.02950057300478894 0.1973616525921595 0.13514537195587234 0.06288558728528248 0.019044255923714556 0.019876264390770212 0.028222023769047862 0.7427317698363701 1.7653140226107367 0.9641791566071456 0.9935336402418314 1.1764307345145568 0.9376321969935777 1.0722040348353157 1.0708269287642123 1.2231827438405922 1.3184013922059996 1.7600798109575753 1.9860109212747488 1.469349645733847 1.6947544236694596 3.964273410508323 -5.525901709166643
6.738977115372268 0.03099677854398678 0.007153681740221809 0.004116376858358079 0.029384067336682536 0.19939228741750784 0.12888967337901697 0.0921447085914597 0.020139410587465073 0.0210014043504252 0.027483219106156944 0.5896803635834784 1.6089256970069425 0.9356616903867185 0.985239775214343 1.1738551190244886 0.9375335128809641 1.0341212009501681 1.0757160591296695 1.226661704250976 1.324588504933728 1.7730540116553957 2.0236549762460294 1.494875789350779 1.727257743791939 3.9126414862854864 -5.4595026911305276
5.411384133750664 0.030950991087069987 0.007666147034937547 0.004190169164214148 0.027397855972124022 0.19638589327663372 0.13378701107189592 0.09405482236736344 0.019037479952583387 0.0198513054553354 0.0278724860231776 0.7491210120069506 1.7666109785850126 0.9646345230975172 0.9932465243516908 1.175935577700333 0.9358017120362397 1.070497413534743 1.0679254925745385 1.2208443426279911 1.3145383777366464 1.7478075320268083 1.9515492391941418 1.440011457118669 1.66175082306744 3.870668090706408 -5.423587611729666
4.928260860516438 0.03128668908471793 0.007699192357993588 0.003010191526891832 0.019985242829809922 0.19091348592408694 0.12612668573806365 0.05579776634005916 0.019094463660445666 0.01985791737974707 0.02788198004001306 0.7521113593454032 1.7710342667083159 0.9815057236897147 0.995371411969759 1.1684412913664202 0.9256418071587623 1.0534220902280764 1.0422054689513252 1.1806134979443688 1.249697722491648 1.6380321875317385 1.5989283283914903 1.1703079601685442 1.3389820472516436 3.1049149633384414 -5.581913973918128
6.740849948697693 0.029533980492764466 0.005184242117998021 0.002504501992465185 0.04578851935137173 0.19999870921574175 0.11468109488455382 0.06738411283181782 0.0204659538349925 0.021752357513742788 0.028305879516783164 0.6778299344814536 1.5483200234661643 0.9417475504007332 0.9986991921124126 1.1859296783610282 0.9508566172071263 1.0974727724644242 1.1072627337019854 1.2861179355725498 1.4219854077625107 1.9418938415428164 2.6467207671939477 1.992519758951122 2.3044652402215857 3.9999999999999996 -5.248954862542026
5.509158811949806 0.03090349172734322 0.0075845902412245035 0.004253782886243038 0.025286831040728118 0.19395476041400736 0.13063594116373464 0.09290109270346054 0.019133697897246997 0.020038044842731962 0.027733281384149162 0.7225573118754485 1.7513234187039708 0.962352093062874 0.9909247916428112 1.1718720839004169 0.9335604460361652 1.0664941090437208 1.061760926519578 1.2097256788303068 1.2959878858626834 1.7191113152734783 1.8522188163485427 1.3627146071580751 1.5695599756716172 3.656370114138893 -5.44849043775571
5.6761630284779265 0.031548056002128136 0.007705867527697375 0.004026316334402028 0.024467724961052168 0.19912920143269547 0.13232119470516543 0.08960566416751524 0.01940750862264253 0.02009456569981313 0.028389403843139586 0.7370216314710579 1.7274211817826355 0.9556356624091458 0.9891324468058095 1.1713103380087473 0.9339264378648258 1.0248185782051316 1.0614541605266743 1.2088997207857706 1.2940628568471586 1.7160898975123777 1.8407065254995736 1.3533806173244636 1.5583586905332014 3.63039318610232 -5.463867929557847
5.75237702310636 0.03019218317745377 0.00766644172033426 0.0027156190297861647 0.02539494212630255 0.1903476642843692 0.1300828711162052 0.05597861006478439 0.019583361981802 0.019873865085154027 0.028311837383413623 0.7434926098049899 1.7166590830942452 0.9527573938941126 1.0024627242659945 1.1693948606113576 0.9246155740426049 1.0631496809901742 1.0560343374074928 1.2009457365927605 1.2822462274995872 1.7216034474135358 1.7666173982386155 1.3011722427603658 1.4933938854376227 3.453768460320247 -5.542252187933529
5.34892908091157 0.030820735922685017 0.007626490516152771 0.004003932247851384 0.029581521797053773 0.19775189131141505 0.13544263091856437 0.09067201482857197 0.019668900972771214 0.019966470214856424 0.027778435576480198 0.749577537335818 1.7047302039512984 0.9706216067034354 0.9960260660728698 1.176734402301458 0.9363606712945763 1.0733314948445083 1.0721786309302401 1.2283340680366568 1.3271317021516145 1.773905590816109 2.0360911171214884 1.5043668295415782 1.7393358512319181 3.941600560734718 -5.4171603857824415
6.082982116480913 0.029194742525846418 0.007405211111525805 0.002411922574178221 0.045789967807037944 0.19998862095478162 0.145233143084247 0.06759405704741042 0.02020192042837168 0.020201089905553603 0.028569005482260906 0.7277208486848891 1.6796071297587942 0.9558122317088882 1.00135867511088 1.1873495119214488 0.9520515864520427 1.1004792675627342 1.111587301542977 1.2890504364279254 1.4382944914032454 1.9872278473669225 2.7352456366523556 2.0771572238929834 2.4307542100269752 3.9999999999996083 -5.224017022302646
5.550457260552162 0.030653053557050152 0.007450444189235755 0.004063267718576265 0.02869664273524438 0.19534206696274195 0.13180664689461205 0.09041000784719595 0.01991064083663201 0.020276290711265042 0.02762248184681066 0.7122333282308738 1.6750688742621862 0.9613097730200685 0.9926959526007242 1.1744306032529164 0.9370472721767652 1.0718145632717688 1.0698425878449735 1.2229750189054411 1.31785685543686 1.7584061014402939 1.9815320314105063 1.4620705019094533 1.6887805953736224 3.8224442451446112 -5.4359845061402305
6.012224748108433 0.029498440676912676 0.007397729876208913 0.002771568215885674 0.04083018692111791 0.19942499041086495 0.14022190906107698 0.07137135346331717 0.019952699791879296 0.020390706667681564 0.028381816427353726 0.68562651966958 1.6874863570295078 0.9575253141127459 0.9938650133033983 1.1831582018232178 0.9509649623292565 1.092478438050286 1.1007318164164637 1.2707821444309095 1.39667368266819 1.9309622162940856 2.4948435977962964 1.8622166108196818 2.170128715316803 3.999999999498069 -5.334662541650872
