1.745601406727113 0.05139574311448333 0.012968525490526201 0.004400308374203661 0.00458523796659732 0.16605486298972597 0.09616849187308577 0.09724781909721181 0.15945613621287577 0.10997270706642244 0.034785345877283415 1.7812020630075736 1.3100566544996333 1.4559704876577892 1.00721526839769 1.119376645348247 1.3957011272279125 1.4392766988178094 0.9682910489201052 1.7490205787296145 1.7180545934647016 1.7472154124348196 2.6906942834158687 2.8454186316908787 2.5183597222192198 3.619363070585499 -4.414565024360372
1.776945572274073 0.045436887205554936 0.00865820591940099 0.002764469323370145 0.0205929892998765 0.15601880643442548 0.0797427818034251 0.07917238603494192 0.16593203367181264 0.11474365125726382 0.0368661344399977 1.7104667476680169 1.2917422833881014 1.4469928283322138 0.991779157468568 1.1214934492181956 1.3976759251046162 1.4524431276155296 0.9789297646014841 1.7762982231929854 1.7608158772962903 1.806900806080721 2.981045842593356 3.159509417518046 2.728118151640036 3.995393177634654 -4.388185079861049
1.6677481018248215 0.04092353456233484 0.004899077284302786 0.005122737093497918 0.027327681796537235 0.14604231926527414 0.06350353250885983 0.11204829468533758 0.1753755899915186 0.12226729255216118 0.03516694977011604 1.6362510269550068 1.3617377679419314 1.513346851230987 1.014202962022668 1.1447123994353494 1.4165013807963251 1.4629969162451013 0.9763054281808757 1.7715093919417855 1.7604977154662556 1.8079892689080397 3.029671267924374 3.2407550058609442 2.7257178117202256 3.9999821097180153 -4.384483698764265
1.4395214034596933 0.04846396110125869 0.011787748666869085 0.004685400528284548 2.0214282592300444e-05 0.15017530132397522 0.08174537811161704 0.09234717117985314 0.163799845340039 0.1115798060154415 0.034277314942471264 1.7562546197491793 1.5390378478748064 1.6498970577689072 1.0895851725522319 1.204323063035393 1.4469872153329166 1.4522540247811355 0.9495873889208055 1.6862745730461286 1.6307387112361909 1.6273280955641465 2.2012814585964255 2.297704064405529 2.0024621246557595 2.869017817041666 -4.5554134732508
1.6276063433940249 0.042761401172534734 0.013718629994856043 0.006591172653908075 0.00812283297601476 0.1435666616741343 0.09783336888627182 0.12817761401673475 0.17048623202275445 0.11540371269345973 0.034442089896058445 1.6926433450388731 1.3257502141355022 1.529626484759482 1.019298732150313 1.1490455730590057 1.411553585000881 1.4428005944866482 0.9610826126082548 1.7320712960083666 1.687650911897434 1.7088273139789911 2.5601230085193762 2.7123764899041674 2.371608565730834 3.3898149386902663 -4.3950958953942365
1.6907350469510165 0.042818771630295134 0.007310620460731915 0.004742387135326424 0.023493570801717215 0.1497362109773158 0.07453984845890496 0.1064381428005797 0.16753447280249925 0.11943674279724055 0.0346124057379789 1.6942656583646274 1.3387040300961857 1.4950496492284815 1.0105627666060408 1.1359150661629058 1.4103924219434039 1.4588058690509247 0.976397310497344 1.7763290558201714 1.762991634771005 1.809243397225799 3.0274214032461906 3.2274072045148814 2.733473854782972 3.993785970536642 -4.379329127066382
1.720322178412397 0.049048041694101936 0.01158252877458183 0.0036770501483699798 0.013006953935621846 0.16320574701191026 0.0926548921548482 0.09125711253239017 0.15843136636883934 0.11011448756512454 0.03548721362322805 1.7851301949513534 1.3271911702964747 1.4741503671471132 1.0133787446862328 1.1295030632705743 1.4050493784788411 1.4496675206731398 0.9771455347941052 1.772400660204726 1.7572656487232048 1.8013119740586583 2.9465874305420208 3.135361995795266 2.7469625690948956 3.999971044915589 -4.391518907158894
1.2851819984626451 0.05113617757905779 0.013532871531337554 0.004613040126157663 0.0006417972180117366 0.1601830631719306 0.09150701088398641 0.09460591968196502 0.15114974171180257 0.10419000786877068 0.032944900298106795 1.9021378913795166 1.6905104353805334 1.7883748169572922 1.1573652071074503 1.2702240769540234 1.5001565452390895 1.4913891533906423 0.9629158642165859 1.7154404138863322 1.6687650008668236 1.6865980864689525 2.4530530471912413 2.585785687099639 2.199914673818982 3.1941303655618167 -4.532908584809044
1.6184155786591068 0.035723626309989535 0.00381786277212116 0.0018623201419813778 0.03197644206050189 0.12547676112702885 0.051700048135552325 0.059805035433165545 0.17596530017450324 0.12086232658817453 0.03694214887400801 1.643081542633478 1.399615322747394 1.5294572145832372 1.0176850102950734 1.1530838603627453 1.4191852524259234 1.4580489416611935 0.9649357990418514 1.7375658906967566 1.7190856509390242 1.750782492425572 2.6695522151564637 2.845162402097039 2.3027352127154694 3.348909151087344 -4.4107702981531025
1.514253709500885 0.048229160864572976 0.01026601976781549 0.0037895418520767546 0.0047361280465877224 0.15169603182971278 0.07808520226116517 0.08235724267041014 0.16778589609616093 0.11573384403559453 0.035318815504354256 1.7094110974514687 1.4715300908940538 1.5939934234961877 1.0560372530558464 1.1785565991713143 1.430755701355166 1.4545692677574187 0.952415738803724 1.6983714368151546 1.6518633634490918 1.6527718952268402 2.3014401905472566 2.429868331056247 2.136275490156272 3.04684073533605 -4.5317948964199735
1.4693757421360512 0.04817002280629886 0.0118177500541638 0.004467555784715402 0.012667229288389939 0.1613867296771403 0.09406665507130518 0.10181608943370365 0.16514219968954372 0.11264819352400494 0.034498219846356606 1.7582166419632974 1.5070406892143065 1.6359320431431978 1.0762358371764345 1.2018267497372666 1.4569706227037533 1.4816977632102089 0.9751480864537377 1.7532614084884062 1.73995055516126 1.7755825886697405 2.9097868942082448 3.1086552921052193 2.7259908875663927 3.969159518036874 -4.463297236982019
1.6850178954259305 0.03968616827926571 0.004607294500153549 0.012445451641372408 0.004879742727479032 0.12746184877616676 0.0467785416982896 0.19231162056744788 0.17781684364436331 0.1221841576244649 0.03464570441109213 1.6470334002244142 1.3417173542466423 1.4872170386424062 0.9997197317341736 1.1340441176922602 1.3873361508177402 1.4263488038055758 0.9390992553008052 1.6734247714600885 1.605568770974865 1.5936885322113334 2.049742538111888 2.1481761759213893 1.841012165736832 2.6462225477173513 -4.324374416059819
1.5103970452433755 0.046213836513877414 0.009178087707127419 0.0036791557331024983 0.010815290023474016 0.14965105224678885 0.07521811239989179 0.083844833659832 0.1707353223459423 0.1160564356441027 0.03561504297145326 1.679193325032037 1.4786217527065115 1.600308578414051 1.0600101646731437 1.1822720096923638 1.4364450006639287 1.4517756188970479 0.9599445985917207 1.7164204078976195 1.6790417913588251 1.697205727426694 2.4580964859602976 2.6012690424719294 2.2584461908776916 3.288262817539987 -4.503310450756086
1.576768988536762 0.04240524818824783 0.007984347671557751 0.003596358685518624 0.025014421495016613 0.1486852884446066 0.07768020816044585 0.091394496563789 0.1736620025388245 0.11878908323461736 0.03601329156490876 1.6484193181224065 1.4253941184351542 1.5650273640631596 1.0433567198055336 1.1769783617752605 1.4386276531106166 1.4759913258696313 0.9771690485217434 1.7670341224554114 1.7631246227957282 1.8169324470067363 3.068383344966717 3.2497492993923998 2.742717195447622 3.9999999722276813 -4.429680371497979
1.7623657415780536 0.04855803120311472 0.009228154886648734 0.004044733113957009 0.010908439263641032 0.15828530239687283 0.07884333421567488 0.0915952184202407 0.1646756328080266 0.11455014698329917 0.03485382840693473 1.7380791017680193 1.3005411544896823 1.4503915236339942 0.9904194319445934 1.1242214060171185 1.3921369230954979 1.436599936015665 0.9679493228356921 1.747402884183525 1.7152728915886117 1.74115603644031 2.655174399565215 2.800281362884561 2.4782895209654114 3.55670028442139 -4.418536223587874
1.550096989291526 0.041066461344484405 0.007246500230747918 0.004015542416905203 0.028564625711696014 0.1453708193138218 0.07422412069726764 0.09850351552041496 0.17133259234322962 0.11670667405805009 0.03542094229982272 1.6753788219024581 1.4465097424472078 1.5799709018516552 1.0491474059947739 1.1849409630323513 1.442104242048846 1.4814871878007279 0.9875955191522944 1.7791122281990541 1.7837195973765498 1.8376384817489066 3.1744729903417936 3.4365029752549843 2.811585712726978 3.999996091674557 -4.3617303988010026
1.4241762472557526 0.042621722073871104 0.009474674310297432 0.0037230136600555123 0.02326817846834064 0.14736824120180408 0.08245200350293735 0.09142580923429411 0.1681260484219986 0.1127438531698715 0.03485591292618861 1.7246030695438443 1.5520586731742139 1.6645380034083885 1.0981621177928658 1.2239790665386614 1.4704468350022943 1.4824072346774424 0.9812896699531698 1.7656269406922076 1.7596864679364184 1.8125860140639298 3.0346597342898494 3.2420293689767608 2.690514559451879 3.913113451653446 -4.4203661880474705
1.7140985413606027 0.05204488163600219 0.012388184792539706 0.003981199299954838 0.0052617885507960085 0.1677486985381496 0.0938546413311253 0.09187011724925694 0.15699869890590148 0.1097845911946685 0.034962502339265344 1.8027746405186715 1.3292119068847252 1.4710629653041345 1.0102371383941027 1.135363534670874 1.3999292735973774 1.4464731268570725 0.9725469314345841 1.7472167416410032 1.7206625304298075 1.7518232882353384 2.703146346507341 2.8685156575872357 2.5582011238930304 3.6531446766587674 -4.413242152745185
1.8347071320381996 0.04995256245336099 0.011820813554064313 0.0037255075844163255 0.01152525810635308 0.1664049296561797 0.09659449418332135 0.09300698713108771 0.16516062792985478 0.11225517727174385 0.03587007579577689 1.7598080623380954 1.2581183568322367 1.418546224902457 0.9802765060541564 1.108179614489706 1.3895642406744084 1.440148422129722 0.9764060931905119 1.7725532326311206 1.7514480811450297 1.7905949481886245 2.9449874395987616 3.117573734457609 3.442605386589263 3.9983077710269317 -4.240039465811783
1.6108778795774454 0.044572137964862875 0.006191980487659281 0.003822375236130224 0.023113654873257884 0.15400826692863165 0.06907735022432397 0.0943816654691684 0.17544670091981257 0.12128267813483898 0.03609495095256034 1.63668834277796 1.4026698488200766 1.5384272172869717 1.0280401618295634 1.1628868626228248 1.4280144318819947 1.4579134780564849 0.9780232723425472 1.7688368068157614 1.7563493428148695 1.803699749850612 2.9805564699475386 3.164272182160587 2.7190059627883567 3.9836045318902507 -4.440226959919091
1.2646690414222785 0.05492892819550708 0.015254391635323444 0.005233371405759223 0.002869612662114317 0.1762542683825024 0.10679370817961156 0.11121847441128631 0.15012577322966938 0.10341344861808285 0.032495104757997766 1.9044404861267699 1.71325039070805 1.80288573605555 1.183144195005488 1.298156494135762 1.5188263433346958 1.5136259880794782 0.9816554304564163 1.7629957661173117 1.7439833962090288 1.740268464117168 2.96522202992056 3.150674995961413 2.7220967344578195 3.96745230477995 -4.47032515563369
1.5712216844504694 0.049702258730277005 0.009448506970830417 0.0037614754380741813 0.008338155987352146 0.1598300778687708 0.07904396074176995 0.08644058709824343 0.1668427984453764 0.11625689316864364 0.03574715781199376 1.7137837566803502 1.4347339612521253 1.5613124158706124 1.0300818304274115 1.1645517909783683 1.4222508202639925 1.4493053457229614 0.9606709353824447 1.7290880984933088 1.6923129240393415 1.714306254623017 2.5463396773318583 2.6893654928133985 2.3850512914689017 3.4084353879982623 -4.490641741646052
1.521054962703055 0.04321497701086072 0.008928386373893418 0.00363873544964691 0.02301583762597715 0.15048890724773256 0.08156133871791983 0.091222766552183 0.17104306363202443 0.11696803658905555 0.0355581914716456 1.6932277778498368 1.4666837945541276 1.5933378620245373 1.0636670611588657 1.1859949161873724 1.4484096248340481 1.4814766089614482 0.9760379043346287 1.7620713769293164 1.7586363531586178 1.8084793278347853 3.053720507901625 3.232125069547147 2.7324756883725523 3.9857334481828572 -4.428330195778941
1.5181581616601811 0.0431547027786635 0.0076403967908302015 0.0032562330012332738 0.025846322901400362 0.14902863525650445 0.07505037477056162 0.0863509960948146 0.16763334662957327 0.11545185937800684 0.035685890556835666 1.7070477426788373 1.4719128667789836 1.6048439425637973 1.0632781313845765 1.193530320935513 1.4517214952378739 1.4813100137353514 0.9811806881315868 1.771154541415294 1.7723219603443952 1.8275089345293059 3.101981128236558 3.3472243917046804 2.7403654296607263 3.9706031002168594 -4.393980684012974
1.3276471747971914 0.05176695516602781 0.012746753689275834 0.004760365841266949 0.008581202304675252 0.17027058341533155 0.09615070538275353 0.10514822482720251 0.15469192855841485 0.10640942357843772 0.03346693089292622 1.8522941630210519 1.662640919777201 1.7586719099194488 1.138133723503199 1.2622977735816754 1.4995887327262356 1.500264952411756 0.9804960406772051 1.7601130413388075 1.7400049334424643 1.7871506938230868 2.9481060082423984 3.1368401903324203 2.7106316291466253 3.994661231874584 -4.474777526872604
1.4028092057934651 0.05142329262396282 0.011002682819792055 0.006151774183225009 0.008697455266111037 0.16829456456872846 0.08868212007319283 0.12492755192113085 0.1599370933320016 0.11057158285486227 0.03334124673655758 1.7898958843626573 1.5674925817924368 1.6886402523600237 1.1098209447688099 1.2310680559803904 1.4736609612756082 1.4890343626855946 0.9782748134320701 1.762744257999615 1.7405614084844652 1.78153292881041 2.9023641105630764 3.0919080797763483 2.699814683827019 3.968268956181257 -4.451349577715809
1.455819846590005 0.046432552356202625 0.009277819985717113 0.00417602598023536 0.019011687598633368 0.15736141690698427 0.0820183230610969 0.09840266704476737 0.16556891334128068 0.11300101322962221 0.03489798571256898 1.7491760219671815 1.5177698145869263 1.642283177516304 1.0831004264421655 1.206627905209883 1.4602166625285646 1.4801590566474312 0.9846047301708493 1.7720756796203923 1.7596351711377118 1.8112973186283805 3.0311943849759087 3.227795689201478 2.7310268918248553 3.9742314069506595 -4.43505341716387
1.5491816848819977 0.045298045586262804 0.008303611282021893 0.004344655887691002 0.01621523378313341 0.15190826928497755 0.07511495405779466 0.0976760493616215 0.17112366527177678 0.11776934859206929 0.03538068391906703 1.6818694742174207 1.4447919452811488 1.5736450465879042 1.0468165962175355 1.1745445706605255 1.4331254200988095 1.4574714314271027 0.9697435340205741 1.7443226399644207 1.719508623800058 1.7499578316976143 2.7376433897727144 2.881637857729607 2.4955599469698404 3.6610002428981585 -4.469793988534887
1.2831414967573054 0.05118117253681925 0.014188539573521772 0.005713083014655525 0.00012872643488439002 0.16012213008101844 0.0951840719782315 0.11112240101020125 0.15161588712615062 0.10413937218906617 0.032364707020131424 1.9053884477325156 1.6910797492133234 1.7904683800382113 1.162133021440457 1.2767469838227306 1.5000074109916346 1.4934858984435495 0.9629026952183699 1.7225190342610737 1.6786534370006254 1.7010156464595803 2.529124841670587 2.6563037417836948 2.244383421408861 3.257547137764441 -4.527694618225634
1.6105000722400038 0.04432968028108349 0.004274386041346471 0.0028017855030994664 0.02789877065458396 0.15243846033187694 0.060276125199100326 0.07983544826585659 0.17552608966075856 0.121417450675091 0.03667479434379248 1.6375496706936785 1.402340020826724 1.539984179298174 1.0284967723676752 1.1614251459691214 1.4286252592009585 1.4649847782539995 0.9819139465175646 1.7771483554299046 1.7672800532843271 1.822999750292721 3.08081137654455 3.2738951147248248 2.7219895886334204 3.9741608444276357 -4.403807585270434
1.857909872183924 0.050266511068303696 0.010318418751885258 0.0037568430266781724 0.010656906817337075 0.16386138313639695 0.08547225286555632 0.09025107124762342 0.16879813917758102 0.115295930086032 0.035849340809601046 1.6916888341101959 1.2454219841934047 1.4028607536486832 0.9789489193655315 1.0995814207675088 1.3816396794596018 1.4375408938918122 0.9724106716467164 1.764510006139505 1.6887288753963008 1.752702378046243 2.793283276542173 2.9779198113868817 2.5895510450522363 3.7771716884369004 -4.370750816024402
1.5250806361513507 0.041969046121619856 0.0077450116013641655 0.0038828481121161197 0.025109339506382295 0.14797071898840014 0.07585191346406397 0.09493538247826737 0.1716156136104127 0.11689713078986025 0.03553565611042317 1.6756548729871577 1.4632922046462284 1.5901658860684171 1.0570119164762621 1.1839131909471474 1.4460906773241682 1.4765320076917978 0.9797542035951603 1.767662982427936 1.762046911341026 1.811876358806407 3.029788959960852 3.2245637796691335 2.7450183757593187 3.999935387944347 -4.426510975721641
1.5512555320462527 0.04880192622110548 0.007970757214742415 0.0035429229833976402 0.017081139918220894 0.16442899795420257 0.0759554159299768 0.08947713175800759 0.1727779534709299 0.1179160344417974 0.03600021282958937 1.6556576855288048 1.443657422213704 1.5775789992103868 1.050154228593174 1.1756231514343172 1.4389950813318888 1.4646360589723435 0.9776073242253868 1.7649045591494634 1.7470168847532923 1.792934488074284 2.9525324576298146 3.11558174022544 2.692405057978084 3.999897285853544 -4.45894386937973
1.3024552841293704 0.05114641571799544 0.013326617319730002 0.005052345095393831 0.0005594916575251759 0.15871290576225439 0.09000980573347943 0.10005575930473712 0.1508694823400221 0.10478676900208857 0.03281067837611387 1.8999104973657466 1.6639485291503013 1.7745261108000103 1.1541694535943774 1.2680163795867267 1.495941161310487 1.4892418674002432 0.9649825521169085 1.715250062908644 1.6633114766609922 1.652362706727069 2.4641475705045712 2.5890536995124798 2.165176312999766 3.1497663716126296 -4.5082162806261845
1.183011772290323 0.057240538798659056 0.01723785503959936 0.005703637872202716 2.103182621992909e-05 0.17921284539491175 0.1148063482501212 0.11712827153241283 0.13940144490327883 0.09888582760418783 0.031048518398171625 2.0245570618405924 1.8141610637797727 1.904269230948461 1.2213811716113527 1.337089404672629 1.5595558425393419 1.5378092170429525 0.9914827590678817 1.7702478481982395 1.7505188062496706 1.7488246389490407 3.0659416902260928 3.2919202817196025 2.746861423432465 3.9935759562053343 -4.43807880175353
1.623524733418468 0.041482030266801674 0.00771469812895573 0.003857797986621737 0.024390446557411304 0.14708062403265215 0.07635330897388595 0.0942729738985783 0.17466234602148795 0.11896485087464341 0.03580062719356512 1.6713284260675585 1.3954914094248472 1.5337001120970817 1.0242146661901894 1.156995256873241 1.4231832380187217 1.4614050568669088 0.9778169351678297 1.7686014532477163 1.7521008663979172 1.7956955968500738 2.968015856231591 3.1549179927249016 2.7520946859400697 3.980782109104707 -4.4245613276646765
1.9133860347715432 0.0455478590537564 0.011205459491623805 0.0038420709984303826 7.609466692596316e-06 0.1397029389341103 0.07621097872089481 0.07838424639535153 0.16696729439824554 0.11270021607948198 0.03572226617287777 1.729080701837584 1.2157364722763417 1.3763955891971853 0.9534121284842209 1.0823930226117684 1.3538664682252648 1.4092141339324238 0.937295866839358 1.6779821552488912 1.5916880513634475 1.5957285001923749 1.9991271366440826 2.0943538888468023 1.8429049634071166 2.5948676633339027 -4.475459098478113
1.1855485518321764 0.056498167104979305 0.018468057629425088 0.0056104577039399195 3.5403954808741e-06 0.17739405031923688 0.11995485853353564 0.11507489715911132 0.142646693060918 0.09813500620606026 0.031152309685097503 2.0058980077872075 1.2531329138927931 1.8994700340396022 1.2124821059819453 1.3461431682903489 1.55613291949852 1.5393477701045615 0.9881524705272406 1.7717647432179096 1.6832298035621691 1.7543714768519239 3.0765709466843307 3.3363940293293113 2.7558421279408587 3.9999999765511336 -4.465836822623448
1.5424935515574054 0.04014478681644738 0.0065384553216603705 0.002858590861867131 0.030465168622499702 0.14236414726225774 0.07028847724711715 0.08093803404081298 0.17224200412265947 0.11713878941200989 0.03612484205498285 1.6644432039886692 1.4518481040885114 1.5858051601975027 1.0574937673178224 1.1861883946147307 1.4414671581567673 1.4766386882976956 0.9856926964754077 1.7750179168861255 1.7753117710982635 1.8269013359484672 3.1123889770506517 3.3499896739771544 2.7448522983563763 3.9643989772625052 -4.379393101321615
1.886840458120932 0.04727148879302765 0.009220002542403063 0.0054080073430043145 0.004973116770697485 0.15001728073180426 0.0730222810869041 0.10543231087907266 0.16694168546096186 0.11342342089335847 0.03376744714442872 1.7424984335886857 1.2306509734878341 1.387314060898308 0.9692791162432344 1.0885208753986468 1.3656409046723195 1.4138629883581395 0.9533835673127071 1.7139524988051893 1.6640495111903848 1.6668570862074592 2.324778645635074 2.442996528833636 2.1607561314302193 3.053923290182372 -4.433508152436266
1.3646718994313896 0.049608466208167404 0.014069979231559648 0.005518098063113816 0.008573497750022165 0.1648747320032569 0.10350615928613371 0.11642598473408364 0.16306833171443033 0.10920306847284021 0.03353822044414426 1.7714086781852485 1.605393881309959 1.7147250722646856 1.124169541966942 1.2421727556465378 1.487721246820381 1.4956217101260207 0.9822197680908004 1.7619586972581474 1.741151818601208 1.7815443458265932 2.9424293268341866 3.131919803135454 2.7241435095441044 3.999981834379352 -4.468269089376889
1.5827823258886013 0.04432089471314895 0.008723226841373305 0.005377698600821829 0.018255115299070503 0.15336288469326664 0.07986245443061225 0.11411604240677493 0.1712712297620157 0.11745501198774304 0.03462211453561535 1.6906913125082383 1.4125689337748328 1.5613198476634913 1.0264189437597533 1.1698779275760487 1.4278835883232974 1.4721465074998608 0.9713349412138276 1.7538439304492606 1.7408177317600757 1.77944238591076 2.9379879370088045 3.113335067306998 2.659995365542134 3.892366273061246 -4.448867617342569
1.6183288365064359 0.01482516179057726 5.20220154666582e-05 1.6681850505582643e-05 0.09568525594766698 0.06845752759660687 0.03792855820825051 0.03645852319300745 0.17119871460998823 0.11307326892476068 0.03477428648619552 1.7046760550736952 1.3955624774912512 1.5628061459739477 1.0324177198261144 1.190337333554487 1.4673801139787495 1.5298702699906135 1.0528237195249488 1.9794967069577152 2.0845714342414894 2.2874359644641196 3.237679112670705 3.5183237369907894 2.795234322358217 3.962416967131234 -3.6325274497535784
1.4042932295749757 0.048676245407620215 0.010960534902893188 0.004380487908677423 0.014444883520800103 0.16319913444627743 0.08932452442480951 0.10074238335768533 0.16248240055003033 0.1103675852986245 0.03433160051719767 1.7632435191732667 1.5678331540784713 1.690967790223636 1.1067919144514498 1.2331631906425151 1.4743710884582601 1.4860877062410947 0.9804624198607028 1.768169934512868 1.7533761481872854 1.801192455114583 3.0045508311810547 3.1810220564590925 2.7455560480580776 3.9999952840036923 -4.461972363558185
1.3838202610901638 0.0529775819989323 0.012651703190858073 0.004459361747017807 0.0009948162538725729 0.16677764583521285 0.09134570636399023 0.09430955084485441 0.15901663033820354 0.1092764208345001 0.03399613711431868 1.8120499542453525 1.5833313725626845 1.6960459441004263 1.113116906662026 1.2305089919235548 1.4704928718774934 1.4775943816446115 0.9652266915812469 1.721954666115078 1.6828534232136652 1.7012907526536976 2.5351828555419633 2.6569809853276425 2.34860420910657 3.361513432778216 -4.527144139032057
1.4895547410115932 0.04369776741215398 0.009905544217293564 0.0037782447280998977 0.020201219444864908 0.1513837340641104 0.08455030970049911 0.09247496418244167 0.16857679493874955 0.1143341611601251 0.035366327135994094 1.722082157435129 1.4949239487124575 1.620148570491395 1.0736040771404562 1.1954390390822958 1.452488383582622 1.4711253864955767 0.9780208386057058 1.7616464639664322 1.748996573403064 1.7919354399327796 2.9499779250239673 3.1388949438478932 2.694148506130857 3.99999329747178 -4.446449825678886
1.4440165651882697 0.045456469259124235 0.010698992816509061 0.004142151966779034 0.01743079843781473 0.15606678008478964 0.08845425909823376 0.09757002396386104 0.16724899333354823 0.11283934931185924 0.034771497441093945 1.7498979500071516 1.531093764730725 1.6516840528084273 1.0890794500444974 1.2128390771259194 1.4680213651865373 1.4858094070729617 0.9769761771099981 1.758586147503035 1.7475584672105609 1.7964882722314925 2.9648793232117074 3.1642039352601925 2.7129312446980762 3.9599277353064393 -4.458951889597218
1.1920802018216337 0.05404582256377618 0.01785099566024405 0.005697159088655825 0.000299253675141445 0.17440176858288167 0.116566227552133 0.11631065522413231 0.14920586163976515 0.09949945310680458 0.03133441136068986 1.9481365114976532 1.2988818186784767 1.8868410861472678 1.2224305520136938 1.3254870551525426 1.5538077738686844 1.530738620198399 0.9879228066680716 1.7568127180578366 1.7321631790948968 1.778028407945769 2.9225853460342193 3.1108337997269446 2.695716756507558 3.9847246993896692 -4.590031380359416
1.839590866199606 0.03607322903357864 0.006002700131399327 0.0030409555180249174 0.0315818305218067 0.13334129796450148 0.0707597829798991 0.083093622331269 0.18194905085965551 0.12641670746600214 0.037169926605547576 1.581131773942916 1.2605263919158152 1.4250052614073145 0.9662329187432073 1.1057379543024446 1.389553205775359 1.445396182360714 0.9756839469638936 1.7694256895961986 1.7542546363261247 1.796472824912929 2.9133601845311774 3.0928412050150884 2.7373770535404063 3.961486043183923 -4.389709538382476
1.3501636765700773 0.04994232004718777 0.012505957721403744 0.005032304042249161 0.011089058631260735 0.16548435794737618 0.09554805728918501 0.1095552386151789 0.15641508215113092 0.10729339516528565 0.0335155140099402 1.8367708336612627 1.630658695495389 1.7355778060105158 1.1302659633853882 1.2534553909890125 1.494363983058348 1.49605973521514 0.9827563491868693 1.7661591937588268 1.748889342247644 1.7979739996362882 2.9957422973895116 3.1894328548779334 2.728899121706962 3.9744032984679043 -4.45817876654367
1.5734766508682072 0.04309281943642386 0.007499248895515905 0.0034380676792357834 0.02394711042723438 0.15091232337795812 0.07462836782456365 0.08817617249866756 0.17118505636075407 0.11786415088054562 0.035799100173947385 1.6734601474141315 1.4277053541456546 1.5625368141926377 1.0330891843152719 1.1785544443830767 1.4367552875443044 1.4728023969129314 0.9820370503306926 1.7664306745290663 1.7565886965798465 1.8019428146341923 2.995396938600023 3.182927402342835 2.7242789803351304 3.989490232797865 -4.435171352952822
1.6523746972413458 0.04324094602964609 0.004795685379405973 0.0025496897051144273 0.028053719711667802 0.15114289382207546 0.06322934796861276 0.0764991105850297 0.17848123115145262 0.12297203881521337 0.03713869833955565 1.6145694689826393 1.3745083391971349 1.5101624930736626 1.0147813817744042 1.1521356783806012 1.4193889700329643 1.4583717973303083 0.9796551964744549 1.7745840250588614 1.7666476735852878 1.8208437418741772 3.0390004249245335 3.2401858799477896 2.743026942495856 3.998666053015338 -4.422547049274893
1.3561844762186805 0.05336395742468818 0.013506383674138084 0.004572636743193307 3.116163014026122e-05 0.16739853072295616 0.09531604837752795 0.09628793966942255 0.1505703954790999 0.10683141158488314 0.03350852148278859 1.8795247931071049 1.612351390535684 1.7197405609772136 1.1265948629228437 1.2414698411795657 1.481623596785995 1.4799573109953672 0.96742244797101 1.7249331410809168 1.686995336737155 1.7076522306881206 2.5410167271268573 2.682258964520916 2.3693028378292165 3.4029959849798272 -4.502591382031578
1.4575301232216331 0.02187893530664877 0.003532047925474238 0.008724580351506278 0.07219196992029753 0.08273637741217645 0.04990872989521216 0.19974907808679804 0.16332454470221083 0.10703946851237259 0.033239161121283584 1.8486925532098026 1.5048799610483035 1.6664796625281721 1.1066696628950219 1.2300108653928807 1.4908001944270537 1.5557973170004578 1.0276456608273632 1.9541834377556127 1.9936979057611233 2.1993201523651478 3.158395733145215 3.448197635452967 2.778557197303813 3.9979284404086344 -3.030612244973319
1.42847440353912 0.05048081488315587 0.011145314946216981 0.004411812221811693 0.01160510503494048 0.16736313684715562 0.08963187727103085 0.10091653331651271 0.16292616637011179 0.11133441338361028 0.03452620009334054 1.762960639498116 1.5499965237573217 1.6650190177324546 1.0964921921325672 1.2182004579005279 1.4686092666825656 1.4804319941689945 0.980243598509186 1.7622599343895193 1.7456460353549133 1.790002330087594 2.951639310635861 3.124558937203524 2.7080647334305197 3.9936964129031782 -4.470664582138777
1.4523513404031172 0.051029567289614934 0.01057151186769683 0.004257783261069975 0.01126779768835643 0.1683413009450593 0.08743391978415048 0.09821386419368681 0.16496773399342896 0.11263753361392465 0.03479039912477103 1.7337685003070045 1.524506620788653 1.6418840171170017 1.0779668556666893 1.2143680928431524 1.4646211716861484 1.4819519110552404 0.983092666258586 1.765051222452148 1.7413999754321057 1.7835291148612706 2.9093190547644983 3.0863477083835886 2.704246093878708 3.9565371778431184 -4.461257308149646
1.3057706787881584 0.05478916827135293 0.014730517409150948 0.0049264992794652174 0.0032382159978577214 0.1764197085944711 0.1045067059537309 0.10711292762039051 0.15292485170336784 0.10506671551992529 0.03306749895549352 1.8642279981428114 1.6853955166394332 1.7802049439420422 1.1534725341354777 1.2733189311186968 1.5077880157295092 1.5043399753772122 0.981655546622988 1.758337240277153 1.7376877070002938 1.7299408055548833 2.9273344921898676 3.1225705744929564 2.70247562747607 3.9789497141723986 -4.475091331642261
2.1544038580836813 0.04498788788554256 0.008149095589778669 0.002200876664025962 0.020597885943046065 0.15441869985893106 0.07825757221766805 0.07020192932278312 0.17541208915472864 0.11746667900647105 0.037357392930147046 1.652310748753592 1.1154012001259486 1.2874078889383738 0.9198382606346078 1.049375943356127 1.3562383739261195 1.4261930872171917 0.97820766849976 1.7785339060630747 1.7560183046831643 1.7981408398359717 2.883258734138751 3.0645837915671685 2.6931986066138447 3.9051428327700433 -4.363947845244604
1.4170541923365365 0.05014149118079117 0.010816631221160491 0.004122548047272121 0.01241633676993963 0.16575793593918997 0.08835394816415512 0.09670161045424705 0.16201780766902904 0.1112806506633202 0.03465535387767744 1.774063099371481 1.5552228798574381 1.6708177897197742 1.1006486224395777 1.2197684568433518 1.4697655749855218 1.482038115994781 0.9785732869557887 1.7603718047258314 1.744486107763246 1.7883497608499388 2.922417383719869 3.114941278584478 2.723228346033119 3.9999865719854966 -4.457094550013713
1.0456166675064056 0.05248995648355973 0.018815967826871047 0.005510853326427541 5.716122212860458e-05 0.14181389727293753 0.09868921910319471 0.09275064405559119 0.12757681843787913 0.08976228946216927 0.02834870180247506 2.2410121494155426 2.0216360765484738 2.0919929752526967 1.328617914430395 1.4192896165016948 1.62773297153011 1.5784079337804777 0.9948336869284327 1.7514576779203423 1.6364972147071946 1.692039632065006 2.2489861461006937 2.4777401534712182 1.9837126201646498 2.886450144042878 -4.0313482084141885
1.2007234606970554 0.05655660871911881 0.016870103886058314 0.005872230836477216 1.70270046739004e-05 0.1793122468382039 0.11341501461094346 0.12024694152595174 0.1430513404513199 0.09977723552260873 0.03141675932427051 1.9902479804759954 1.7881324794206834 1.877299942319301 1.2182672633712515 1.3214735267917566 1.551247161074026 1.53098290065556 0.9895770562583952 1.764778026223031 1.7464687090474051 1.7349399131373304 3.020312085030196 3.2152936831168377 2.7403714701909534 3.988893789901192 -4.460416802483449
1.7558762232685936 0.04213264498152363 0.009409807080443162 0.004309593806355496 0.0085823867731042 0.1362250286276679 0.07253882922698031 0.08686945667390858 0.17700564861585164 0.11957111066684241 0.035085785877334186 1.657790135896085 1.28743206734057 1.4627646694277263 0.9717862373722481 1.1135351236127955 1.3770451471111147 1.428612397951522 0.9432072139812314 1.690236036226818 1.6071069027595835 1.6217836968809016 2.2022530318244775 2.2903273688329917 2.044332961967693 2.8578917532217156 -4.467257718121919
1.5943190790992223 0.04226631584504168 0.007557245929750168 0.00581635028712593 0.014809516052473189 0.14195000346951472 0.06881681837670559 0.11392333426118217 0.174359319546153 0.11943989473813897 0.034936438011365506 1.6682840960649001 1.4121838032211638 1.5460582630603745 1.028987166108451 1.16107233324645 1.4156567062399548 1.4432373753189693 0.9610140071010589 1.7192815996541062 1.685497382031285 1.7021681168061527 2.518539461024985 2.651309885354302 2.288099520462135 3.329998408251128 -4.4640235741528596
1.533663706434464 0.043064573735444416 0.007597195954137241 0.00482743625178752 0.014309398167002182 0.14308095663857598 0.0670850910150017 0.10058135511059957 0.17145611473872371 0.11664889451135473 0.03491686454321741 1.6856352643500543 1.4607605739682596 1.5937858035011327 1.0494903175233652 1.1851401948905507 1.4359673098103707 1.460566945657026 0.9562271050458679 1.7118298543701844 1.6791641461700841 1.6970934367106854 2.4775100342221674 2.607569642952962 2.2286012869621423 3.2492215352223774 -4.505558234770233
1.5183377397630602 0.04336542623723286 0.00794897984776832 0.0033530446463298546 0.024119548974872333 0.15134753434846254 0.07672101419392768 0.08727074440735932 0.16990880181834755 0.11598198377841447 0.03583759156299973 1.681494206673168 1.4739535348546953 1.600772561895961 1.0630415954093977 1.1935049876049268 1.4471680235170716 1.477663087704193 0.9834738782211427 1.7767419186352122 1.7622405892618511 1.815254975999854 3.0369533781402285 3.2387067874786766 2.7452830167570714 3.9988798818237794 -4.422858512206951
1.4496520438091405 0.046683535032436066 0.010299317057221582 0.004351146650289386 0.018064519077085613 0.15784394278973873 0.08705069316111935 0.10116576086102524 0.16369210807560736 0.11279695465791151 0.03473307316523068 1.745565072786854 1.5398931138359508 1.6548337127796169 1.0805749218887994 1.215973071215228 1.466366088889944 1.4851152196960096 0.9824540980293038 1.7681316588321914 1.7617853740000204 1.8144948390793443 3.079128868640941 3.260491883401899 2.742216386690771 3.999999989326914 -4.4397813337907035
1.4397527572054156 0.048679664651256484 0.009908608753354885 0.003833918167277611 0.011911546865594038 0.15961434729669247 0.08124641658246237 0.08975899255076525 0.16500852986580594 0.11256630174014456 0.03496275937321298 1.7392433605711295 1.536571413321238 1.6535145044739554 1.0906106545153869 1.2098769494754902 1.4623631258753405 1.4716172022656397 0.9718462802944734 1.7427160794046845 1.7171331385273467 1.749177025787121 2.7263969249535522 2.901474694673449 2.504327838564515 3.6622253092026344 -4.4818232537131335
1.471130008107144 0.020913935102523144 0.00029305997443348114 0.0005203603377253764 0.0875468650610859 0.07877464076591058 0.03693877118280545 0.041244338695373715 0.1606304911193454 0.10934644510538392 0.03385960900241019 1.812468715608449 1.514166690874609 1.6568503791200495 1.095391067183398 1.2340847403294535 1.4994236233216214 1.5432852207912777 1.0502097649736513 1.9570623910272866 2.0545482797949495 2.2085822890364084 3.1521070772348394 3.394897982984289 2.7208509027211205 3.9990163475071254 -3.6562489618962735
1.91468071082194 0.04451105975176978 0.0026625850075839346 0.002003766342323065 0.027614214564342574 0.15369747012724058 0.05304844650073806 0.06822652603667527 0.17742553266604344 0.1290873128738896 0.03786534680672413 1.587741128874439 1.2182236374323836 1.3815081973688101 0.9460979526835149 1.0901279501802663 1.3822871055790666 1.4368069605928793 0.9795182592852888 1.7763412897010253 1.7588241960799058 1.8042890669012996 2.9199693895469183 3.1058122983498166 2.6850331767350473 3.9821888113929385 -4.3980956539904055
1.2149258983300952 0.057104454879066686 0.016308416138886003 0.0061731788865449595 5.9231380336428594e-05 0.17975397770271045 0.11148226771376596 0.12310288760812214 0.14400085256162257 0.10064828502547792 0.03161260385163098 1.9751150047742825 1.7762786770687655 1.8689305180643012 1.1984762222995946 1.3183593752183678 1.5451363832670686 1.5283212414860827 0.9899171663705891 1.766976567259644 1.679131325660831 1.7475647562390402 3.045645246368509 3.2425101370241993 2.7450495748150354 3.9999166932376133 -4.403409432043651
1.49329822293953 0.042883646974910955 0.008388292830896918 0.0033517361706988393 0.024246463410150135 0.14830669682905992 0.07783885753769829 0.0867222978805338 0.1682386455325727 0.1145417514094046 0.03540567586571369 1.7033441868155448 1.4879344476868526 1.6265671175120346 1.0748690614328218 1.1944371857235698 1.4536820704734041 1.4843300166104698 0.9765721057534664 1.7623241261723013 1.7598112768655767 1.811565768570151 3.0299516042284163 3.2798275344527172 2.6903793160695204 3.92137281941732 -4.4038122554236825
1.188051122211386 0.054462940953323255 0.018247289506824367 0.005991338282137564 0.00027014534653630004 0.1755873632598276 0.11917932786371574 0.12145348237163664 0.14555684472078442 0.09807213445105033 0.03105821685223338 1.9891955238138423 1.3291343245022336 1.895982453630955 1.2236436810991747 1.328284096840455 1.5566980224078493 1.53442615392366 0.9905922189258648 1.7650477940750084 1.7431410429050558 1.788089130414165 2.995252781402306 3.1981707267369237 2.761207172763554 3.9999860545644497 -4.571343539176531
1.3840768371672882 0.048746555042528124 0.010786448774097252 0.005272484008922478 0.00012422635164843966 0.15073766377622125 0.07565947620601247 0.10060785340197734 0.16164279685147293 0.1096495518338288 0.03366126766551825 1.7802810401067943 1.584634442802949 1.6917373656248718 1.1086794542980443 1.223044388368946 1.4618371678688369 1.4646677034593027 0.9547083365189445 1.691182956886482 1.6300017871701546 1.631162813998486 2.1896472180195072 2.3015696347623202 1.957564822867296 2.842736883231963 -4.555748268338593
1.883481493493486 0.04695656645090825 0.005659644346513358 0.0024133065437567693 0.017688655745645297 0.15574370499920467 0.06306559625434388 0.06955540162331582 0.1713306400457224 0.12372246550126227 0.037251215340869934 1.6445794714051596 1.2318266830910878 1.3957870542368804 0.9595721711194201 1.0924801743616386 1.3769571226402877 1.4285997952040599 0.9686848625605661 1.7504951804555613 1.7170101422890913 1.7452343326843067 2.6735722523549312 2.806072123646433 2.4314353840412957 3.5576981439947817 -4.425548995706462
1.4652738633735618 0.05011136275526729 0.009941552067437857 0.0039604029096809035 0.01343118350608203 0.16664810997911442 0.08397876967508218 0.09464215520009835 0.1655419343224194 0.11297600862659492 0.03508682007352737 1.736794968510625 1.513995257854178 1.6360175517303064 1.081679651123487 1.2035195640546883 1.4588154284482877 1.4748132187816603 0.9798019667614759 1.7628742049224382 1.746145824038215 1.7901144068445716 2.938589351021698 3.109372902182553 2.6932010329169267 3.9897565652084643 -4.463970441499915
1.1854579789061703 0.05447862473553448 0.018176984621601742 0.0056900582756620344 7.819262785250466e-05 0.1739763104751464 0.11814670544869445 0.11640861649581377 0.14064936419302063 0.09856545015853656 0.031163822106307 2.0324841509339446 1.818372045717513 1.9076814860012856 1.2117676098811716 1.3304261982137247 1.5565603340421073 1.5346428883016507 0.9867866997019937 1.7668100390975763 1.7353555189989425 1.782845374253297 2.9658090913771296 3.140402258078851 2.6822467786303155 3.8969067513308597 -4.478313773475241
1.7982154908335624 0.03769861235171487 0.005570254760857549 0.004992567580986956 0.024217987924881813 0.13402106226792743 0.06255882260901834 0.10673804593198204 0.18069511239710373 0.12402428471181316 0.036021973119207164 1.5883219775824902 1.271568486068016 1.4413208059064513 0.9741971992030813 1.109520838133624 1.383879255537477 1.442775022793972 0.96541403986959 1.7407953831953435 1.7110530834068916 1.7381890980366528 2.6670509353285623 2.8296697908051156 2.4100774651037007 3.496863748517116 -4.414037589861075
1.5638359570167986 0.049372814919824926 0.008244305062849644 0.003242777542052358 0.016179023283770935 0.16427239247187023 0.07733720140266151 0.08486774553927802 0.16554084033745678 0.11703197576363522 0.036139642693242734 1.7180013095832256 1.440794100980029 1.5698741765972597 1.0459317943532562 1.1737681628810859 1.4359354223168388 1.4621545722846465 0.9768874809324352 1.7639142155043308 1.746569642286268 1.7898312236323306 2.9128445292196896 3.0944745765440076 2.706160648868887 3.9713607306562824 -4.4347735756711035
1.2489245401331408 0.0553599278458873 0.01623537078898399 0.005937942883491842 0.0004588115471244012 0.17842828347977285 0.11076224559405473 0.12120813579011161 0.1476340853447823 0.10213657359121099 0.03201269730253008 1.923329735908398 1.7288560704854157 1.8277572579419257 1.1854095992337534 1.2974449247511044 1.5285436248791047 1.5160660032327211 0.9865457223968631 1.7599906248558517 1.7374746054851269 1.7815992448048499 2.947079993313147 3.1351302794802756 2.718723676580525 3.98691009474456 -4.493264036043603
1.7624807398852596 0.049926514424030066 0.01120406785031322 0.0037484880502874824 0.006330777519816655 0.16024847572674486 0.08558043287222435 0.08626183859337332 0.16145361882902898 0.11118815685253008 0.035453064709858824 1.7714451395852713 1.2990168528048787 1.4502874542350785 0.997947108282169 1.1143197620951473 1.3903295481701272 1.4353722387963743 0.963312538928652 1.7354606340709642 1.699650118860611 1.7194979151502348 2.5641832854945887 2.6987009540953464 2.3654749654440668 3.4165865196212777 -4.439014677918134
1.8744178159709675 0.03883062888544357 0.0067798653150640325 0.009197835821043094 0.0001421721797178307 0.11858778039387129 0.05046508583535027 0.14608864397451382 0.17347203469583525 0.11870636113596376 0.03394500140442033 1.6683810606533744 1.2305710353882175 1.3927246802679254 0.9514366529561974 1.086040568971632 1.3471449846714336 1.399678993598735 0.9238075476166779 1.6404201255331035 1.5375177738015733 1.5179632268599301 1.7670064280954851 1.8512343656061248 1.578884306745114 2.2105634836538526 -4.389424088637911
1.3394515487065637 0.04967945491729345 0.012132041363911023 0.004347288997883318 0.005865909079697442 0.15953184125315636 0.08811783120185725 0.09373734653971418 0.15627688897751704 0.10720870436564267 0.03372317463085992 1.8329063075766343 1.6280819389661367 1.7350250041147837 1.1369704108747238 1.2483699933535528 1.4866856929293164 1.4842468870596714 0.9686977723753435 1.7281194007685934 1.6908789448371804 1.7166532701514268 2.5806753382380183 2.7367175164133593 2.3397297769526344 3.4066321061787783 -4.505714079046891
1.709003416749527 0.04567920020568239 0.0044156587231985135 0.0026775298135995763 0.02369312465977429 0.15629020128840082 0.06031167615181042 0.07706527508111924 0.1774665483512576 0.12559665206460507 0.037205939498280334 1.6020995007779164 1.3343110630243415 1.4785914175086121 0.9932997881325719 1.1385526400684298 1.40471928587233 1.4459768878635386 0.9737127430394295 1.7651316223306337 1.7475429976927948 1.7910632863296119 2.897132102893063 3.060474322941108 2.656338177287311 3.9230279758294135 -4.447231641406606
1.9233568315107687 0.045733257805763296 0.007796954270228302 0.002607678982719929 0.02106867048333176 0.15673865105572443 0.07567752890691355 0.07686680336380604 0.1698729963165078 0.11521384388828672 0.03679744460287334 1.7045969633622773 1.2152406203846822 1.3751709638265903 0.9683367335835042 1.0900750098305243 1.378547127249635 1.4371487937529632 0.980172355859894 1.7799645679879894 1.7651906073680936 1.8107191656649466 2.959257899763276 3.1495932472419135 2.73702855584139 3.993552033931066 -4.375774623496322
1.2179576394028697 0.055012453898976264 0.0171532427806609 0.005238119779876239 2.6981605059656767e-07 0.17589256559729155 0.11358337924899214 0.11006569923721178 0.1461559377989952 0.09941417980987648 0.031705208225031256 1.9541073178119706 1.342514856144027 1.863949355303948 1.1967615362673711 1.3101069959241824 1.5376000054528947 1.5247279860066862 0.9846882283582288 1.7550367216717078 1.7297872344859 1.714498925398505 2.908008779209352 3.0774103785726377 2.6615181788001947 3.878458707008204 -4.556833339484431
2.1199751614010522 0.042710943756996904 0.006603884425190638 0.002331267956498626 0.025748360776328864 0.14978679576897408 0.0702482181395278 0.07295811003905993 0.1750227601351102 0.11647786171209011 0.036971592574608726 1.6882933439327388 1.1275864528814044 1.3036799034746747 0.9274966345500044 1.0595086954690998 1.3590514655187445 1.434547434137741 0.9800640400935218 1.78670350374209 1.7713746919965183 1.8184110049813123 2.9988021252257124 3.1686167093976745 2.7272714959747555 3.9839619168767384 -4.355115522070388
1.2245528043906913 0.05483185194028106 0.01605349962925464 0.005799986070989854 8.843920912766874e-05 0.17530050425932744 0.1082207011597074 0.1177419206303812 0.14618175285960344 0.10105853919903765 0.03176387496689016 1.951307006851857 1.7643907392053608 1.8495117987060892 1.193982721717393 1.3171852750364943 1.5373889613257536 1.5221440351080728 0.981697587791087 1.7560891964686722 1.7259351439592236 1.7632910766071466 2.846525965496561 3.0264511872458675 2.625262252333198 3.8854265630506046 -4.498273072911273
1.4667124855386213 0.04994251697436745 0.009897792175384522 0.003931862584333692 0.013924741339635562 0.16659934244522706 0.08486846671273848 0.09451105041351177 0.16475345883554057 0.11353370762884782 0.035103074509447545 1.7447603114497396 1.5275667715879155 1.6435313611193187 1.0768689775505016 1.2075573656243732 1.4577832341307777 1.4767463491548571 0.9768536249143526 1.763763373102855 1.7463174563865043 1.7922777914318795 2.9652456868972172 3.138275525637174 2.7288344811703835 3.9999895741761433 -4.4691480471122365
1.378721789087011 0.05083632483419593 0.011052239364042043 0.004239370121494903 0.011392578452235132 0.1676945541288187 0.08814099712734631 0.09808916506228169 0.16104789666398897 0.10949566481305566 0.03433478538930086 1.7935396898061748 1.5958381182476238 1.702941307741332 1.116651111073121 1.2337417378285167 1.4840434143504886 1.4886398761302098 0.9782907743664788 1.7594774799266488 1.7415329612004358 1.7862560986369693 2.9274757623101686 3.1046261941357627 2.67309919413021 3.9955895583780343 -4.4667951698935875
1.4964750584569655 0.046295013221804016 0.009228515036429246 0.004045390960020161 0.019797097491163478 0.15694809456328757 0.08252559224842151 0.09703256969644343 0.16696633143229017 0.11498956950419514 0.03528033663738028 1.7072972462740361 1.5004965961442596 1.6211622191528439 1.062742794833599 1.2004419104231143 1.4548624282673617 1.4756600023785476 0.9823863132789736 1.7740152348851026 1.7627429219812965 1.8172114546609464 3.0791118658861514 3.2597971237338066 2.7373159724665683 3.99483009578161 -4.432607403779594
1.2108168527760048 0.05522840432775236 0.015980663407578394 0.005837752304513049 0.0007450000474210287 0.17749431466220314 0.10896135727917716 0.11935035340841656 0.14404352411808727 0.10053182182784196 0.03160017760367688 1.9760719659101083 1.7766311914331179 1.866902668971226 1.209605796451181 1.3145652068664448 1.5447748619474984 1.5250391308151605 0.9868481808045206 1.7572590649802073 1.7330435404079854 1.778311646327122 2.928019616532616 3.12052641428959 2.696313773490505 3.9498605175663575 -4.4857376624850165
1.2093079812682692 0.05366640312165727 0.016385564810087273 0.004874897288061722 0.0006446758893791032 0.16754614492895883 0.10672857556808324 0.1017676184903369 0.14485619649139514 0.09923032084174631 0.031566987951056676 1.9891532641549112 1.2706049554438152 1.8727372911778335 1.2007093195730516 1.3206111211919327 1.5406277330256704 1.5207790768225766 0.9838585073063008 1.7448282588537418 1.7135403387472938 1.6943047863678429 2.7494055202683403 2.9710568570354776 2.444142172269348 3.554356051999264 -4.5432771582427165
1.2378601834979017 0.05291900446415386 0.01616065564844049 0.005385528998842105 0.0034663952801234567 0.17241083490936027 0.11053618330906755 0.11294479029470997 0.1521241872529754 0.10163940350208213 0.032009993762042686 1.9117337638756888 1.2693223463565826 1.836387928219102 1.1937807484923935 1.3006735451392069 1.5338621779308834 1.518620955957397 0.9856539249956878 1.757916210315914 1.7358781763547246 1.782044590139365 2.9373868329314687 3.1284296817137407 2.7358788228557387 3.985455464997078 -4.578070262100497
1.9698974831407445 0.04267385378854021 0.006703182898063432 0.0024136653768378775 0.02549128680058057 0.1494657028553841 0.0704003118612487 0.07400751951028384 0.17295915308107246 0.11663727343067219 0.03704180387370653 1.672960776775059 1.1933479127149806 1.3559305490408557 0.9547501077787292 1.0815997240724982 1.3717414568047384 1.4336926545086561 0.9777455244191507 1.7797271455129355 1.7678357744010722 1.8151743567786296 2.9781478346326726 3.1626316620425534 2.7050676349988803 3.972499144842281 -4.367544402541544
1.1821473863918925 0.0561397937643073 0.01755765113897562 0.005571380621360858 0.001158064595825471 0.17661432155803644 0.11592210507163161 0.11550221144314596 0.1404135665694741 0.09843332357237791 0.031016466640556108 2.0343874831073285 1.8143382154468124 1.9045375514016776 1.2228929169553338 1.3358895405137008 1.5612075372064638 1.5385325447268503 0.9952676477731337 1.7707890654903247 1.754130040580055 1.7498657558269328 3.0656674160946804 3.325180871762234 2.746349938438133 3.97389238993663 -4.41324903759211
1.2192461343872698 0.0562555496652703 0.016137183929494262 0.005295335571246561 3.5355698519460575e-06 0.17494032063621912 0.10838584930217414 0.10892175211427775 0.1430245941554325 0.10045994741638431 0.031773354396927474 1.9789006370891966 1.7730856150243446 1.8628582695220535 1.2011008099187408 1.3135380833428705 1.540505429554982 1.5230691315878446 0.9872900904742129 1.7561925048740101 1.6620696405992064 1.7234012285394997 2.898487582533969 3.1003465164940427 2.581267026652933 3.7661827250528055 -4.380355871361092
1.5481168189480834 0.04812525135931249 0.008009820207859729 0.0036764412803833167 0.017726536039989572 0.16263686228772606 0.07681392900715878 0.09159830905934155 0.17351120293198216 0.11782125212688507 0.03586776753790169 1.6725672194676056 1.4445225701444795 1.5750383450081702 1.0473789539658185 1.1769248456093404 1.4381068157067556 1.4640838567149645 0.9791629844911105 1.7673574702015835 1.7498207975060236 1.7962331026013307 2.951136110020411 3.1472879377795384 2.7192596097172914 3.997582785479681 -4.457294215626394
2.002863375037968 0.049189171453787976 0.0081461186198013 0.0038036640560351136 0.01585019194001105 0.16555789179089322 0.07729050133977063 0.09316668989471893 0.17326033532823693 0.11674025622477498 0.03566951622054264 1.6564250010025245 1.1798176830434586 1.3479615223267876 0.951040755218985 1.0757663522716103 1.3695381172184817 1.4342384123348357 0.9783475494670824 1.7800579509056347 1.7338994805657388 1.7888913880068604 2.9660434556143054 3.1278184939292633 2.7219042114208554 3.9990772034215296 -4.364137238370953
1.14814244787837 0.05691123391591623 0.017859544909358108 0.005541922210566639 2.7749663020505168e-08 0.1789020962103115 0.11748264109848773 0.11497527583281328 0.13871088110831414 0.09762289880862914 0.030780362737517164 2.0324563245837415 1.218000614373395 1.9439435609880176 1.2463302929661602 1.3558744992323928 1.5773479498994503 1.5481302159647512 0.9961782244879684 1.7699407045394349 1.750802981821374 1.7403800824892777 3.0783894131495453 3.2728215585821396 2.7773185924798347 3.999999999999958 -4.562103493174593
1.9008274024486824 0.046466324156307186 0.008976275441761319 0.003175604138411952 1.437922318519123e-06 0.13950136263050786 0.06500309098753482 0.06745481400066453 0.1674602744683806 0.11361725465348618 0.036083780045836227 1.7227461032218183 1.223927508085954 1.3761888278819823 0.960383980008875 1.0765677102361455 1.3541300894951458 1.3974989876464905 0.9348544935140753 1.6675141374419955 1.5920769068638299 1.573312685946695 1.9097513768566239 1.99213528093428 2.1525929671212563 2.4574070452546417 -4.372140531940958
