0.5872517678674475 0.020478992551956284 0.0037697812252952883 0.00721134627796509 0.03334562159686753 0.15450370063950614 0.07415794034994955 0.09494225635986 0.014787133506552736 0.019992076802089965 0.02788977164948364 0.9620424339968463 1.0392322526113773 1.1944478860994425 1.1805005741820782 1.1704416093097911 1.049098912908548 1.4508773627863332 0.4552836510394881 0.73789771167328 1.13005486027845 0.9612497251246452 1.4161120965793583 1.3204217475825282 1.452390818543122 1.4123535622059293 -6.052393794677736
0.6959444746763976 0.021017023141586256 0.002548012287219719 0.005781935938941482 0.04238337635926389 0.16590146567006392 0.06245226190380013 0.08815194893473993 0.016803716172279444 0.022947733639408094 0.0317375877713987 0.8390365433704355 0.8836962163166957 1.0348538163270624 1.0345690917881094 1.0379421760266956 0.9583341352862442 1.3462807028229913 0.4411943606056605 0.7305884206354748 1.1654270088560545 1.0162458042550673 1.6805204205717619 1.5806274452410038 1.7549147451551583 1.720007372565218 -6.133980080499705
0.9692088692077427 0.016874159812069016 0.0006026799304194899 0.0018646174776436044 0.03658256061629201 0.12689477879571845 0.01775665234987145 0.03117455842857465 0.022293523675325902 0.027315723248935955 0.03915379972837793 0.683522105582196 0.664327074175388 0.7914776586966423 0.8106799402144199 0.8326679623415745 0.7981988608341448 1.1645362552057512 0.3975805310366388 0.67966838606801 1.089426150753491 0.9343703005653019 1.2194799741987776 1.117958727245589 1.2203680691354812 1.1837001594619743 -6.317531934863391
0.5546271624700828 0.021454695924703327 0.005352694528740512 0.008661150655948394 0.0632247857655927 0.19447073880417226 0.13512164169197557 0.14292422459387 0.014037058854202047 0.019455523343721727 0.02663989166520532 0.9934953512852818 1.1009238160782648 1.2694132222047043 1.2552513528801748 1.240058007409431 1.1230511737325317 1.5493750347046489 0.4938196750069896 0.8192708866142795 1.3073160860354878 1.174572421563279 2.9821832938099986 2.83443927816394 3.257067230465892 3.2841974508281595 -5.775393966738177
0.6462791313758426 0.022284891933978073 0.003024428996429939 0.006970095985162629 0.045739546534860585 0.17929075366018596 0.07563714793121026 0.1066240537289844 0.015671516417975172 0.021889459529698084 0.029957448555153917 0.8842029565653938 0.9686566727174042 1.0968766308113531 1.0926463241527657 1.1063380727945786 1.001901382770814 1.4007690200302718 0.4541758772533212 0.7498773423160296 1.195845866779005 1.052763056582509 1.911663688831845 1.8152123028340632 2.0273920742621327 1.9970326991648908 -6.086258728622996
1.2291187513304975 0.015529330643341872 0.004422975202985793 0.0015547952867007878 0.07196995895889038 0.15655694720032096 0.1898549664903508 0.06923543351693259 0.02601381614632269 0.034999901998606905 0.04643573314397437 0.5444553148833833 0.544273477264664 0.6696800026419979 0.7064645714154906 0.749913121007399 0.7551926754442656 1.1514987712289388 0.42307114314320166 0.7609820361660687 1.3348689026922131 1.237190016115465 2.957721730081214 2.8092820321572947 3.1731729117382477 3.1883515372163425 -5.486568507967289
0.7421409104985925 0.021175529275924834 0.0023515822532933065 0.005261698835223208 0.0700823473255606 0.19396129040167118 0.0874300023251507 0.10938823978822226 0.017696877893641917 0.024556955053260884 0.03356472683978164 0.7948812783555957 0.8452848369582084 0.9877933136418698 0.9967822364790603 1.0085944585622744 0.9463954303259042 1.3517368088815227 0.45766048152829947 0.7809357839719475 1.3207218279754527 1.2197259101499411 3.104188607784865 3.008333627517798 3.4308170744535946 3.4583733418546103 -5.994681120778371
0.6087029615616056 0.022388791347747815 0.0036669026011700795 0.007675114501088863 0.06103358905166535 0.19731033515593005 0.10240881473503788 0.12997741506758625 0.014977691118051029 0.020905269244010222 0.02868071037429072 0.9280211906926391 1.0210000131144112 1.1677384553927088 1.1580159442583238 1.1590063933104071 1.052652131025377 1.4716865614268657 0.4765149136902119 0.7938203887952472 1.2863901597265008 1.1606724499207346 2.79852700847569 2.636588018498431 3.0199090377058173 3.0237955014407967 -5.899489907614416
0.8829732850215875 0.01808021517022642 0.001166988874626629 0.0033219979717873447 0.0651886383552723 0.1643589791885543 0.05916274091123896 0.07856603120586482 0.020731414370218353 0.027328140150803086 0.0374123975643455 0.7083348960051596 0.7229324861342671 0.8573337097177658 0.8765197482393559 0.8972839437550885 0.8569424403948127 1.247749631799602 0.4304558700303818 0.7486308896985919 1.265466778413557 1.153073504492289 2.4846328738162486 2.3731681659035746 2.6711149174856414 2.65721380122728 -6.112701454560708
0.6667913337030127 0.021147757035380854 0.004679659459758889 0.0072684948111334914 0.07227480386304468 0.1984322481908943 0.1333069760380779 0.1376507045987961 0.016505760470216325 0.02265998434147235 0.030808538509739677 0.8511278128571379 0.9580527573658288 1.0777282892168136 1.0874835209061442 1.0926401057925097 1.006761972511491 1.4279746366879145 0.47389383118995454 0.8050285418754535 1.3503667815332179 1.252429512456409 3.579626722618653 3.4640759660949367 3.9407793800188022 3.9991276055948157 -5.794548103434293
0.7384950827646456 0.02068083240540489 0.0020772347290113225 0.005480182186092138 0.07390141535104246 0.19291785902283082 0.0852447519707733 0.11499760134199163 0.017736631853361107 0.024599330575400653 0.03343779362624852 0.7891226691154352 0.8547011803948373 0.9939594155563524 1.0037155471174146 1.0145455439814457 0.949128993324189 1.3603966244618073 0.4584954552437844 0.7890571932904031 1.3388499276709787 1.2438286155849396 3.3429037933187553 3.2691747240371702 3.7213488426687884 3.732419943876879 -5.949142973589262
0.6203552525286402 0.02118788527150008 0.003928795133067084 0.007781124729946588 0.07278088152912664 0.19706698120372027 0.11808513636150775 0.14219278421668277 0.01560689094859009 0.021527197945576445 0.029344641384495482 0.9052575025210754 0.9877374999757896 1.1507172762421292 1.1469995220816922 1.1515018752581998 1.0504258208608013 1.4773111953289453 0.4835886339160677 0.813780495497927 1.3494853937044704 1.2444949236214877 3.5354916615632637 3.41837403291827 3.9205304119460465 3.97005021750526 -5.80010664862725
0.8568727156757144 0.018848714853328515 0.0008428981810688975 0.003907775656680712 0.07843706201338269 0.18288465248335062 0.06705105582262938 0.0989891227454102 0.020074174720043237 0.02782594482138305 0.03698826632707515 0.7051635244403861 0.7542598512061734 0.8811234958889644 0.8993193005102719 0.920050437025385 0.880034721382535 1.284809320936362 0.44520673995029697 0.7811489581705954 1.3515061830634583 1.2650794836479504 3.403032698900244 3.3280628143930873 3.7648281694567656 3.8299134405447752 -6.013251353759569
0.7677831436610038 0.0204099879548888 0.0017930472796922582 0.005396041962845244 0.07359803641341317 0.19141963572224618 0.0804562954066629 0.11424460098241976 0.01826782013249414 0.025243086651331632 0.034248704914439564 0.7678713200656784 0.8311891952373754 0.9618561908179644 0.9742127042469644 0.9848779783433886 0.9298765415448109 1.3360666014469176 0.45380587194231714 0.7846182430710936 1.3357588319726614 1.2423491158449333 3.292143019901083 3.187051475392368 3.661349810127573 3.7006248720261175 -5.9846823933259925
0.7306227948582353 0.021168188246377125 0.002275467401529284 0.005517796401368606 0.061404907216663154 0.18515763062173723 0.07716818976047066 0.10388009567912772 0.01747689256801186 0.024195634356702807 0.03289851667401018 0.8117803825327456 0.8602231662102087 1.00047613546252 1.004407835936945 1.0194752783383485 0.9443437190647311 1.3448290799590041 0.4502749960024032 0.7633021310477082 1.2681642385568639 1.1510451199520586 2.5560291935290955 2.4691460652265795 2.7799776749939227 2.7787882939796367 -6.047138060585174
0.8023029259864173 0.02044487858058337 0.0017538837964065765 0.004632704742987738 0.0748472469104762 0.19246741765151712 0.08075708621152781 0.1060361576893789 0.018839083755611 0.025794744337261494 0.03525057576945589 0.7561324133327647 0.7926656671101067 0.9287470714999234 0.9433093418004765 0.9613315545123207 0.9084211427029492 1.312709969148994 0.45039465927349864 0.782372474571846 1.3428940649107284 1.2524069599333503 3.35870438817276 3.258707600135607 3.7195729922047707 3.7525693491353347 -5.997711042877014
0.6277241887282476 0.022168667021180227 0.004162912312843912 0.0074267318659364135 0.02753991367145829 0.16301402244284977 0.08065696817608901 0.09547291103867867 0.015268986787123542 0.021149367843692955 0.029188902002151143 0.9096816481227888 0.995843449461995 1.121109561318844 1.115648443996399 1.1145316602286393 1.0037314257693137 1.390560428006083 0.4434043985454695 0.7228353097745044 1.1100913782688278 0.9437416475477424 1.329781993415974 1.218104937246709 1.3572855212904995 1.3059380737758444 -6.144265286271119
1.1065487623744739 0.015917434444845845 2.004949933339635e-06 0.0009753551425421358 0.08128620935766656 0.16192570265327574 0.051629368880716404 0.06369910054489218 0.02488110986610585 0.02973260833012983 0.043100386811436915 0.6140084464064139 0.593086016137034 0.7237244589850026 0.755723770835418 0.7970018392058479 0.7863787876380715 1.1856659532252942 0.4311379050762691 0.7723640716202641 1.354849358634424 1.266737443426103 3.2116133486308214 3.1265742443751 3.5383088050148115 3.5605031036053374 -6.088553816177347
0.9542583425271278 0.01804241173712717 0.00022360318625855405 0.002727711064085656 0.07890080761359793 0.17679629776872843 0.05655857762579688 0.08470783929666799 0.022048182749442917 0.029338669023440823 0.03952918868956509 0.6594349250512752 0.6726504698224188 0.809294541422807 0.8344639590343221 0.8626197980042022 0.836433643338239 1.2366651839956697 0.43638939342241556 0.7743849325703394 1.3494541990177862 1.2623159229682892 3.2945051875039146 3.1849758593053896 3.6492166931288312 3.683095740692942 -6.064181497724574
0.7125143768196427 0.020628401700261395 0.0025309122016458833 0.005947817330891073 0.07465595492452827 0.19444118511196634 0.0941371964271301 0.12140959810145203 0.017268238602526548 0.02369284585513646 0.032606200604863786 0.8166166452677431 0.8751635219481655 1.0246768443228085 1.0317866075355127 1.0409308187128634 0.9689718485525352 1.3804674051933088 0.46343559762740866 0.7948861070800917 1.3455165574028372 1.2509777578689876 3.450074780330598 3.3629009645057417 3.8363517325091463 3.8827456214320977 -5.917804983245393
0.7958664541905683 0.01911498360648188 0.001554319008433984 0.004473707899745905 0.05130852086576033 0.15973332050487532 0.05250376670377864 0.07983120077933434 0.018900977217728782 0.02557033841407883 0.03484075645284664 0.7540501118252778 0.7923392340241814 0.9300412080143184 0.939036205982716 0.9505588502946328 0.8921158455481923 1.2796251760852237 0.42922643764165463 0.7303433787564483 1.1932511204856575 1.0589580754605235 1.9083100530449701 1.7913322138564929 2.002411935535603 1.9695213579548152 -6.158843078322159
0.794704826942982 0.019888894241974753 0.002362583414477028 0.004327115432565812 0.04704601612861371 0.16193303350382035 0.06460601190684429 0.07519578393613356 0.01886572904703096 0.02498603741755595 0.03468743168694301 0.7664458069068155 0.7881767851673133 0.929901449420646 0.9397378312027701 0.951913882567547 0.8908616549684244 1.2742716483805443 0.426231630172857 0.7236107519038948 1.1773041833887925 1.039206476661511 1.7844355820990856 1.6757713147873323 1.8684209289838314 1.8347274580791293 -6.1669778104315816
0.6978808122388336 0.02125215089217643 0.0038978469609143736 0.0059717610318844 0.06013561231546845 0.18699062268878852 0.1071535359566866 0.10933377263907462 0.016883193138291164 0.023168440664317783 0.03193356621543518 0.8238164954370168 0.9038014123118188 1.03743439373552 1.0415601357501325 1.04719179504196 0.971689249960419 1.3734442650544338 0.4546795452452092 0.7708725569656586 1.273069136441533 1.151830252606084 2.6104290388992113 2.480037321570411 2.8261714169376977 2.8419976262591327 -5.996211101900162
0.9857387811238429 0.01402817200405018 0.00012686407856463892 0.0018632712938234008 0.08700053671788169 0.1541704095333228 0.05688026206981225 0.07740404776096038 0.025602944119915306 0.02919753244187202 0.04059049248204301 0.6531125776814092 0.6517203928210352 0.789848523719937 0.8178764695776072 0.8485227416270994 0.827180016537218 1.2297928987026712 0.43831087130964747 0.7814767712786419 1.374160297685497 1.2945042553947035 3.5423704436191175 3.4580844986869645 3.940711452907623 3.997551709993094 -5.9998977331597185
1.2147208532675775 0.013525771778148109 5.0150151040604434e-05 5.823358070029171e-06 0.08641959229724683 0.149219613479648 0.05571400321680803 0.05492212349160398 0.027134824997785797 0.03059058085705338 0.04549488627911079 0.5817153508185091 0.5458320741840336 0.6752224757846309 0.7148363435397777 0.7559722410696543 0.7627834827636136 1.163014236727289 0.4281276694176996 0.7768032391866354 1.3780009388453431 1.2942555770005177 3.4196101775731584 3.288405557422082 3.7373288204128907 3.7679864179777334 -6.037562695912423
0.8059181667710489 0.019210422242456962 0.0021316506099653405 0.0045967069465389036 0.0771967185950619 0.18543636270232805 0.08908699880604154 0.10697847195813524 0.019333636181817947 0.025820198563240734 0.035399818213464315 0.7510861159936866 0.7930291788898958 0.925727129006685 0.9409743502318725 0.9584415714893584 0.9077820198321614 1.3134155716062637 0.45105948581637156 0.7857721129201471 1.3527529036051256 1.265388408816945 3.4652285450931295 3.3896944941028333 3.8494924486932263 3.8925974714612126 -5.972165055116116
1.374544217518105 0.012200966751648624 0.00273710476827199 0.007244811751806677 0.07884301853844973 0.14163610954914552 0.16529680368988958 0.19568868146768775 0.02914450390583829 0.037907693139056 0.05273690440537456 0.5033855352142641 0.5000655700941071 0.6160041137342129 0.6622438378976053 0.7116686596657757 0.7345979666976697 1.1386946801145799 0.4267772677236296 0.7827365183137127 1.4025576611834925 1.317547468107885 3.5951072294024127 3.4240920249263125 3.8662339265489947 3.898403197233883 -4.729031472731659
0.8314642179234767 0.019378446885274854 0.0018371767986536014 0.004174054186814548 0.07062295148833304 0.18041835359125294 0.0793795859662918 0.09593361485757891 0.019606604990032257 0.02656236585881515 0.03619668847039624 0.716952614463167 0.7722649057586094 0.8999586336700363 0.9167565616155078 0.9366610596564018 0.888063031624364 1.2900363627541591 0.44305919036562424 0.7700338072646364 1.3113754088308414 1.2116263641010425 2.96504241864416 2.863337992857047 3.2439900420263994 3.2691962479052363 -6.04645171597029
0.4469916017853282 0.02215939222243506 0.00594453425404799 0.010992466926265137 0.06394227600639091 0.19999063797371086 0.14067404088199695 0.1680249458854675 0.012395798108662145 0.016265235316465 0.02209940184883559 1.2015666355445376 1.341942073366335 1.5303166311924077 1.4962659273684031 1.470236377443581 1.294956450077462 1.7609845085268894 0.5449847408215702 0.8731772293092538 1.3465257550739886 1.186848030424351 3.0547083059624143 2.977207460414679 3.3971939477036117 3.431747061452779 -5.625168908939985
1.2942552216110874 0.013396924433850392 0.006252644902358462 0.0074720570788156925 0.07468495833173824 0.1499526851126884 0.19909202247338958 0.19999592489463083 0.027632264033826355 0.03410956041710512 0.05204512442803793 0.5174245267119539 0.5305762486239333 0.6424726320573041 0.6861691427488896 0.7292277610200038 0.7480741093436144 1.1510711639977855 0.4278475145861986 0.7834595150868724 1.3985070586686004 1.3181604405452414 3.587578558437528 3.4632289541596184 3.907295751638851 3.9809102929279563 -4.747440702207259
0.4878239665699913 0.023898474327662428 0.005177787229215155 0.009652315358597206 0.05107895844541257 0.1981721144947549 0.11765440131989727 0.14273404648883328 0.012341878150482235 0.017335021275683166 0.024022121695349303 1.1111635164304507 1.238972433928809 1.4125173168455905 1.3838065285715486 1.3604875124907787 1.206866556702786 1.6454391479956898 0.5120039342000409 0.8223024440064604 1.2683294570245356 1.1065745460333107 2.370238011803676 2.256888243448671 2.555879295266389 2.5458571848112244 -5.831529981105191
0.9473469898866368 0.01727979039170696 0.00552464446644147 0.002420374995453516 0.062223030477581404 0.15938343516334041 0.1912015705875483 0.0685882839624736 0.022091835490827834 0.030107161720186335 0.03928247839588308 0.6588462128806106 0.676135955477631 0.8115916768150945 0.834821247163294 0.8611465676037096 0.8302514677868092 1.2208294876737806 0.4257701966741126 0.7463675507324268 1.269323253828612 1.158363506584768 2.47565278487094 2.376923152628681 2.66913941913194 2.6639915089486337 -5.5790827350690275
0.6339594066854969 0.021182659946937965 0.0034923198253576197 0.0074935754241923416 0.07352027566054761 0.1973486965680839 0.11050397508897203 0.13940056523544062 0.015817555659529033 0.021783939716741484 0.02982395140751447 0.8848389078735354 0.9779959558209568 1.1298199862166731 1.1250313822537699 1.1354806111403317 1.037167988194834 1.4607162377748986 0.48102678943316285 0.8111102028903111 1.3506471459309637 1.2482501321157913 3.5976987917462875 3.449820057356382 3.9153373481758913 3.995515555111828 -5.796022669736151
0.6821381333511919 0.021535996463867918 0.002931211470985102 0.006355485546128016 0.07023437924315622 0.19692746132461228 0.09742204946726468 0.12249546960971443 0.016489119991361306 0.02278802676141521 0.031485745210456675 0.8488930992186121 0.9189702493349767 1.0612277470785567 1.0643118501914157 1.0693374041405668 0.9906560939903118 1.4010531206677521 0.46603101206415654 0.7933901087076857 1.3278708244578965 1.2231194884289516 3.222056022049626 3.1311506466310064 3.567161284531117 3.5973079423621988 -5.933134985332493
0.8819644623478637 0.018835326348179113 0.0003169090132526736 0.0031847137301461753 0.07903922553127658 0.1843267369622642 0.05756994266748479 0.09048881111318957 0.020798453012631894 0.028609740946329804 0.03792343165411596 0.6879876698369819 0.7250771357344199 0.8608128271809877 0.8817841156396401 0.9060922614663875 0.867730267760023 1.2714744569230763 0.4425163536789765 0.7789616073651632 1.3509764805671927 1.2642901792138 3.4609552744552516 3.2562622222317135 3.753488917668848 3.8118150149670122 -6.003479644277388
0.8356130271439309 0.020224761805082668 0.0010880481262573757 0.004027408236985519 0.0776287794279743 0.19438662509076252 0.07158366272113299 0.1010661534492928 0.019789873767026296 0.027382848235365492 0.036497079523436234 0.7199013283035477 0.7545339467671072 0.8975539882673613 0.9170844805920662 0.9404735032714293 0.8916892567903572 1.2973738215767925 0.44944175999831076 0.7852885118693953 1.3556230870731458 1.269718662049727 3.5460768614489537 3.3909167095500177 3.842262747693629 3.910246786153567 -5.955015354894366
0.6688609983508678 0.021556172334439485 0.003592083038815833 0.0061393995780035125 0.033241351972331926 0.16274076790521028 0.07475193763358615 0.08476615208687707 0.016097309758687887 0.022165637756906997 0.030615666896629555 0.8674411557696476 0.9364023577695483 1.0671050887243119 1.0647035031449013 1.0650895931062223 0.9717175111311017 1.3541735002411424 0.4380070470354378 0.7199065652552074 1.1270588952866012 0.9669570065367857 1.433594987088358 1.3201495598020863 1.4753149019375795 1.4322002324593075 -6.166981585579484
0.7624759431405946 0.02008443652042229 0.002124603224218546 0.004920576463819486 0.04866805785351192 0.16441042079200607 0.06119592212732411 0.08370452582608931 0.01816406931529195 0.024783929713537226 0.033813833278500696 0.7777941356422697 0.8277571506547571 0.961764593395088 0.9689183889558127 0.9785096023749353 0.9118102361760814 1.29825241639425 0.43193093480261313 0.7307515665342929 1.187504996477524 1.0501742764486646 1.8639576840303782 1.7663548990200957 1.9571816252688323 1.921505941336034 -6.148377468871565
0.9914161551031443 0.016236299652366788 0.0068915956468969366 0.008976514606066173 0.06448363633271299 0.1638637212873619 0.18787000165367865 0.1763736227979304 0.02335147750370655 0.028620402394143738 0.04198233886510425 0.5890724083081617 0.6544847431993225 0.7899625039016016 0.8130261151690165 0.8391534102745589 0.8229687518637755 1.2205740281305417 0.43249713278808577 0.7690840456670387 1.3328637014432976 1.2302330532181036 3.098036906904082 2.5975283800634723 3.3829782344103565 3.4164553727798683 -4.919563933193194
0.6022438405480705 0.02071155659351802 0.005483005911551105 0.010156255899252079 0.055890460804434806 0.18451876133617506 0.1306637246823414 0.15345921056508244 0.015597396679895665 0.020638648344049902 0.028243824329616342 0.9400860034842394 1.021444584903964 1.174152228276209 1.1717158337837117 1.1598285991530213 1.0579410592626208 1.4757773686821194 0.47913730698174706 0.7927245869586281 1.2744103430531515 1.1379705657288743 2.5891188094531365 2.3588908546126994 2.8381334064733625 2.850595782822423 -5.768514099862676
0.24797611887150325 0.025129524343677205 0.009032981103289638 0.014631120004789605 0.04826253062255475 0.19999991208182108 0.16763321551005808 0.18515298664306262 0.006615164216504811 0.009347645227033177 0.012788972298069192 2.0710616135484057 2.3536439795876287 2.625732005113698 2.508013028850088 2.385937670768191 2.018525195194945 2.6269360773570076 0.7454930714731176 1.1109345996017521 1.5078488869799174 1.1924545088082212 2.16469329639595 2.0654584862036485 2.3580346365262135 2.342081250670989 -5.408785994733013
0.8288020644257184 0.02027602551487601 0.0014250460461910914 0.00571732039020734 0.07524892324829822 0.19418211924754006 0.07692271310749807 0.1250016512498908 0.019533484513703837 0.026777989761618617 0.03617495851790227 0.7299107812912221 0.7648443089789336 0.9051212453576544 0.9215035430340655 0.9437297281532614 0.8950472886462475 1.3048832344391854 0.4486196659510112 0.783140259349103 1.352258334732206 1.2657450767890455 3.5281713995082615 3.365036374714983 3.8311699677088016 3.8640957864958736 -5.872579660117621
0.5992424836254601 0.02189025512710993 0.004382190661318327 0.008293563091180114 0.0673062783609963 0.1989659614769251 0.12208050453112966 0.14346858508854207 0.014859063111223047 0.02067652244913241 0.028292370186520945 0.934298041226356 1.0453900922280666 1.1859501476148204 1.1768563372225413 1.1771765371316447 1.0724348807783985 1.4960748584266779 0.48940871474481745 0.8107920780318739 1.3234546927936117 1.20760796711432 3.240385500233478 3.1003411405364623 3.5662604031007787 3.598499154599159 -5.826090187332374
0.7139749518252659 0.021372593359631587 0.002573609984245912 0.005896686802903112 0.0739703497805441 0.19912285465331125 0.09504717465310102 0.12093729790076725 0.017237295280293972 0.023682621534295185 0.032680456169624596 0.8160180724803863 0.8724906566532609 1.0226096496363488 1.0301378889230561 1.0393249639477484 0.9679250887392621 1.3791848763790642 0.4639922814132327 0.7946919812230311 1.3454344071370135 1.2516333546660283 3.45278062191547 3.366450818217042 3.846416117563645 3.8924238523073464 -5.929358392380184
0.8256957939243108 0.019654421540118653 0.001809285317271588 0.005636370463611273 0.05233567317626793 0.16627746908285143 0.060523210394892835 0.09693922350103067 0.019448750713484023 0.025720676107747576 0.03566149653245552 0.7447808371990481 0.7674901429301342 0.8987826568269439 0.9151184600849129 0.9366700612175142 0.8776603882322974 1.2662360384661642 0.4275511715012055 0.7327520776900012 1.210287720625454 1.0817412102927215 2.0379084598294845 1.9392125795158213 2.166999912720294 2.1388200118803073 -6.123909939865109
0.5717058365775709 0.023092954481515465 0.004010627705432058 0.008039626032348405 0.025766302425328076 0.16793787174820407 0.07513099712458142 0.10028029665307994 0.014135650854982995 0.019671790811522958 0.027221796647143665 0.9832388351099266 1.0522629294669283 1.2169650720948624 1.2002679301242067 1.1951375776619113 1.0622120558288548 1.4557835107492068 0.45694217446384805 0.7351664556083066 1.1121210104107637 0.9373996921707938 1.3040961896455328 1.1939518080444245 1.3275109205316595 1.284835425204069 -6.105759157443597
0.7801624177684833 0.020398762644785972 0.0018617323353377023 0.007037885192932266 0.07452693404895079 0.19425298090040943 0.08356094849641743 0.13867415472608036 0.018710840053089258 0.025742926823389224 0.034764764364874204 0.7550452616237867 0.8063776771377464 0.9460857575124806 0.957393813278795 0.9769051086136088 0.9288499696771604 1.3342526980100418 0.45429458048285 0.7908541353636387 1.3585310055793582 1.2735401609504275 3.501294170570206 3.4228091954630906 3.8789861910052443 3.9385846052580917 -5.8463257790801935
0.7987533109028844 0.01989298392804609 0.0015945161084212607 0.004529656134156962 0.07613359612211786 0.18984064134204054 0.07876808770588255 0.1052114275813836 0.01897912532410791 0.026036481427030616 0.03524685822510906 0.750385901209741 0.7933425554299194 0.9324974786393501 0.9463580625569532 0.9664073770268108 0.911257118560692 1.3197742659723057 0.4509333225858278 0.7846705434232736 1.346946793198991 1.2557593795065154 3.406557070203845 3.2518064041019437 3.7673899654391727 3.8039870761787395 -5.979187305180783
0.5111174962824668 0.021724343693726805 0.005102926329747451 0.009786459187979926 0.0668171527877832 0.19999249626763663 0.13099403155873413 0.1582331686402351 0.013127360092389446 0.018245889493886426 0.024782040154429273 1.0684650562288878 1.2046434252552747 1.363071756206128 1.3403184985980605 1.3168722779768103 1.1862431911498081 1.6294390321703636 0.5146118528401451 0.8426470614812539 1.3385571432219914 1.2007490425248484 3.247145882727754 3.1009055056732864 3.5675335538020545 3.6056990482858544 -5.701104426674421
0.5693711265933988 0.02152595518535185 0.0045932850242226585 0.00811760945757779 0.054446329599292194 0.183645815158388 0.11200703597819248 0.12775009112647887 0.014414483026202692 0.019847875779072308 0.027175561802291425 0.980770484875697 1.0830448947355729 1.2330649736228267 1.2172775300723742 1.2129834004136013 1.0913275761832915 1.512022886085608 0.4826269343224321 0.7906445758107097 1.2540845721920848 1.1109796683698139 2.383528921718269 2.28029670074578 2.5691232940852244 2.5433222757314757 -5.885317585291094
0.8597014619063815 0.01961109524033504 0.001762139146250415 0.0037610912647390044 0.06921058887253406 0.18175555329097884 0.07580008646737642 0.09004015698362774 0.02006206032829104 0.02655868841165283 0.03679442436144397 0.7238928994584884 0.7390303907640385 0.877324953534644 0.8953717199587068 0.9165607332718199 0.8729061394568198 1.2752410385840682 0.4379610989837626 0.7635159077598694 1.3037672166933136 1.2022927013726594 2.928296334505864 2.7712536682015316 3.1359729312435882 3.1396151394594294 -6.0325909141287
0.7922129249776597 0.02010595401952427 0.0022015995355182624 0.005852445110671575 0.05933719603414247 0.1768312958971075 0.0771868468518928 0.10671697455568634 0.018856367739228393 0.025775646964437116 0.03480691581158544 0.7507101287016121 0.7973639783882898 0.935068182583543 0.9471500914117087 0.9611923673046503 0.903223890305736 1.299930372737575 0.43853031205185594 0.7528014296839209 1.2559990777857715 1.1388978653287662 2.438648819680748 2.3162425862968807 2.6294636723160085 2.6196652562916207 -6.052890490861283
1.0677626063515466 0.016397556709661774 3.61186434877264e-05 0.00241298452602232 0.08207784627058162 0.16888769714947668 0.054275942115410605 0.08425523208152591 0.024263250136751582 0.029520740653192136 0.04235427383394361 0.6270455958466573 0.6116781356724654 0.7416206707956491 0.7737262024397215 0.8095539910350161 0.7986222044459718 1.19973916730141 0.43233261841172016 0.7774311848068399 1.3692427610761284 1.2866340647304397 3.5032118289079524 3.3158003497819157 3.781752139931542 3.82284278389053 -6.012975599094787
0.6966737364913459 0.0217029052932716 0.002840031013941365 0.006213798112872611 0.06906743364401524 0.19711007765896343 0.09502333244503221 0.12021820841215007 0.016812445339085894 0.023130127308522437 0.031998459131402 0.8333199161775849 0.892138582815273 1.04161215087549 1.04763557783232 1.0575242124267554 0.9784535144702834 1.3884854914421472 0.465090683353777 0.788715492816722 1.321408015181012 1.2168024337441357 3.1347431128792898 3.060826612385666 3.4724975367039046 3.5003170080311152 -5.949935116310945
0.9308269886583664 0.017957139525492848 0.003888226337412675 0.00996332978749944 0.04690906492038208 0.1557665923400869 0.09936488578534831 0.1993880997819346 0.021680877216043545 0.02755481726029943 0.04072109664410804 0.6589475168758067 0.6948178621847096 0.8202462046919339 0.84323711662766 0.8624146876132426 0.8294711989981408 1.2135257365991237 0.42188290921581034 0.7263605408522772 1.2149195508986497 1.0891615321389116 2.042928870352681 1.9261947103946357 2.1459840935960206 2.121114984285507 -5.454171406623482
0.5384926493423412 0.021939124402285324 0.0047376509038885625 0.009101884311835309 0.06739074202092275 0.19995986580649766 0.12560024486950283 0.15137193413636563 0.0136419971644551 0.01904380265517287 0.026279792149441178 1.0068388464129303 1.1408736828905928 1.3001949462983133 1.2837430113182957 1.2670587961157918 1.1447844907281581 1.5827088558404603 0.5055030496860395 0.8316770508762761 1.3364117660302857 1.2046443962751787 3.220751285466828 3.137652790898629 3.555936482050841 3.619365431710565 -5.753882876133059
0.7955561712377243 0.01899743267305388 0.00162305060974617 0.004598847132019457 0.06217776047283407 0.16939359120016928 0.06464026879539155 0.09190415866088356 0.01896187411696961 0.025812298243047743 0.034945961591083735 0.7539150448824856 0.7981905165585407 0.931627084051925 0.9439405403294042 0.9581256265872208 0.9011344468346911 1.296458538427555 0.438185169555024 0.7523183639102904 1.25589353740329 1.1386550820732406 2.4372876161139923 2.316941510023489 2.6208516515502596 2.607596162515651 -6.091303748962614
0.6947642824416653 0.021186682531450493 0.0026808072427899963 0.006223300257793964 0.07397520687331248 0.197363105230172 0.09725359111852311 0.12503545241825142 0.01699106219322967 0.02363457740387437 0.032065134819591175 0.8157060265098224 0.9018077779890378 1.0468107674644438 1.0543746284500166 1.0594004884858987 0.9848169021402062 1.3988571495276163 0.4665492445205109 0.7987045715951584 1.34806387675166 1.2491654857347314 3.518795483862039 3.3626663668953327 3.872419528794674 3.892273140367975 -5.886344217121326
0.28537736402970815 0.0263266673467001 0.008224160089105348 0.013470408690040792 0.033764816629180745 0.1997170969410181 0.1464263825472231 0.1639463791806416 0.007407789907120511 0.010632455322992883 0.014524608149861345 1.83023745718797 2.0551948361081402 2.29387029055385 2.1890301670464396 2.1058260576001926 1.7804993134820224 2.325708138098765 0.6653043249867485 0.9970790964517602 1.3604728421938024 1.0814509155994827 1.7285000528011314 1.6267139207649415 1.8218317727724402 1.8001709380643427 -5.605034762983456
1.111015288283376 0.01482907389601326 0.004458639607136284 0.0019576324695860887 0.07928535257852189 0.15839111149489435 0.18876598780689635 0.0792251673734234 0.02532958680624016 0.03325346196158527 0.043855126265904994 0.5895518377736764 0.5896740568364999 0.7200331126574693 0.7569500554841749 0.7930030231399781 0.7899441631414259 1.1882211932778275 0.43071356750983275 0.7761063678125528 1.3704549250413494 1.2870850485338845 3.484909504180481 3.302012107402374 3.755514054363521 3.7952186623491313 -5.41407105874698
1.2483143628610962 0.012766281661469332 0.00527160168539092 0.007348579438857365 0.05063676256815846 0.12041068972017781 0.1992444687151776 0.15616406581035158 0.028219048028938307 0.036700717726042616 0.04941681795311812 0.527573117788535 0.5242214716302998 0.6537097891207606 0.6945888199948428 0.7396480909006378 0.7383511841585636 1.1219614042144026 0.408268936072724 0.7193448998870545 1.2195946855128021 1.0913166028114056 1.9705693215189042 1.855906004817185 2.047687570394594 2.029420543792796 -5.039406698989302
0.903066053889368 0.016386754979357387 0.0013217463172823084 0.0037295355497866177 0.0673274618499743 0.1551981585328337 0.06375608917374649 0.08532796738993587 0.021836793785565217 0.027292037883496212 0.037997947572506394 0.691016938433892 0.7154247393800226 0.8416428419238048 0.8627008828688422 0.88467777467903 0.848573746775986 1.240962811323588 0.4297350139161993 0.7504947789750993 1.2739877769966819 1.163571312989945 2.565026379426661 2.439201235717961 2.7414800134743613 2.734392123006015 -6.058003534620251
0.9666899730309992 0.017444834152813 0.0005797853510131618 0.002098372881277066 0.07551058452420303 0.16822045541419392 0.0580513156125247 0.0728054834219132 0.022276258228226063 0.028458218495873006 0.039945550021913113 0.6632869219793514 0.6709046046172208 0.7996996844849356 0.8255621455972469 0.8540418374667974 0.8285525739102911 1.2261991166781772 0.4327262630693823 0.7650899536270155 1.3236812598475685 1.2279986536529475 2.9805167022783494 2.8976392131074964 3.2775831091001963 3.2931317436608527 -6.091689488519236
1.0923988860798939 0.016174864551200607 1.4137138783440557e-05 0.003154597522903766 0.07275655237551112 0.15774163369427394 0.044532395387896793 0.0848948402018906 0.02451535861276833 0.029333496758645782 0.0428108079597726 0.6194148603372649 0.5969046373067293 0.7285489777521619 0.7609336691492546 0.795056969251757 0.7862231586019879 1.1804659395024892 0.4235400252705064 0.7564797411164128 1.3130048802020833 1.2122234108338368 2.792591766051958 2.6965900491334662 3.038812960336014 3.0378557654704395 -6.076389988244423
0.6576244179481747 0.021603720327663334 0.002861862879951432 0.006075094573862305 0.022988446470726488 0.1518825627244239 0.04995683998478298 0.07308629810272808 0.015828562443037493 0.021827108296268927 0.030118327031809184 0.8907352857355604 0.9404595634074787 1.0803622480410908 1.0771383470122429 1.0697822258448544 0.9714991335686783 1.3489389701974357 0.43016290198721235 0.7001917724076293 1.0709946491895388 0.9002242176374976 1.1199225146306087 1.0270526834500031 1.1237531904126212 1.0762524432051328 -6.2117007892711475
0.5017134208319003 0.022172269529902672 0.005730921395433873 0.010264369023328505 0.04552229966894203 0.1843770601121678 0.12503089007680435 0.1442395279641228 0.013519393074009385 0.018022573968385303 0.02453264148393815 1.0792998208361992 1.2030053788517368 1.3740495255644565 1.3388123617536494 1.3352250140320587 1.1817884012092228 1.6132378671145156 0.5024148525999578 0.8075063834028727 1.2349455307843282 1.0688685992399367 2.1072602277732724 1.9588491604957106 2.234057575464297 2.2311923622838643 -5.827392511503938
0.9875875946509055 0.013654541086122851 0.006180084324297276 0.007550594718391753 0.07586109893382492 0.15119592356276532 0.1874511023235178 0.17982946006740333 0.02582679706512873 0.029827576721478594 0.04208851995538948 0.6081313291988719 0.6778159570653148 0.7888424414899449 0.8037638505604264 0.8571588668903054 0.8286212399143593 1.232517385632626 0.43851571744733586 0.7823510438433835 1.374667225291507 1.2971028881279967 3.578581867872472 3.0836349830212773 3.99503528814912 3.996740392720538 -4.746083728786772
0.7799818111796256 0.020523890121907827 0.0021731915266392705 0.0046863133735472505 0.06402568107570843 0.1828291282794742 0.0777499148850542 0.09625886425046863 0.018470684780025875 0.02519914527269845 0.03456505725558124 0.769771577013739 0.8121232097120678 0.9504579044720046 0.9564810152841883 0.973605353777252 0.9134085660680552 1.3128809162084236 0.4424472608153206 0.7607209598109005 1.2790625803523545 1.165599150403156 2.6511994549743423 2.5622657412994108 2.8781558144744928 2.8731429430409707 -6.054579180338129
0.9960925624971402 0.01504325448734615 0.00419121164651609 0.00810002681840827 0.03289466409393196 0.11925814198356836 0.08602596058344988 0.10633229700566425 0.02381816582611592 0.028188855706592596 0.040303625051791574 0.6638524865867923 0.670088959311301 0.7677771291957068 0.7949214574807948 0.8222451931844368 0.7951198571988195 1.1611154750894468 0.4032969986628914 0.6851388623010947 1.1174939913359325 0.9622457887207969 1.3482719449840956 1.2449017993470677 1.3634600915730557 1.3199631940791199 -6.007275352176134
0.61809819092651 0.022826332450566266 0.0038428968653022597 0.007336727872821149 0.059872854852799764 0.19934906723099882 0.10599073584499309 0.1256856720822081 0.015302528836706525 0.02128915913333607 0.029308264281459873 0.9041817322680127 0.9923865808076736 1.1507227718144537 1.1468813792620292 1.144735132170122 1.0425525016927344 1.4622006150601676 0.4735668607303157 0.789535039068527 1.281830449935339 1.1563992980241158 2.7502255863987948 2.5930417994711212 2.956448281308057 2.9791721274089453 -5.913250042957353
1.0220022205505332 0.014755778161921215 5.9918814397263e-06 0.00239732633672678 0.08407366645674938 0.1576605220799332 0.05324081359442092 0.08310392429390329 0.02409098374426265 0.029321116443103905 0.04092631784097952 0.6467135490607846 0.6290672698336616 0.7665202177852395 0.7968407540121439 0.8335469763920782 0.8136098043857585 1.214341244126682 0.4344225885755558 0.7774789938163387 1.3673170364493148 1.2838243360155241 3.4184386122633694 3.321076220876557 3.793756534795319 3.833362176389108 -6.024158464158129
0.9034463746580604 0.018652392610782716 0.0006052351634266559 0.0032168250461560473 0.07931282796816692 0.18219283897521357 0.06500442188766677 0.09165334871094637 0.021080389719210134 0.028831210762582382 0.038411576125002705 0.6809778668245173 0.7182195022256483 0.8421448064428058 0.8643461367819884 0.8909498953136614 0.8558169047364602 1.2615634979114372 0.44072474948067053 0.7789403381827537 1.3536281480086714 1.2684500080645005 3.4291104848654674 3.3151502380850904 3.8065859457278695 3.83351900479134 -6.042440774112589
0.766291608475475 0.01956450125613463 0.0024361385555378536 0.005031128376539133 0.07111182948300279 0.18279563481184094 0.08883753120839434 0.10649608798612306 0.018619790000012976 0.02503708077753727 0.03424512441935759 0.7729495281781014 0.8247638423330277 0.9628812225150581 0.9746765037375065 0.986963596124949 0.9286288601393495 1.3325947083472698 0.4514834089697342 0.7780795706755398 1.31728711097613 1.2169454936607988 3.0734567528394163 2.983808028195845 3.37457579600559 3.408194434715912 -5.991367668463086
0.8280933501029958 0.019142765405621112 0.002559966091258806 0.0035990272880574306 0.03611941360412489 0.14557340967582175 0.057857397280452645 0.05535270570530952 0.019474303802960283 0.02498421213256399 0.03576850541228394 0.7409631652125279 0.7722985648895435 0.8977298263421257 0.9033341470919435 0.9178387837910346 0.8640930543586456 1.2354828203319597 0.413971216277376 0.6975581840019591 1.112703565375166 0.9607293936395505 1.3622860705146431 1.2561576224644464 1.3923333029122793 1.3451408888330576 -6.243254234577008
0.781098057798539 0.020716120677571757 0.002210426034861525 0.004968957671600305 0.0741789127661572 0.1945826500434268 0.08905662618250014 0.11010884406556677 0.0184968090733479 0.02523700248849278 0.034692467206432126 0.7660010409980391 0.8055674181656514 0.9497012478832118 0.9629092110136678 0.9775506105553537 0.9215344920239846 1.3286937285091607 0.4526479248129161 0.7848924570708701 1.3429946984264052 1.2517306112674627 3.3640697292257404 3.272901496063933 3.744231787761339 3.7851202366279706 -5.9829210874080365
0.6162730666918687 0.022854179869936268 0.00379543289248119 0.007028675231894715 0.046566432241486835 0.18478973564937543 0.09070015835143282 0.10863339241278187 0.015071988246919119 0.020960058443245735 0.029112618327207185 0.9177357058459668 0.9957352945236648 1.1508205406527872 1.1419307187999919 1.1379322936953673 1.0318910235966925 1.4360931432257669 0.4613259933794021 0.7612100079415497 1.2072262679827503 1.0615791962868417 1.99975986383004 1.9019258082407984 2.120991087294588 2.0984318189480047 -6.028536482259738
0.7395753060754255 0.019975642043346755 0.0022634153863642925 0.00557445880692236 0.07407131765197 0.18953829994862437 0.08874683313002545 0.11642064099527462 0.017931491685275525 0.024444225197920055 0.03348533303217021 0.7918732505890556 0.8449679834940594 0.9920125107922534 1.001978851605422 1.0134956503971564 0.9492792923472226 1.3581314838665024 0.45784602356238285 0.7880307256224584 1.3368139616494688 1.2414494795444335 3.39994383148071 3.2447905562295527 3.6928126495245683 3.7285318799208227 -5.91126243915718
0.4115300382296456 0.021462065293700084 0.006542802347314265 0.01170776559936651 0.06971180178145288 0.19987017793465783 0.1542860936984191 0.1766267071571068 0.010692728828688618 0.015156967233854353 0.0205729091391267 1.2856505785999215 1.4548902424854926 1.6523732187220352 1.6058351165193605 1.5778606025778494 1.3794624700489622 1.8598836796684313 0.5704114999185084 0.9107935925654304 1.3923669172459376 1.2252594499441587 3.388443895487897 3.029197132805406 3.824301408261477 3.8892717017615026 -5.548479731337322
0.5751501246501635 0.02263817472273703 0.004770254228928096 0.007968192732131157 0.04391493331768138 0.18230056416890375 0.10671728253121153 0.1171139219899088 0.014163439559167783 0.01982366450389783 0.027372939320563606 0.9744031573219659 1.0765121669074356 1.219766492284986 1.205308336358977 1.1917794350586366 1.0753616467747549 1.4833069491058377 0.4709899915358104 0.7693999399110729 1.2036093548103801 1.049900903730886 1.9443841090312748 1.8310743933434523 2.058839447938004 2.0322776965249725 -5.984432301389696
0.9199160149271642 0.018210912973643086 0.0033902860669661897 0.002651967300008262 0.042174092076801756 0.14566674494311455 0.07878734615083355 0.05032556902002899 0.021222993193586667 0.026189632402705918 0.037871073793719304 0.7074725119738673 0.6938272908873933 0.8274667575353154 0.8461497550122317 0.8677016078230627 0.8267923793991124 1.1985201198301376 0.40922305777527535 0.7018310208196527 1.142558845782573 0.998134319710224 1.5466346916567153 1.4321631900090173 1.5855992964365284 1.5485697754002574 -6.168152950255321
0.9484584056162922 0.0166118732810763 0.005059186145265614 0.0026677356496215485 0.07578172822779307 0.16723075220068848 0.1886907732461688 0.08412560369692089 0.022199424461613177 0.03013685128249899 0.039588001206248405 0.6567993168114162 0.6800688954906836 0.8123755103116987 0.8371101870100641 0.8666243015823749 0.8389045867705145 1.242428868335784 0.4368407984961092 0.7747350139263879 1.3494549205988335 1.261483921683714 3.299052388642986 3.223895931280332 3.6523262275759647 3.696907206326422 -5.490852285387788
0.9806020494660838 0.017575223306774905 0.0004598607643311174 0.002991891433148899 0.0812628503251824 0.17613585911948168 0.06320292110278443 0.0908938371601546 0.022427781992352284 0.028982941656927805 0.04009794933855903 0.6541227269256216 0.6586239685561338 0.798811596958048 0.82295731553129 0.848445565304728 0.833452668736754 1.230510009425366 0.43408187886547894 0.7783832392347378 1.3645810039572674 1.2791295404683778 3.4889878379964157 3.3944919564390057 3.8840781428287996 3.9167967298289312 -6.015111855026263
0.8407895007550836 0.020021898593231426 0.0015929344180829058 0.003897281893721811 0.07674437854499525 0.19203706021022102 0.07992540043329387 0.09880957865262248 0.019773116654246987 0.026809833810512624 0.03651022663903576 0.725198090046112 0.7554754301231981 0.894434472542339 0.9122498669320179 0.9357590550854532 0.8884544642495045 1.29208518991979 0.4468873198511889 0.7818359858365606 1.3518521832814794 1.2648508850572158 3.497928969348983 3.3345580875240084 3.799206574630634 3.8314259037442255 -5.973586930268451
0.7204669372758457 0.021439429962203497 0.0024213122716150886 0.006052212997799591 0.07393099089668723 0.19962660716447037 0.0925745347191303 0.12319117478898983 0.017359886832415964 0.02405554177350711 0.03280789076034552 0.8106973079494993 0.863865207085957 1.0141121893768223 1.0231644250883125 1.0347398099334757 0.9638699194428317 1.3784404343890342 0.46330382085884486 0.7942426989671425 1.3472626468479112 1.2536751283723664 3.461204026405145 3.3702517749144754 3.863724593845846 3.8932793386105407 -5.928917237891235
0.7040462889094669 0.02154043533711545 0.0033385171923398576 0.00604527244483287 0.07030550025573767 0.1983862981180446 0.10759101886153125 0.12022110325438876 0.017006123069070893 0.02347322467624538 0.03227503639751574 0.8214378655404629 0.8899760428395816 1.0341476072692013 1.0395474168083192 1.046887479055923 0.9732860600623489 1.385455964341135 0.4628984966555489 0.7910655544245723 1.3295219900313826 1.2290099217432924 3.337592761046269 3.1434036367879723 3.618419237428359 3.6491874908828548 -5.902249259599999
0.6396475362481059 0.0218173000208482 0.0043476281100221234 0.00808479146513398 0.06652319450040327 0.19932159158780305 0.12252750598739663 0.14235811261093378 0.015987410454560085 0.022204199335354464 0.029908562921456664 0.8624512275551328 0.9784453410460223 1.1155277470168898 1.115210538628974 1.1267718452002635 1.0264818536314193 1.446967278380176 0.4746649865841257 0.8008451092188301 1.3216975015127457 1.2116433292918554 3.2111776528610942 3.0740963519485067 3.5168273590958794 3.52568128761845 -5.8363571327535855
0.8700939151920632 0.01850062453234597 0.0015245680807284276 0.00332202347472537 0.06724325972062983 0.16952826634466225 0.06722320549269897 0.08111671250062112 0.02039067634695957 0.02664951619261727 0.037312659920183 0.7068006520445688 0.7340260931004059 0.8680663604476302 0.8882317822499167 0.9069765478987072 0.865148195620761 1.2586881938038614 0.4352117244155005 0.7556559258153382 1.2819154037364378 1.1739332281820418 2.630737703157401 2.537582454834499 2.860270826253392 2.857177420955596 -6.094241422014409
1.0668076782475526 0.01435392435530784 5.8870516580417084e-05 0.009224156446889556 0.06381546005998173 0.1412961268137724 0.04032643028611455 0.19346487511943894 0.024713268999001288 0.029095982047356656 0.044737574599539524 0.5989902843403951 0.6096763698505312 0.7402260493650973 0.7708656639159613 0.8038503065375912 0.7902194638507883 1.179006410449132 0.420690720735231 0.7461285964045963 1.2810373026473805 1.1708343638882588 2.504431542731427 2.410794604707006 2.7008697254907994 2.6843803458218782 -5.501494304415531
0.738395842083498 0.021151178114447042 0.0026730257938485753 0.0055027010606595525 0.0674483606231057 0.19153402420827156 0.09072135834078887 0.1101984801276477 0.017667411573107687 0.024162615040266393 0.03332022641289306 0.799684916290956 0.8453041542984278 0.9931166369137575 1.0016177108139737 1.0123835285092464 0.944689848533452 1.3489628649066727 0.453757206342925 0.7770115314637771 1.3059893937184668 1.2009821165155103 2.9696651194391452 2.8682354038025983 3.2561445902220947 3.2737611799588433 -5.993463196052003
1.078491533428892 0.015162630005503025 2.446880885178592e-05 0.00041984213079076133 0.08460753273207003 0.15998844132909137 0.05402160455796569 0.058224988186725606 0.024815568780117644 0.029768951540019562 0.0432479048079266 0.6126176592453081 0.6022054839757822 0.7362259225663798 0.7653702896452035 0.8115723991040307 0.7963908673875318 1.195921144883605 0.4321216259661802 0.7741385291795956 1.366178459610004 1.2847592206335978 3.4377722941488242 3.254168108552047 3.7183808689821154 3.754147184000129 -6.043202895904967
0.6606095380662478 0.021939157740285334 0.0035171906520784398 0.006600704166690072 0.03824137937827379 0.1710586824926511 0.07902954246342352 0.09563158671627119 0.01598191840326793 0.022141754407137088 0.03043151576271768 0.8677077356333203 0.9408811099151099 1.0818657779263692 1.0777108580490435 1.075925818572086 0.9814827504859162 1.3717578895035165 0.4432572552992087 0.7326012357516166 1.1541435029102667 1.0012922929089134 1.6394864802727678 1.5160865878140937 1.6918903139796904 1.6546702126756574 -6.117312910531576
0.7920966037360812 0.020160024597886003 0.003062796789996723 0.0060092357545415 0.06321862899850951 0.18176015774617013 0.0977491423259887 0.11357265634387324 0.019081590774698433 0.025682012697480234 0.034966437324613645 0.7240398711393019 0.7984376739678853 0.9362765744693153 0.9487233823962613 0.9637684897275653 0.9081040712054147 1.3069850782242112 0.44293977015494634 0.7633681581274525 1.2850040681789314 1.177824655518952 2.7217242282406287 2.610136568242128 2.9620282153844038 2.9683516827775485 -5.9773631409542265
1.092501856852462 0.011880283951131316 0.0011358154418451142 0.0028288279473517985 0.18982115994140306 0.1771103013370926 0.19606958821894097 0.19668361088741787 0.025380678383930717 0.03446201510123549 0.04526996349985927 0.5740217415459931 0.6204992108076991 0.7536478117851593 0.7938198708455177 0.8564680171415927 0.8742427910319815 1.3676930621717633 0.5417244578370457 1.0704746602769952 2.3054885528061058 2.667971051881846 3.999999989092539 3.999999779763214 3.999999556404078 3.999999994271471 -1.3632873459320307
0.6556066187025229 0.021126814483023545 0.003234308720955593 0.006828213100540205 0.05648679649415188 0.181174030542299 0.08902126981114529 0.11468562002582045 0.016035932724540455 0.02196144054866482 0.03049631660215903 0.8754905121627344 0.9415734120988183 1.0945979893118585 1.0927547101212363 1.093056413491785 1.0013987349855065 1.4123499561315842 0.45929882974815045 0.7692806021575044 1.247515025264708 1.1180380364475357 2.3730623356115923 2.279721443622075 2.5666349091460012 2.554287394264688 -5.995384552592986
0.6392798186735495 0.022290246524454455 0.003434105184175011 0.007187636163751003 0.037582724983121873 0.17258978598134542 0.0760936311360239 0.10194232045224107 0.015528030099389216 0.021599420570076768 0.029606353739057657 0.8950521900871926 0.9680869338567376 1.1104614744187582 1.1092674154559845 1.102326562164315 1.0021700451417757 1.394421282555049 0.447554286817635 0.7361941111451112 1.155465165158488 1.0008854618843128 1.6341525296854897 1.5282625256928242 1.682704555051127 1.6495906279944033 -6.0882122420406795
0.7056329464590037 0.021388005640883567 0.0030509707338626842 0.005973150113928527 0.07191999904552321 0.19792240840895095 0.1021492109014406 0.12013690578743874 0.016990815494686333 0.023430473584300046 0.032249386595304984 0.8293702248103032 0.8908339123793714 1.032526287511202 1.0372298408920897 1.048782977656716 0.9734969550722657 1.3890372283009975 0.46391910637138395 0.7928724347532717 1.3371807578898598 1.2393797599128358 3.3357766474785078 3.217368779421436 3.7068492639569137 3.755604355406803 -5.939585342039563
0.7592988670710973 0.019841897084726723 0.002518867271403663 0.005045518036697792 0.060578973770306764 0.17510154560476082 0.08050478266421907 0.09691037786744569 0.018196824000671595 0.024820539693463674 0.03389482419253749 0.7790026992216371 0.8312322735017728 0.9680200676927285 0.9771550741813431 0.9880107514309123 0.9236383105445976 1.320990268796714 0.4429001028578556 0.7564346426378996 1.256295334248719 1.137629508379858 2.454002836393379 2.336968050460193 2.6420501992445757 2.630555863840059 -6.067425555421888
0.606113553917639 0.022143895010931888 0.005715099099786915 0.007965331113771726 0.056539775901282445 0.19314246092661802 0.13672343343752694 0.1307941587930979 0.015024202170435633 0.020839076588180832 0.028604878619964573 0.92272889911025 1.0157376639297688 1.1735295712964846 1.1650678461837924 1.1601525272523174 1.0563290272744699 1.4706261103569722 0.4754035198034795 0.7896749695096965 1.2714843296301503 1.141118247231408 2.6296866472856575 2.4956330467762946 2.8444986808491506 2.859002530199157 -5.869005160574637
0.4988346450388056 0.023154663023215283 0.005624282310995652 0.009817785663689694 0.041876906075314954 0.18552758910808143 0.1198090868466626 0.13609981080560174 0.012697493834949537 0.017692821133775082 0.024206961108236506 1.0912005409155305 1.2244740625067092 1.381373175010887 1.354028613814177 1.3300106495108266 1.1798151058732038 1.6051278109911868 0.4978956600462028 0.7986901877241023 1.2180590196269274 1.048217448492051 1.9593588267885467 1.8333114216866817 2.068130029593837 2.041392743013859 -5.881700421400982
0.8200109490789852 0.020020901533341975 0.0018574250687307216 0.004373433479322056 0.0769093424421375 0.1928382912776871 0.08665164682031824 0.10527263898716523 0.019616438195275077 0.026836669947596946 0.03593396570155714 0.7317300270185441 0.7757584587334335 0.9116191374120424 0.9280014127262146 0.9533987296352759 0.8997497794378185 1.3056195329518623 0.44942008895427293 0.7849713057934917 1.3550081883641851 1.2686504725532506 3.5726144953755123 3.3709023941529463 3.8735139378484837 3.9348489399069058 -5.9588277045849
