0.44928874902659865 0.009758659299368679 0.005205803318277269 0.010932605838889208 0.10515747034385653 0.19988916764509426 0.199167795423052 0.19995206728666717 0.006193547283733729 0.012777088724018486 0.03243014611409531 0.7376271240129031 3.008982830897505 1.512361465182221 0.8061357836361874 0.4240633816374 0.5327103940494369 0.6490530248763632 0.6010145783840116 0.9005060644200493 0.7097671056388425 0.9624604951013562 2.654411414421715 2.637660099138966 3.6789443481933595 3.7024978203315904 -4.474073256354982
1.1179074504765973 0.007881453781413906 0.0047809266321659945 0.0065097364138414285 0.10622576510877507 0.19999999877457694 0.19979289456981125 0.1551091223407776 0.007232738366645432 0.013699053295353784 0.030740964354608557 0.7141981797590315 1.3140312355624602 0.7270691700890262 0.41710010001987124 0.22658319999571871 0.32250630948372944 0.4406520479393354 0.4791708478446107 0.8096884418374956 0.7310466529901045 1.0619285506394907 2.9389103795905487 2.8824956681218463 3.9512532743456874 3.9479727919874246 -5.019211613820323
1.0835884901329444 0.009297869966780314 0.007174887480523779 0.011009361908959013 0.14176968567913495 0.19998469224346554 0.17772548413715153 0.19045349201260883 0.007057708753760277 0.010883945989108728 0.022764938533803583 0.8819358208973864 1.3597281567505761 0.7706347052927099 0.4282224245613227 0.23259770787502612 0.3403568007550956 0.4692268566302768 0.5561884766081066 0.9223921495694721 0.893313604984894 1.413309044477235 2.700436494533464 3.083894669548062 3.8084383609200905 3.3642930672538904 -3.6849308459017363
1.080453868222219 0.009433482051788983 0.006995022889149876 0.011451132943977628 0.13239103861822088 0.19950321964405562 0.18753131831256983 0.19097965104445816 0.006745854736312962 0.010754475103552543 0.021268954520044348 0.8993728300234644 1.3754075742424272 0.7661648455576783 0.4298540614955143 0.23058439420928178 0.3340649066345923 0.4690053248369246 0.525867449213543 0.9110868595345124 0.8944671144195676 1.0525173836834647 2.55493251272333 3.2711899251047587 3.2685663025461476 3.672581938348405 -3.773265148444531
0.22950013479104037 0.010578122466158194 0.006433123881092694 0.010705162629054433 0.08787847865714424 0.1999999808944601 0.19998144862616732 0.16407170092772833 0.007172965783761308 0.011924235496572264 0.025623615393398382 0.8056198122872336 0.907989586806544 0.7812261171913409 1.460256361227894 0.717488691136794 0.8688211271690505 1.0253427427059414 0.8517956261652888 1.1428809237095614 0.7776889123836207 0.918858528349934 1.3927978388648905 1.334391996698044 1.8053436824549152 1.7726116381843908 -5.234090392655727
1.4975071672744755 0.007512784742881635 0.004800965721188437 0.00912085934314461 0.0952354692470376 0.1999987402491436 0.1930014343906357 0.17631048363443927 0.009357790052023009 0.015863384299910206 0.030647866974695723 0.6218396942711046 1.0262056745998849 0.5998997733775516 0.3476912939026686 0.19660343476530098 0.29219284812053214 0.4136401726951288 0.46898571982709386 0.8003500645689418 0.7199793421930352 1.0270851323494723 2.480254958092433 2.436738377181258 3.237749508399996 3.2172477405846114 -5.264404438123852
0.36252215240863156 0.008310756211698295 0.0067941393937714775 0.014216005797118167 0.07885777780468992 0.1999999760931546 0.19991851711069047 0.19785397716311978 0.003051897546536838 0.005581211289229422 0.01231789659251326 1.7114797433749684 3.6756324760809513 1.832969737346623 0.969917972619638 0.4844885923599992 0.6017117931218254 0.724395041363393 0.6399198342565279 0.9177311235932146 0.6643700112877643 0.8385968612183389 1.5335241267430895 1.471961639840209 1.9813145598144142 1.9522251467704648 -4.3778307005876025
0.8829868267020083 0.009621531615456444 0.007931289384983366 0.00855229443894511 0.021142906169841588 0.1999999999999525 0.19542771090955693 0.09633817033674977 0.007298017001382927 0.010512394878715723 0.024678225251807594 0.8952140160435225 1.5796495111637519 0.8285645137275025 0.4664091436838211 0.2443038267850854 0.32916524929749497 0.4247536485221641 0.4161409654647817 0.6358494645495518 0.48825973707386944 0.6042617841728914 0.478255375534986 0.4338002602822166 0.5496213180193817 0.5070368175797029 -5.61310750565642
0.780915317463413 0.00879331217780657 0.0055423723368808854 0.009813764856219868 0.09017919193857034 0.19999999999980367 0.19999999999999998 0.17565404537674115 0.005591159293951479 0.0107373679804363 0.023287497979973714 0.973618025325989 1.7998593047431295 0.9433076409176976 0.5250855007265777 0.275550043178645 0.37907777604500964 0.4877430599344722 0.49092038322223364 0.785581754038315 0.6686070074688462 0.9356494344210764 2.15682221882356 2.110027669275151 2.859538708743824 2.7952916750408767 -4.871485576042124
0.882947781607585 0.008316041391920577 0.005391705770571573 0.011083226326333646 0.0917767714296628 0.1999966885487534 0.19976976225387955 0.19231887589555943 0.006488676017885526 0.01427034474774899 0.027239992623921225 0.7438239647094753 1.6047305648866406 0.8790402623958253 0.4846821201686456 0.2631379190245316 0.3533447192511119 0.46594977843076335 0.4825371980659302 0.7988224511667515 0.6863113156928721 0.9676606506869178 2.3319837893436746 2.31653400483321 3.039918787545138 3.032668393896975 -4.9304327887614665
0.8608673113023422 0.007531492951244066 0.003692331294625389 0.004183999356479711 0.14085852131758506 0.19999993583964137 0.15053394275296236 0.11152419629912583 0.005733164442739155 0.01101850959354458 0.026348355777719195 0.8149728905522743 1.6963243304091362 0.9028126761519903 0.5078099539733928 0.25281869131283496 0.3774478191326498 0.4980044900101124 0.537387055400182 0.8985493005896946 0.8294237568324633 1.2460420092832079 3.221940038747849 3.463401388855723 3.999795814361171 3.999996500931464 -4.2375271001171715
0.6270337282160482 0.008832422603641093 0.0055363937803047545 0.011660169963835391 0.09599802680733453 0.19999999885522904 0.19995633570949795 0.19998174880399994 0.004463557425783245 0.008643183892912357 0.019281477182389282 1.1938850627415865 2.203123282257664 1.1690865358696039 0.6238700522619206 0.3250395722851987 0.4247929515753317 0.5385375979553704 0.5300010522178262 0.8201492123233871 0.6844465293644978 0.949192485832771 2.43831548200894 2.4067130111973896 3.3018687815157017 3.2410863798578338 -4.603638323165035
3.5892439753569985 0.006591183351834058 0.0016855506095948764 5.82112325073055e-06 0.11299211089067167 0.199999994351344 0.1320282015369194 0.08054206070716328 0.015872809602319335 0.023831794816578204 0.04522611316210848 0.452452615766017 0.5417213361950901 0.3711819558404431 0.2568474697228446 0.15645357511778368 0.2691924413522352 0.4131636961669926 0.4883253064966109 0.8508469064043 0.7763659972477 1.111242995428502 2.9047446778817196 2.8171783294491473 3.8898201390115124 3.859903398134857 -5.849605933773777
0.7108958212925895 0.01962219263273134 0.013648794461800723 0.022739372696284052 0.144845744565541 0.19668776100583374 0.17629692463424626 0.15017645617422284 0.0036787008193179473 0.006590578006582049 0.01359910798972956 1.5138181996421398 2.0188228697764377 1.0465543878613008 0.5903149501959373 0.30770413539617414 0.42245883700828246 0.5627470798267723 0.5909821362904623 0.6850345663521732 0.47743071150577177 0.46941785039918643 1.8273141849993515 1.9674327185635005 2.545254635078819 2.665297895771105 -4.115812233351357
9.608685802673282 0.0051883791329877665 0.002014796257560727 0.0037709925905911974 0.10905783021650026 0.1979313305045732 0.19105521912606221 0.18023655524551255 0.023666821351001205 0.0315265576579577 0.06759064993753862 0.3029994338097085 0.3578139108248285 0.32228021262577644 0.2445906315091755 0.16028832746116428 0.28059764470274223 0.42163334367417776 0.49648238083969504 0.8543164268747334 0.777095655082573 1.1349368178147414 2.837239099435724 2.7983269065142986 3.8527479157203577 3.756770144021582 -5.262746243023006
0.589213076442944 0.008754524036761925 0.005410400075412969 0.010951679102027979 0.10546161107002451 0.19999737568044523 0.19999995867313428 0.1960725376925702 0.004257949521756337 0.00845959685969422 0.019140262345901698 1.2035545231751719 2.33014593788893 1.2277607812496554 0.6576909652338112 0.34207288072944797 0.44276637088962756 0.5608385409297151 0.5448388015249159 0.8649646955218965 0.709710957919141 0.9931126956165427 2.9369820532218065 2.894625543057834 3.965546952594935 3.9799934815730773 -4.438684310243425
0.4057250837678418 0.00884859865419645 0.007517560522458677 0.015011873783177603 0.05276110269790372 0.1999866787890741 0.19900668527884874 0.19035504092881575 0.003670941614790395 0.0065489858271232165 0.01293298294546884 1.515927020985662 3.313325613688201 1.6855460326866394 0.87002861606603 0.45055456823819257 0.5508379629080641 0.6583656472995257 0.5765238904460599 0.8323365954476104 0.5948818038321245 0.735947880141006 0.983135464869011 0.9126469434330561 1.1954836757388798 1.137213129585148 -4.669256467162417
3.888838979669209 0.015138050026493224 0.049704921576047154 0.15378566121059398 0.10833563710281394 0.19964146737583463 0.1188753603833842 0.18074865624433648 1.8294140868983279e-07 0.08250529242522579 0.02944020521366195 1.4663731952817198 0.3483175168699404 0.7906314381026197 1.7141359604765607 0.8830653850102339 1.868066135385025 2.5888869621375425 1.9154719712066999 2.435908592140665 0.4672205513452497 0.39855346641424544 1.8872596673108375 1.1532910800838194 3.650108303638679 1.3067668269469639 1.2489155830267191
1.3631594201862622 0.007680295298815335 0.004447206912773685 0.005294381830288121 0.10550872298603477 0.19999879707155338 0.1922933316119333 0.14141624773498523 0.008518030174586126 0.015370904383918584 0.036168523751428115 0.5822884269245386 1.1094193970458643 0.6300637982736036 0.36444193668798436 0.21097529280858235 0.30717665997894145 0.426333358788642 0.47262876215246113 0.8137903681785069 0.7317182623916301 1.0565134816351167 2.84787355238023 2.7817241294841266 3.817733573402965 3.7947196487046373 -5.196575199986145
3.1775214083445014 0.006509944548543802 0.003054764681886287 0.006117262397792905 0.10689273275699683 0.1999999777835611 0.1662712923617569 0.1922405999096126 0.016005758090282807 0.02290999751652931 0.0458186708163906 0.44908716251371933 0.5753567784057686 0.39745650571653174 0.2632711813146667 0.16712123502634368 0.27803623765910196 0.40540432089496736 0.4922489680523135 0.8499328497525103 0.7698910078463688 1.1184426802572776 2.972689699922369 2.916356767234971 3.9981055216182164 3.9560642028326702 -5.266698179777497
0.7329562952812266 0.009116966928857623 0.006527098846819673 0.009602984628039626 0.06484414466370116 0.19991049215133422 0.19813806090215969 0.1479643629137234 0.007569289763579686 0.010150752319664004 0.022152750723317495 0.9178358630122414 1.8942945191846148 0.9888540182449181 0.5428350672753385 0.28342862039125444 0.37849705044272647 0.4816688341679583 0.4761155956411309 0.7428130984002219 0.5944622544384459 0.7914549210540437 1.2340784719434927 1.1716152569696225 1.5705300153774804 1.4972322417885868 -5.043690364100829
3.4905952683412607 0.0068147794575419965 0.0010444854805757593 3.9297787358023926e-05 0.09908018105667567 0.19999998438074262 0.10233721271000429 0.0658866505396403 0.016078056029275194 0.023865587598512206 0.04525077102516658 0.45120339149309796 0.5488009403495898 0.3748026325203624 0.25474174884482004 0.16165287491522046 0.26854124978577415 0.402615299315939 0.4744297759937994 0.8067291191652193 0.7148767867126826 0.9960649832602105 2.0811366356221725 1.984681303449557 2.652777361126606 2.6233326766092686 -6.067683777729144
1.1217236618000237 0.008023729246403991 0.004805030601632985 0.006681720872237471 0.10571839854062243 0.199999995608135 0.19997427862027473 0.15706928481887364 0.007084869448760454 0.013634584245657121 0.030698674433283304 0.7648076686437669 1.3022631783147123 0.7203400059898362 0.4164523373542095 0.22935075016042522 0.3204945239680786 0.4391701612487751 0.48985722343584925 0.8087586084967217 0.7301719966037288 1.0492585453799834 2.919791308161037 2.8629962436427205 3.9619752536459614 3.9285240238141816 -5.023091415318656
0.38928214248929 0.008012476726897347 0.0067210179105127756 0.01338977205392513 0.085582467982235 0.19999999881706698 0.19912164898697557 0.19292687046595858 0.002903423122777222 0.005425693046649584 0.012742502421581235 1.7984721700662574 3.4480562573162006 1.8102145363529227 0.9307051296438423 0.47700869190893713 0.5872110320164255 0.6884884562604395 0.6194918015940132 0.9207249584732644 0.6662396051817112 0.8600820038728287 1.7566461487408 1.7271891770160654 2.278828574707485 2.2382866171831877 -4.3292248881659114
1.3034966469383116 0.008203888475374274 0.004304801573737428 0.004195759508382627 0.06219930083444329 0.19999999999998427 0.14668543915425938 0.08327255890240842 0.008818100586197284 0.015047680315297055 0.034479243365177596 0.6607759119957153 1.1407339668318615 0.6270480129709306 0.36827444231219586 0.20487297173278676 0.29389632227193313 0.39970231220337715 0.42896701303742474 0.7025032125641693 0.5842004709908679 0.7736909013186346 1.0150523160160618 0.9613170961295796 1.249499432167311 1.1819575219110499 -5.688630580411715
0.5112562564135492 0.009653360662199502 0.0055664653488475095 0.011932752971558928 0.10084222172603984 0.1999999228372013 0.19999999857682949 0.19999999469054824 0.0038401057345908516 0.007505351862072251 0.01629362137180832 1.3924628498718719 2.662455469384378 1.3677254122149085 0.733157828645408 0.37357663791801443 0.48318253719824844 0.601598838648265 0.5682447782307928 0.8645946163750554 0.6979392733873899 0.9565555995002386 2.615630306020295 2.6127214110322314 3.5738637291141857 3.5709145469633565 -4.369739343402369
0.3881751794439465 0.007732153222267194 0.004775193300381168 0.0061550581601671666 0.06057791917453186 0.19999998948763784 0.14947150406500676 0.09944498482896401 0.01069070485461249 0.017224767785854703 0.03605527712567924 0.5874236521802055 0.6244783386660464 1.6830709188372275 0.9002037551410345 0.45114850233201287 0.5589274553330871 0.6754405316923906 0.5894110660758142 0.8203808610974072 0.5882363025211673 0.7193457407934954 0.8665983867516655 0.812422227327855 1.0737918416292276 1.0111023971336066 -5.5380319342946684
0.45661624336366075 0.00813968843461907 0.005701454281492616 0.012179386182418579 0.10317560438756401 0.19999996696282188 0.19995247472288935 0.19998102516703453 0.00333543035360101 0.006862040455406689 0.015360119033081569 1.5404364799619494 2.9782101293871786 1.55314672761348 0.8158012125532956 0.39748388429939047 0.5288935174854729 0.6379394509297945 0.5988178681663792 0.9079309781163108 0.7004479106260239 0.9450436854397039 2.55489065181103 2.5725098194302434 3.514534962214048 3.559727808951615 -4.250561012590575
5.253399929973744 0.0057818337789085975 1.0519514480838566e-05 0.00016387244866211255 0.11601344624448388 0.1999999607715274 0.09415466145792578 0.11893667131027313 0.019976402728732183 0.02702641658775455 0.05845959264406835 0.3358015835238477 0.4408277476202217 0.33656317005530223 0.24379101266480657 0.15610266636134343 0.2731936552991236 0.41472327470339654 0.49668174262250436 0.8614333979875642 0.7850922270750011 1.136444895061152 2.9847740765120716 2.90761019490162 3.982950657596725 3.9840408828275047 -5.566739221374325
2.88898174897884 0.007433912915809386 0.002484382389912043 6.530889239927644e-05 0.08422600726034488 0.19999999999999998 0.12182026325123095 0.05260315066145174 0.013608658023765754 0.02117721630573019 0.04384307781107299 0.46912083689635564 0.6225428267685058 0.4223902803056345 0.26484902742680916 0.15968894265433123 0.26270682617415325 0.38917511051156406 0.45032909614280997 0.7642249527652117 0.6565887933809107 0.9011364336269663 1.5028854610586346 1.4370924336085078 1.9247827563402382 1.8375375877077804 -6.081441024857322
1.393034548173283 0.011452555208259768 0.009644244025208672 0.013991659410988967 0.15973181746871198 0.19165719325105024 0.19909468557362708 0.15676106303026693 0.007553779620177152 0.011215906808529399 0.025852931435221452 0.7967772507632349 1.0968988944653324 0.6461979730406266 0.38100968283603187 0.21747292518449932 0.3276823961281444 0.4641697417119612 0.5682731479077944 1.0394812684519639 0.8289096227623766 0.8257097432754661 3.1913236422383044 3.403675603307868 3.9834902484382897 3.9946177389943838 -3.7824038213713016
0.9766125678667685 0.00837246477486769 0.0052757707416300655 0.00914144862089213 0.09433132917969841 0.19997614630952076 0.199993332881675 0.17382688548456984 0.006371196136818432 0.011975556242438654 0.025487366218753926 0.829665540678536 1.4597182831883257 0.8124542823926607 0.4561944661266349 0.23875806301799668 0.3428179259230689 0.4488781392346429 0.47343972205735974 0.8009180891234251 0.6936603081581272 0.9767849544917258 2.392645672098372 2.2823878474387063 3.1619860241174447 3.1483081707795826 -4.975414005454613
1.110120824472297 0.007940049196865395 0.004727246366915284 0.006322741877163039 0.10693338337187588 0.19999999990924536 0.19854228678742245 0.1516514146846953 0.007243767483460847 0.013471091466906098 0.031147574234978877 0.7108767171380116 1.328336743183902 0.7219970295712423 0.4210844903065924 0.22914540003283368 0.32770412537112664 0.4444255607084029 0.4916914543294132 0.8105302193378466 0.7327274344953345 1.0529889648211719 2.973882746155773 2.932750809810462 3.981507614034402 3.9914072506683276 -5.0238903665283186
1.1367878972421428 0.0072037426873831824 0.005211871074138576 0.005561187661980894 0.18417360346780348 0.1857335740932412 0.19366721119095429 0.19800973310054065 0.00948880840443524 0.012680341944550717 0.03544752618059083 0.7006523722137941 1.3058409141066858 0.7425600048591758 0.4221433500255311 0.24083849420947842 0.34161408160998996 0.49353177761868944 0.5633951390531599 1.0394938912212 1.0692056187984116 1.7792392152440017 3.9963323051800157 3.997565207141065 3.9999995652045763 3.9999997249743027 -2.7648750902158037
2.0088035614596578 0.007383485523343389 0.0019261464570451594 6.155211663169751e-05 0.1006224157621841 0.1999999907128227 0.12284172078169485 0.06825034133820425 0.011418169033063688 0.019963817008265928 0.04471536818055161 0.46589460457201953 0.8130654349133876 0.4841897464247667 0.30033536002641287 0.17307945896069676 0.27559504733491635 0.4012774331864232 0.4662340363586461 0.7965319160077231 0.7086036763142283 1.0011409832284919 2.1733224786636742 2.09309596669003 2.8033186177427787 2.779864507349302 -5.680568020070118
2.1881166422201157 0.006910631562687405 0.003515181070908657 0.0017314545713064517 0.1045556904589777 0.19681158495157072 0.16772538919681626 0.10018524310299663 0.01385212723714959 0.020381725012288614 0.04879098047754239 0.4665707433326578 0.7610011309119881 0.46459034611929045 0.2943195961649872 0.1757888473237549 0.27739614187056255 0.40618457007615527 0.47336611893680774 0.8100966223604076 0.7396650866438171 1.0527309262302653 2.5684910950932593 2.4912906039339515 3.346528679608954 3.3003984215964794 -5.617718688539742
0.2841985234491331 0.009806659219431121 0.0058889101148892195 0.009424021891170914 0.07535876316788984 0.19999999999999324 0.18559482827027646 0.14611532310558958 0.008451784208308229 0.013854005622563557 0.028955912173939787 0.6974462251616416 0.805537077720493 2.496321791155821 1.20007701153428 0.5966253346708249 0.7234537951567315 0.855318793898592 0.7249914633887159 1.023308265791757 0.6826943294951904 0.8228743072519694 1.1908544824358074 1.1354723086683418 1.518826426677648 1.475335857791884 -5.050005685401694
2.690806804015267 0.006982047741464402 0.003101629218888313 2.7432474124507962e-05 0.10802472568544845 0.19999999999999998 0.160504382915198 0.07695852749057243 0.013192451803853013 0.021945059713280833 0.045378073276130096 0.46310508418846746 0.6504357523156225 0.41421881793403853 0.2748345957352114 0.1622437656743532 0.27590570688871857 0.40842990020852354 0.4789755430477158 0.8291203961097742 0.7471699509783514 1.079876838040069 2.6273571872504635 2.581219227684474 3.5369731610061437 3.4553403111027348 -5.734928188129601
2.747079055402317 0.006856556512919468 0.001934385124672812 4.58046825154183e-05 0.11356118048759448 0.19999999999249202 0.13686284475084712 0.08242834051735466 0.013480416590331815 0.022629103837629064 0.046283441733755426 0.4463702959400162 0.6386477637918397 0.412822238711315 0.27070380153361323 0.16401235304500403 0.27234767948007416 0.4074416976661729 0.48344116100167644 0.8456528710381803 0.768786102583024 1.1161878827036988 2.9025208611227695 2.868332066373756 3.962955040132064 3.894698199156485 -5.687403756040968
0.5524806216252689 0.009697239736855302 0.006769208192337386 0.012087458366524787 0.06058975800069261 0.19997252296402576 0.19277917237615597 0.1698693407705513 0.005448240944321724 0.007833338136395517 0.017637620902449032 1.196844741473694 2.44475734969152 1.2461503559055862 0.6807108915383616 0.3544850259576406 0.44650183450032793 0.5526429463280723 0.5111587886825895 0.7698349193992691 0.5905745655858983 0.7683481556184278 1.1683445566096722 1.0989949764510827 1.4344838869429755 1.3992694792683507 -4.836866596095669
2.3117205354409673 0.006892427709467582 0.004083407681422476 4.871609256242536e-07 0.11285511668015974 0.19992983928288446 0.18941843075129558 0.08338794334637613 0.01236675630726913 0.020296382870333127 0.04714779082926192 0.467186833078382 0.7360563058721449 0.45198573165939665 0.2867619413406464 0.1708451894503019 0.274923397227846 0.40799226097411195 0.48538777407387457 0.8433786835370246 0.7703999528523995 1.1162669283650781 3.025991383284421 3.0103231207986156 3.994299381938668 3.9999999892067066 -5.571028169315091
0.3066457653991621 0.008113500555598707 0.006919508624140062 0.014893713065609058 0.08008714157158524 0.19999721042309948 0.19999765965345054 0.19999997876059356 0.0032756398427166993 0.004648634231271622 0.009832554475548027 1.974480132280475 2.5163106025071826 2.1242868263845165 1.1244709889221478 0.558282139842783 0.6907710470583318 0.8179576297248268 0.7051197278315161 0.990507112913169 0.6933327307092836 0.8535279875379447 1.4749669964389176 1.4331521499685633 1.9168523408046627 1.8766966522864788 -4.386464224502258
1.9757302719725114 0.007545434471194238 0.0038660186537594404 0.005558845871149962 0.1825508782147728 0.19669450167361477 0.17943549323714558 0.13948175464957271 0.01200776076146355 0.015834277113898024 0.03887387136804416 0.5337958237472157 0.8153280807344593 0.5256722330995757 0.3128710506502574 0.18419505384544374 0.308756412007849 0.456638822920623 0.5753656059283603 1.0997848816111304 1.134078426799307 1.4383890292771573 3.892621789492857 3.9762210362694295 3.9998912181249278 3.999454728733446 -3.110933260636744
0.32845742093787494 0.008735776309813493 0.007360377163137373 0.01540288302618557 0.06764017651188567 0.1999999999642225 0.1999976674239318 0.19997804186138898 0.002862051272386261 0.00479138455973655 0.011015987116146304 2.0517326652174943 3.956198444974848 1.9941286793728787 1.071084863964659 0.5436153741416239 0.6345893980000168 0.7758364336640057 0.6793398687522956 0.9310676513250796 0.6548537765255024 0.8075677429726489 1.225664401744874 1.1743262781694346 1.5687600259666217 1.5245190155480044 -4.400835625924189
0.4991655194310222 0.009876922836365681 0.0076238522129948826 0.014142406676961499 0.043597511274286425 0.1999999848497744 0.19996788843661223 0.18061170947473165 0.004211154339110056 0.0071647620990963985 0.01620382621311246 1.2914073301900866 2.696579440356699 1.355963069402535 0.7200469161962888 0.37426411209594085 0.47784026793026985 0.5782640248582349 0.5171610549792833 0.7676230952026963 0.5596957505903176 0.697016964412704 0.8331524981140727 0.7809663406502368 1.038605215510794 0.9679517022870681 -4.904581056345847
0.815993176459807 0.0085326693223257 0.005081973775790583 0.01216290176570919 0.07930394602769292 0.1992133993481998 0.18609958026355414 0.19238204475178314 0.009271632494551409 0.014585865763286887 0.025886331475255202 0.7372930588269729 1.7230645775851632 0.9041159776242016 0.5063063748407113 0.2660515341577109 0.3608691182041941 0.47037656172105674 0.47673141845255185 0.7634963696342841 0.6416454709087375 0.887137455315898 1.7770884048089617 1.6979775762247906 2.281163843194302 2.2452390923475596 -4.997140334544128
0.7514845574782826 0.007944068111769634 0.006736052960575547 0.010336273645917457 0.05807267293716933 0.19999999993421844 0.19619087730114648 0.14957498889350726 0.005714006639749793 0.009790481747584723 0.022136373624603814 0.9918338881617752 1.839584184387343 0.9555858092127102 0.5381885928101343 0.2775196842392031 0.36846438179439694 0.4733342259297652 0.46446748044924574 0.7218358466191183 0.5781006869081639 0.7605227701174909 1.0613773213539366 0.9966692752307185 1.3178932229758928 1.2606882150539174 -5.212286839439833
1.9182292788127921 0.007515830389548762 0.0021756664554961956 1.7496074248383093e-05 0.09952462528883366 0.19999999999999998 0.1273362228690504 0.06613154373642154 0.010801636536674233 0.0193714780766672 0.044269071398388225 0.5087070973679692 0.8401782303627373 0.49678555251014817 0.3085431717580648 0.17549921359340775 0.27595533091132174 0.4025842290799833 0.46888063910759964 0.7917932030005642 0.7042564024791905 0.9865021189281731 2.1214668875995617 2.0423432038818707 2.7494510724119032 2.709151074478042 -5.666331388405396
3.2217913762507804 0.006710080859890381 0.002591716167103695 3.280235036876562e-05 0.10743147614748236 0.19999999935997703 0.14955986983234082 0.07627258769783875 0.015202036976380182 0.022673901391707576 0.04502537774481167 0.4346597228713294 0.5811082695972187 0.38724229254479564 0.2595858111578786 0.16198885410556446 0.270735529985457 0.4061292377900443 0.48071096577342565 0.8277966872999681 0.7513648881091133 1.0734757024049877 2.6109379380321407 2.5042748211435324 3.436579653201767 3.3697537952095677 -5.852777011590518
2.1134361140088145 0.007106134322870686 0.004181611196034323 0.00033803619183637247 0.11192711000666034 0.19999999980434122 0.18920329893766485 0.0862014377315576 0.01161741918631798 0.020185043590157884 0.04532443887213386 0.462587609825076 0.7807920773753733 0.47372256459900314 0.30030335633071437 0.17929691197393263 0.2795689443185347 0.41172980179977725 0.4871861495847524 0.8382239912974314 0.7669889069652006 1.1092957554285072 2.943817705020855 2.89365349196982 3.999806492160869 3.958534551453774 -5.524650997283432
0.22479292828252537 0.010948387626271375 0.005823250072493256 0.012131575162767902 0.10757924478468996 0.19999999912843128 0.1999886981729235 0.1949635867106769 0.007188329391580429 0.01188066174231421 0.025106199438432543 0.844226119292503 0.9181105581107147 3.1369201492859293 1.5065188893285135 0.7430504759423489 0.9022203949159373 1.0645382757196398 0.8948450662357166 1.216899059559216 0.8418714383927582 1.015778242987116 1.9201167680426834 1.8925530653391012 2.603382020554431 2.5794615263994722 -4.6682542994707035
1.0335157164684667 0.009769950423489144 0.006079672174050164 0.011079120953111497 0.17552077999832352 0.198948437362937 0.19047191412225076 0.19435954464557528 0.006696475612825605 0.010001341322218263 0.02028928247007759 0.9778796136308573 1.4003339116609184 0.8223880504585442 0.4537069887386842 0.24103715784912114 0.3533691846632106 0.49531627002269346 0.5671809426701405 1.0320223182198556 1.0535010631249728 1.4366029924578285 3.620637176573355 3.8132336726031695 3.9995968518882377 3.9986582091076164 -2.8890529305087145
0.3881654430577032 0.00839732711097662 0.006740665695560349 0.014111627056730752 0.08018253745336183 0.19999948508059812 0.1999793512952651 0.19991150265314234 0.0043752841377518925 0.00617572538493099 0.013036077745709434 1.5564371555841878 3.429643223763903 1.7616878643196823 0.925842571721435 0.44830833644660834 0.5830642945759487 0.6870597126270013 0.6238260983161958 0.908085354338373 0.6570971006006748 0.837998356779332 1.589911586869609 1.5826608217142977 2.112563185614737 2.054267009882353 -4.369741704682017
2.0735793649607563 0.007499472477648797 0.001927626807742245 0.00030152680485674694 0.1006739728935511 0.19999999999991983 0.12276914124265562 0.07222032811867808 0.011427450224324214 0.020239999891947046 0.044890167137579526 0.46795748845826124 0.7927472435594906 0.47521014078374724 0.2980938165271567 0.17669788867129724 0.2762365222366585 0.4014088421886492 0.4682439461606603 0.7978384425714561 0.7082004907633141 0.9996639298910044 2.1677763662702247 2.1225988171039534 2.858641742036951 2.7731508682521726 -5.694473969774336
9.54279269204779 0.009291566957049685 0.006266121045366677 0.0016572067633620912 0.1482872690725961 0.19430689103692445 0.1993988625973921 0.13912514793048475 0.0158108972151179 0.024817206883935707 0.06554220189063709 0.3495399294300276 0.3699012258234217 0.3315766592882207 0.2508362731015208 0.1632540466354997 0.29763675927305383 0.4555489800079099 0.5642891825724311 0.718618523167927 0.6706293355718352 0.7384181671693489 3.204577487949235 3.3134695518605297 3.846642188297713 3.9992677408317836 -3.9227769708908586
0.287716991714046 0.008820774806890908 0.00680747443523953 0.01357051133549218 0.06761657090078407 0.19999296308039433 0.1978062917436522 0.18559261174122035 0.0068900878001829065 0.01149451920969632 0.023322215144846777 0.8713861690689645 1.0109065229288547 2.213618704019667 1.1853393205940022 0.5886448251692206 0.7144935779520184 0.8426343771136848 0.7145287036509294 0.9863473180395336 0.6720703959347533 0.8058340734883551 1.1168384616501292 1.0645712955626234 1.4142352533605542 1.368634380262599 -4.954925162557914
0.27215780676643164 0.00982104157271812 0.00656381670079271 0.01089289315880081 0.07630875758831711 0.1999999994199108 0.19992969825126675 0.16372423844304032 0.007999462425874565 0.013190936315384282 0.027871968922915862 0.7824495009911323 0.8389579958461476 2.32456475836106 1.24490608733027 0.6155097881753732 0.7492624956721091 0.8862218976107467 0.7492287415545619 1.016798271106563 0.7012251183704526 0.8378384302003936 1.232869762722197 1.1787133417447728 1.594639693054639 1.5379951066624895 -5.027625100066828
1.0359889607192712 0.00800860885945199 0.006982658138911511 0.008001885552168936 0.05203940935439122 0.19999999999999998 0.19910292816099676 0.11958241321136964 0.0073113813719683065 0.012002514254289996 0.027179621210296958 0.8065643334898277 1.3813943061898664 0.7383185443110127 0.4251901138786586 0.22597441678401256 0.317198508442467 0.420801534417434 0.43124071888030735 0.6873277415846325 0.5642807714853812 0.7407571348287317 0.9143652121755659 0.8544782839872153 1.1140207820561614 1.054608454644744 -5.552757219454298
1.1021101279357715 0.0077639116893443 0.004582344138472545 0.005887867454263233 0.1081350344890543 0.199999968197821 0.19719948830124817 0.14803296987981315 0.007386337333341128 0.013883102736344011 0.03161471839247335 0.6851324169809148 1.3263667225523033 0.7277332751914486 0.4180245125707428 0.23148119135542633 0.3260031380622366 0.44190814807401735 0.479941965755936 0.8120354747342887 0.7367676588425409 1.0679878711157806 3.011475589950035 3.0015013723785593 3.9855075484482625 3.994587730977425 -5.006343333546065
4.947563254487718 0.0056254241317051324 3.009916866441514e-05 0.0017535452494253495 0.12453360461562298 0.19945313564212214 0.09872688945976377 0.1737566853035522 0.019288318324605102 0.02613426039158266 0.06467028766517521 0.3327246651258011 0.4548737362489784 0.352112752278088 0.2457537709920604 0.15986522900098493 0.2786286965891013 0.4239210435633365 0.507892643907762 0.903225053889929 0.8287337109465801 1.2245135155494538 3.7279629481141336 3.7285338536368435 3.9999999999735296 3.9999999999999996 -5.0841317898101535
2.3990430016245003 0.007317666972228288 0.0024415648068581053 2.530501311719901e-05 0.10133285629247947 0.19999999999999998 0.1360854071428435 0.06920931459308699 0.012183536215767779 0.019995487814079657 0.04479445661449383 0.49397085892032033 0.7074139837028723 0.46021045410668515 0.28388771996063494 0.17146871272532618 0.27226679011090266 0.4030505510849219 0.4737346161467185 0.8058235397036136 0.7210649662136956 1.0173021846113992 2.219593259867506 2.1524354755243156 2.939061257736622 2.848436531555405 -5.74556042378606
1.0189342113669533 0.007856112683181251 0.0010173748925608416 0.00041393514612386104 0.06583743795443237 0.19999999998406406 0.06438458098556363 0.037369963537256655 0.015307825982650479 0.022310367726768743 0.045199237075241865 0.4364966815143329 0.5108668323506345 0.8140859398824578 0.43082238868678857 0.2282518786306077 0.3192245255500645 0.4223182288619028 0.43564739684368375 0.6844768814604185 0.5655246801650395 0.7428967685641533 0.9174732761924951 0.8544197370983767 1.1084461959811556 1.0585435224819562 -6.033767577811844
0.5548639096164938 0.009098342174308709 0.004152632156661485 0.006661412381995047 0.1709971017876207 0.19900195813838303 0.13405625190996723 0.11619360627119202 0.0040897885405871 0.007632512485937301 0.018024837846647927 1.1653312618408187 2.4828827674456297 1.3034345780370116 0.6959585334479541 0.37498671759408964 0.4875986057234614 0.6145590981975922 0.6122194614899937 1.0004235853665564 0.9035106303141213 1.380922854024887 3.1235273539619146 3.2422682076547438 3.9975321378414397 3.999850879784671 -3.7786986896956027
1.7220481060289112 0.007393836648437361 0.0029035422076547756 0.0024090832727703677 0.1093348279105276 0.1998939633244276 0.15741185512064335 0.10926718385535258 0.010091050101799308 0.018236757958111586 0.041696131436035615 0.5791926080750042 0.909344315560447 0.5345465065477915 0.3263291696181146 0.19069819897263118 0.2895019700609672 0.4121500728389146 0.47379276920905233 0.8220332094263666 0.7498489238374276 1.0746526894153108 2.8093470893624763 2.7634463730836543 3.809899206562641 3.7646759141939405 -5.3921569384395145
1.3955616474296146 0.007655918151541309 0.004180989236514408 0.004268146346297938 0.10873612761539686 0.1999999998419931 0.18735635661153013 0.13089479637738385 0.008498353955574953 0.015312656703331198 0.036516314838559036 0.5808568069757858 1.091314159715185 0.6376305448156216 0.3606705486142357 0.2083089944326115 0.3026226535834094 0.42126604031909826 0.4833682620570728 0.8136662622515098 0.7492853591222023 1.075023577559851 2.9594891298139996 2.9190161034417996 3.999944920117884 3.999937314740559 -5.184772498680049
2.7231387023797726 0.006987784648130112 0.002449280987098502 7.638777743557433e-05 0.1093596406743315 0.19999999999997295 0.14550243357897513 0.07749893111098409 0.013328550835741677 0.022304371113200987 0.04424149329858819 0.45600192914781407 0.6501870486046237 0.41550909661882407 0.27457557910230446 0.16896140054560765 0.2735760346764303 0.40867054255864504 0.48657066796534837 0.8360462803970754 0.7569094893482158 1.0851650485620465 2.7027482141148993 2.613114312701854 3.6042959969811523 3.5323835007541815 -5.733274238627451
2.426444016171962 0.006465590919814623 0.002151436218567407 0.006004354546433125 0.12099440591044835 0.199997551232647 0.1448316004365222 0.19527629819540615 0.01326382716688074 0.019873401086500393 0.04183277536820701 0.4899868819596977 0.7105505011332771 0.4501041066316702 0.28540765804459683 0.16997738415559965 0.2814280212001284 0.4194446418839337 0.5060730135787062 0.8813396034340389 0.8245519002585352 1.2180460202259393 3.968643035434019 3.957522441719019 3.999999994374673 3.9999983469390434 -4.67677309060475
1.176479022620126 0.008483453884833167 0.0059134630777531345 0.011031303918904807 0.07016212354882989 0.19999637999123981 0.19632082881781474 0.17337316317214377 0.007386453939174356 0.013247609684399107 0.02655482137714613 0.752958723897964 1.244630319107424 0.6968668118363226 0.3976266517672212 0.22183695552531854 0.31149212059344994 0.4178967943554391 0.4459170830810738 0.7394259061345504 0.6287796700731783 0.8609436022319031 1.4932833763799063 1.4090325154636345 1.893586743281074 1.8296073968562767 -5.328322467351813
5.93441745270951 0.005787853575219191 1.939449870506432e-05 1.4807145810542797e-05 0.11481277648144023 0.1999999997684262 0.09345512937705082 0.08873497963900573 0.020525455063735005 0.027699842879616417 0.05640328662761707 0.3522065787036187 0.4172544704604294 0.3273009016192197 0.2419301006893152 0.15455605213678997 0.2721115203632011 0.41462763778425343 0.49352968502573785 0.8459874192511903 0.7797484239971592 1.1296656569454022 2.8435085723649047 2.8166053293704922 3.860676547546918 3.774487328510585 -6.179474496105248
1.0233502469792195 0.00857390565440438 0.006488378692322545 0.00783598928900165 0.06221345690185572 0.19930208305549618 0.19999167127626694 0.12833563537517295 0.009013551284172236 0.011791756943926405 0.02727475318232385 0.7589703458227006 1.4069414989370972 0.7871893328294524 0.4317293914793254 0.23421625683434913 0.3230660860650429 0.42727618635758996 0.4451362896900965 0.7181427391719482 0.5945977249718634 0.7931280714801273 1.1599757273268434 1.0909704620210636 1.4298552856796003 1.352716862044632 -5.341832880061758
9.315450993178146 0.0054366605238038105 4.081328012781041e-05 0.0034645801795281025 0.10641142034409325 0.19999999979832234 0.09282862805656217 0.18852216699255783 0.02336724299605903 0.0299809109767083 0.06924873713588674 0.2947678022457279 0.3590660842008173 0.3236475682197282 0.23617921402809425 0.1575755743650643 0.2760497244438233 0.4164010617198315 0.49337619931456866 0.8371154477039409 0.7645624531944574 1.0859994637683008 2.536692159265279 2.4847261975167982 3.380016128492031 3.2981781163793746 -5.8523619536170886
0.4415229571598498 0.008466209110368366 0.007360752921337295 0.011693291536848912 0.04495165185861258 0.19999924787615847 0.19788883746317562 0.15027797176278487 0.008393299634225224 0.012059080712338644 0.02567032238585623 0.8135969935087181 0.9000846745427425 1.4879324885984968 0.8083672405177093 0.40526840884902143 0.5087951813473981 0.6166671038572504 0.5428264864554304 0.7954931857509444 0.561613444333546 0.6895358110098775 0.7809860860666366 0.7195932942339979 0.9366480813536346 0.8867305689830929 -5.4190201030636045
6.909431012661257 0.005773911445814811 1.0155739799137222e-06 2.124124704598664e-11 0.10405326387032186 0.19999999999999993 0.08359321069886136 0.08000130900457303 0.02158430333554692 0.028471881938049736 0.05899838060073112 0.33184890726195043 0.3915751399978786 0.3199765798055188 0.2383316016406017 0.1533378720408013 0.2686902314601877 0.40764868894494144 0.4804571297927156 0.8397688452091887 0.7356030042278002 1.0425690808360621 2.2130205642745215 2.1641156832596797 2.926601664307287 2.8451035630330197 -6.418754016517008
0.871909234891813 0.008806248754418407 0.005914668875228036 0.008699924299067865 0.08090517003531109 0.1999999988460975 0.1998391049882314 0.15531440947922132 0.006776644470428145 0.01122977392393578 0.025696203724160444 0.8042690280655209 1.622494658792373 0.8657826193728055 0.4815322667973837 0.2614051823795662 0.3519538011945107 0.46056719670358703 0.4744426363885613 0.7648443770166194 0.6454922973427186 0.8872441794538006 1.6947236168244662 1.6870140265285725 2.269891566010493 2.2204936719615285 -5.044529560591657
5.218995299874465 0.0055386041302342825 0.0007517933967706945 0.0013894135171731172 0.12746478770361547 0.1972013236972712 0.16022572589599043 0.16732839549844447 0.0193218983721996 0.028539399264103 0.06313537872104376 0.32538155283143383 0.444810347908103 0.34246209651630244 0.24657910958725182 0.1581650741795912 0.2767727987596344 0.4257439319076837 0.5145606452488436 0.9090216770422903 0.8475394453967258 1.259962513084782 3.9999589500868966 3.999998620845216 3.999999999997859 3.9999999874637844 -4.513590546995292
2.831084314209508 0.006649887034626984 0.0040541934871295565 0.006587052438813822 0.10572324871903972 0.1999666462749854 0.19022391927821344 0.19778769148875777 0.014615102416492215 0.021217264794101475 0.04199907953068984 0.4943306087479848 0.6316107839674234 0.41650818277380486 0.2665844665958041 0.16098266077956594 0.2699900561087553 0.41325504194654933 0.4959784432383985 0.8476613802618262 0.7709084189490654 1.1222832490491061 2.992214795584183 2.9170053693403424 3.998151340459054 3.98144180941826 -5.164998182375035
1.003135248480327 0.008753388992897262 0.006172828383466367 0.009338267558149847 0.06715592416177561 0.19995316792733797 0.19811857966736496 0.15054075049172383 0.006834275322594375 0.011711671995145808 0.02714019571247044 0.7892588375625673 1.4396672227177185 0.8161309274394832 0.4414361306815443 0.23659658761286528 0.33122629877548126 0.43592846354098974 0.4503049845368525 0.7291308719080071 0.6112992715286161 0.8270134060817775 1.3192005740288333 1.2790720889755909 1.678321272536403 1.6007145146401205 -5.262903077947544
2.926085758105767 0.007307253326985728 0.0012865677687749922 2.423721843917653e-05 0.08929870632416172 0.19999999999999998 0.09703350318810683 0.056309692198839884 0.01374324780588091 0.02307919803162258 0.04452331212057099 0.4468029880037103 0.609892381298158 0.39358967611981893 0.2610724981302495 0.15907193270592657 0.26181748004231986 0.39150061493631183 0.459839422419713 0.7671981227171536 0.6749036636413734 0.9291313884718607 1.645254277563659 1.5761831063817842 2.1124896701455937 2.0371668763522988 -6.080465100020063
3.405767763380646 0.0065988377253963365 0.0009276651442323259 3.618552814117358e-06 0.11242939536369884 0.1999991449551245 0.1107520246426331 0.07853376053621879 0.015450549413894819 0.023640710232118795 0.04488066442829744 0.4386279616034343 0.5610128958057766 0.3788134196361968 0.2591317557480267 0.15761862181205463 0.26992324255349737 0.4107778135450924 0.49110325100488134 0.85118830894836 0.7637237238275265 1.1058349459689978 2.7637561981056495 2.7250216912002183 3.7293680664214865 3.674732153749424 -5.857734788149637
6.032183872864039 0.005860879825923567 1.434188284605317e-05 2.20932466709625e-05 0.11248028748471764 0.19999999999646084 0.09054344512359987 0.08644722772180621 0.020545138592918562 0.027531655895478863 0.05587951548264042 0.33187657675496973 0.4129613046428257 0.3257894819774492 0.2436798285603249 0.15656366310424535 0.27649699944835643 0.40855374339165096 0.4887519479401816 0.8478018742716096 0.7741471605284221 1.11165461142105 2.6950852270463574 2.6654764850790924 3.631305668795399 3.552313939563543 -6.195179855778644
1.6847941072321935 0.007558771820992634 0.005548482092907493 0.004599498544592764 0.0893799302982176 0.19997385657845573 0.19855025111668853 0.11727290430664238 0.009995592348792234 0.013787303476879082 0.03511624845855435 0.6865322019797262 0.9200746505607623 0.5392300756596877 0.32712985581000936 0.1907896585686069 0.28508725748026875 0.403858602868975 0.45664639571719434 0.7812802775238601 0.6917545078212561 0.9687969109435208 1.9995852637480052 1.9381265328784263 2.575827250412614 2.5152714260780162 -5.478593823533954
0.7962560885153603 0.008159614095559979 0.00887037591600326 0.014515389012333506 0.1581540477327336 0.1642650666781793 0.18152666540822515 0.1942260136847106 0.007814325158748492 0.008673671338085106 0.02406210248307818 0.8901550898873702 1.8050579311068289 1.0038163640166629 0.5465761749791358 0.2714529778266152 0.3864654853708501 0.5424895703161267 0.595439523937074 0.9831600419679285 0.9388493133915281 0.9459079295293644 2.9750115723101125 3.2336868809370833 3.785673309682254 3.815689471821094 -3.3829771953276238
0.6947869095571259 0.009097738023145806 0.007043941418170059 0.014860304018031397 0.04737125504803971 0.19999960147356027 0.19984833641677194 0.19243581672008211 0.005386336041952245 0.0090488324981488 0.021065717560846665 0.9835411656094114 1.989651790913237 1.0906529149130724 0.565330985800688 0.29267054326827646 0.3840134959137312 0.4871530406595534 0.4698645704583214 0.7193788956277601 0.5624187119967716 0.7310278812011348 0.9533484849586246 0.8883526546683439 1.1540012411385951 1.1071944651247203 -5.090665400994704
0.529182859293067 0.009434870614869433 0.00585856724216797 0.012551008163304945 0.08833384408173438 0.19999999645237176 0.19999973796112716 0.1999999992849284 0.004927211330494403 0.009103015332934753 0.0173936853606365 1.1611883583253224 2.5711368789277422 1.3060203337646676 0.7126778936060952 0.3647847182155447 0.4661371668309277 0.5811102312618134 0.547004861877509 0.8330967273838077 0.6630792713009536 0.8954140511358075 2.060609126991993 2.015980047481921 2.72711132141743 2.692615932762054 -4.568354165571657
3.2648918428417404 0.006730125713901203 0.0020471694172832524 6.470935838490101e-05 0.10808174314261756 0.19999999905976856 0.13548612496014611 0.0766128145365205 0.015030243334504817 0.023451865730753946 0.045369885666328505 0.4462833744951865 0.5748201846079432 0.38260361180660174 0.2569299613817649 0.15588053945954963 0.2700212476118914 0.4039652384073574 0.47893781000247715 0.8244522924531119 0.7515373799147433 1.0781448430477487 2.6277983520591315 2.5312970865945106 3.475846291600195 3.370501407023968 -5.860296532545719
0.507672605840591 0.009433223318957698 0.005484189688991253 0.011680834357774788 0.10383779786475267 0.19999999999618304 0.19999999981470493 0.19999998388335657 0.003737598465486771 0.007515119265661754 0.016900058206478028 1.3560001405217832 2.6712991791490017 1.3825411142697386 0.7436747659800169 0.38603633500016893 0.49027068157182724 0.607225963031257 0.5780501062726993 0.8709401853230317 0.7081919826195713 0.9710306196059574 2.7994568371493465 2.7128355054682443 3.7442548612934266 3.7274281503213023 -4.345197724287544
0.5215555779347611 0.008580658468786856 0.006220886822710716 0.008837707679087056 0.1481233562644925 0.19999842869268158 0.1800924233993325 0.143393015808371 0.0037057376739691467 0.0070242519537554995 0.016590156415994563 1.3610631682783534 2.627648950181671 1.3580541021927637 0.7344325526427741 0.384424249042545 0.4963492546135029 0.6269225652938392 0.6091499575036506 0.9706516993774429 0.8370150003378736 1.2362166444852134 3.0759852896473894 3.202196823863033 3.9940703052670545 3.9999984166802243 -3.8720494858911176
2.23292592151158 0.0074283668435845066 0.0029762129213920956 0.0002435972860015808 0.09383320882321478 0.19999999646435854 0.1443552834679656 0.06491836576507415 0.011948797698060351 0.020693502769101126 0.0442317133162186 0.47215775642606633 0.7493617479036088 0.45565428965617005 0.28982768862304426 0.1693041630068581 0.26968260533029764 0.39671342218914385 0.4604449100179977 0.7913738753070988 0.6895283884814389 0.965627505272724 1.9196314883775047 1.840587820558086 2.454189366265376 2.4172817038661067 -5.806942038909083
1.4503977652934246 0.008767948138957328 0.005035076947115673 0.00024161129139934912 0.15879315626381507 0.19979860341256253 0.16187884459397053 0.0784410857881928 0.008798201337278454 0.014263591542229696 0.03739564448306916 0.5585832870293855 1.0637066884962127 0.6192469789498309 0.364491000708246 0.20515755457782067 0.3140199137597104 0.45268374007071344 0.5376517501774519 0.9582654403685443 0.9624719696200985 1.53153495729992 3.542568708473297 3.6682928663191445 3.9866618136535745 3.994584879641614 -4.31996734722459
0.8111757073548354 0.008534427682895883 0.005068195050417925 0.009381499619988288 0.10408691038816739 0.19999999999999804 0.19867494634566338 0.1843248075185236 0.005645759314718709 0.01118349305040495 0.02472607589361881 0.9119402527867768 1.7457350974200967 0.924006995311434 0.5193951616753277 0.27361872137142373 0.3743876707355639 0.4882091509970826 0.4973190479040196 0.8123171863118909 0.7151737161820948 1.01902960556648 2.9015495195183476 2.8994624623887533 3.8961781243831637 3.90612276772051 -4.7617782042522965
8.729155812040228 0.006535291770038964 0.004126987690088051 0.005271622808355734 0.10560719882647905 0.1998503838710399 0.19994955963084773 0.16838047539367848 0.020698362367262052 0.02618493038301255 0.058624426825974754 0.36580186260317576 0.36407434127948496 0.3311431347538723 0.24110625779089404 0.15634185950672222 0.2759325684937629 0.4219982223715902 0.5064416087564482 0.8466212002683502 0.758759394453581 0.8757595889672147 3.2794069449421497 3.5906880563654355 3.9998451335383702 3.866728108159093 -5.338970630368593
6.7525523955943045 0.006724399353504574 0.005655062131586642 0.005400048245955241 0.06883240106714672 0.19908709005595593 0.19886193314261794 0.19886241535140106 0.02142164663074806 0.02895601295914678 0.0694726109262118 0.3114211194534299 0.3938333348701758 0.32123877000451895 0.23638297600361396 0.15259994881318242 0.26212258417051054 0.39065622636339065 0.448438773464295 0.7453516143929539 0.6402709744527597 0.8653261307563854 1.2770296714982097 1.215417478954458 1.609651257061627 1.535948530837434 -5.9870179160247785
2.5969941473702125 0.007041765250853912 7.603053007515997e-05 2.924003197655192e-06 0.1107717792183696 0.19999999690189613 0.08353411753540685 0.07515228219176898 0.013044526794058977 0.02292487196330828 0.04421256207779191 0.4349893173344678 0.6722658159849768 0.42350270076890106 0.27660816925169845 0.16395755269421391 0.27150682853793856 0.406387691359795 0.4776629667168447 0.8330327302012772 0.7504878677621348 1.0702791586045264 2.6164642841851067 2.5563564729300907 3.5113877759691676 3.4577257586918737 -5.7345428120219655
3.6724361388873583 0.007030714537908348 9.66326095089024e-06 4.098764742015779e-06 0.09111523550672715 0.19999999999999998 0.06395075481434617 0.05694983106622918 0.01599926745413783 0.02368300721343324 0.04471242531856983 0.4221683186954892 0.531846550518199 0.3842946528027754 0.2529966578602478 0.15342906599473183 0.26349780330124367 0.39638674509521804 0.4568496590998893 0.7845179596166696 0.6739175588418956 0.9379489021293176 1.6664868454593038 1.597329999960912 2.150530413072656 2.0644662940814613 -6.200181569409991
0.3557633536324443 0.008820122681673512 0.007235832206203219 0.014870632198511641 0.07640002067582674 0.19999999996885465 0.1999991390450095 0.1999976232090071 0.0029557820138351623 0.005340829358866317 0.012022823499940181 1.7850214910480735 3.7475530354085045 1.8670885061920781 0.9905609242809716 0.4954328079334479 0.6159148074056645 0.736932252285255 0.6478049838815457 0.9224011605463549 0.6670222221594073 0.8328957840337678 1.4997226932805836 1.4361303402575232 1.9033041226537795 1.8956174051722419 -4.373333919647409
3.563613957423802 0.0074529779455566195 0.0021283917481555626 3.4690077729272497e-05 0.07325239289384752 0.19999999999999998 0.1054012082381027 0.04243579649038735 0.015918069832923872 0.023280698985626 0.04505508901879958 0.45279745570108115 0.5424083800935061 0.3669578975635282 0.24929770711588858 0.15360956875588866 0.2601398845913563 0.38363498258237116 0.4398944256597934 0.7287092927168228 0.620426580865772 0.8307363847755781 1.1601386893071448 1.0950901332051637 1.4441256052059857 1.3671244583606474 -6.375920547686132
2.0432185269480576 0.007696263672079371 0.0024357962927502594 8.631294546275488e-05 0.08574283276793063 0.19999999999999998 0.12207798984563882 0.05427804501279644 0.011379057048622352 0.01962577168124887 0.04416562757349073 0.476696583636582 0.7991883265676177 0.4750991618116402 0.29786001608122903 0.171612280324788 0.27149185059481584 0.3924683371335121 0.4477844358004365 0.7578986488026112 0.6562623131922142 0.9007823268057098 1.549583104933771 1.4718866419248406 1.9849598223482687 1.9010971532360785 -5.855413456078223
2.129547661477355 0.00785714760999802 0.001196391883408123 5.988286813623055e-05 0.07576505285096376 0.19999999999999998 0.07920895296394177 0.0428553150993665 0.011713414838513209 0.02088049268604782 0.04413945203006458 0.4716924746773072 0.7712886918429799 0.46206873689012506 0.2899118442270433 0.17340008892461065 0.26667483241596907 0.3877196841137683 0.43883807805112834 0.728812180867023 0.6153201073324389 0.8268569819440699 1.1980718022129009 1.1523985988751981 1.4839449839764318 1.4250434405435397 -6.055940376740312
1.3644735150483227 0.007640084809949468 0.004075896617949469 0.004338549471290248 0.10800074101187876 0.19999999999999996 0.1849896828015823 0.13113432777751377 0.008528310595147422 0.015817432708129388 0.03613560267307365 0.6177614820511224 1.0889650148684056 0.6184702830563099 0.3673822804239468 0.20801056707295842 0.30384740977315294 0.42214300994981147 0.48223272832522224 0.8139226443398772 0.745269748834307 1.0679714118241301 2.915929629756192 2.8426987332948763 3.9114465935963314 3.90685481428352 -5.209257491507207
2.384076886907522 0.007038749761590496 0.0014922501058695131 2.446161677830497e-05 0.1111694138650324 0.19999999999999998 0.12224522048645906 0.07926570837873453 0.012401345652782012 0.021610518212394358 0.04615207140611691 0.47648820817866155 0.7092370794018409 0.4415845585248135 0.28501051322301957 0.1728480948121521 0.27460579716984546 0.40553855578092624 0.48397776453706426 0.8310646738086941 0.7568527169645544 1.0869173748388832 2.727511992811404 2.664202445990893 3.634129094872418 3.5924818873437174 -5.664612168923672
