1.1651072321799616 0.01738963330265226 0.01652304094549737 0.02609792510560309 0.11871110027231577 0.18516056380905616 0.19938603291001017 0.16180746804102888 0.0059021090219598836 0.00915251230289983 0.021354327437975884 1.0109624952075877 1.2734019325817605 0.7139503021169232 0.41630634864414223 0.22590886584851771 0.33963811682041706 0.47226202711066456 0.5328817986479092 0.9565055340040266 0.39668577458395865 0.39891346929496563 1.5795714238534446 1.6912199407738955 2.153007099354383 2.3629297390290698 -4.218007784452701
0.6255874490408917 0.009384072490428608 0.006451738217633598 0.01091989194705109 0.07386743475061282 0.19998292814534782 0.19959547790518198 0.1719769436121491 0.005902215351349588 0.008901235739637182 0.021440097965055853 0.9630432531103477 2.1711097204113865 1.1621511472779626 0.6187328926872359 0.3216423893724419 0.4164937104269533 0.5250835345098576 0.5065780130745079 0.7751787817658756 0.6215384734648618 0.8299213380971182 1.5269244749737891 1.4749500623171634 1.9625366371015804 1.9017965121632676 -4.8056179857997074
0.514063744925039 0.00890118252977131 0.0056938331163270345 0.011967138039521274 0.09994906354293237 0.19999999988307757 0.19999721976820917 0.19999999999379603 0.0037639516519402416 0.007578933488254632 0.016993045299281258 1.3989447899111864 2.6418780240681605 1.3577394526135147 0.7184448928221824 0.3844184628194614 0.4868045796325912 0.5939092725630619 0.5738397571789833 0.8631544563533896 0.688534936656751 0.949536224411489 2.496325371312386 2.544449078029204 3.4565465575232714 3.4216416368739084 -4.388481397415173
0.47903967749918486 0.008328595728784884 0.00601909418678384 0.012574154446158843 0.09082992160114091 0.19999505169904863 0.19939247159269943 0.19633136810479485 0.004179936889223967 0.007479969705250717 0.017411944390864662 1.2556343780470607 2.8344595868528932 1.4389395081728873 0.7792210587564017 0.4057253273373052 0.49599376145867646 0.6151953056395212 0.5710534585800726 0.8583803355979505 0.6683133435224465 0.8979638396453049 2.0936761958293832 2.0122365668096145 2.7226112352337926 2.6848618958083557 -4.460771686010003
1.11513168979257 0.008204888832842542 0.005510027100219541 0.010439803648618105 0.08263604871907514 0.19987677640379262 0.1957003229856809 0.177226353240098 0.007161394987678859 0.012727812526690873 0.025619319086786205 0.8126867666385019 1.3028935539643507 0.7445451962901086 0.41003348072503665 0.22936652313187103 0.320376406228803 0.42925304702390943 0.4641025049845891 0.7608077692624319 0.6646565593539211 0.930839700438398 1.9019550907410927 1.840803275869078 2.468027662224791 2.472146651452787 -5.166984173899963
0.4339854751832722 0.011458194488554977 0.009492048201722444 0.018642132518466824 0.014496266164569546 0.19999982171950667 0.19968519293643652 0.19990987450861603 0.00412053541446372 0.007440796234397422 0.013977971862529475 1.4341002702387031 3.0486800094741935 1.5093751291543738 0.8143555391210179 0.40866072850706414 0.5095495956662074 0.6070942452816759 0.5430449164718285 0.7587687682098616 0.5219638577209558 0.6172069612229858 0.5229137301501985 0.48114075955563324 0.6058274621083682 0.5635902412019937 -5.00731371344543
3.0511506660441072 0.006820912685544109 0.002331357589163104 2.992099709082554e-05 0.10866789630540681 0.19999999998163634 0.14275823834242055 0.07530805325079003 0.014542928865310402 0.02239656661353667 0.044020950641462095 0.4386708494551641 0.6022247353224582 0.40720504902177823 0.2644033183582154 0.16266835412631053 0.2716200983842866 0.4059541700700326 0.4803541791033213 0.8316130219827158 0.7550385775557148 1.0786591703795436 2.6096337973853365 2.567969384327621 3.538053333053537 3.4302893768482194 -5.799617606449729
1.6946790234219942 0.008840893802999553 0.0056766365811331265 0.008966611535876502 0.18374496387230038 0.1818392915573313 0.18145657952846095 0.1981450096238053 0.010595292121345084 0.01311830363199543 0.031738922101416836 0.6517106168909794 0.9395344841060042 0.5743634176371979 0.3467747104799058 0.19608894740119653 0.312442906805993 0.4680131186760957 0.6093692338429979 1.091739273256336 1.1523149032260847 1.2287683227725796 3.3201904928039156 3.7687954291903214 3.953377853319531 3.999745289635482 -2.9148332690816923
0.8179222335470889 0.008655224323310519 0.005374210821131376 0.009133159885779249 0.09353078186535428 0.1999621413620833 0.1998547385392564 0.17121965148295404 0.00570398125833343 0.0105461809545755 0.024049446236536758 0.8828243447411159 1.729358729615066 0.9327983708021018 0.5115497484088795 0.27419505491666807 0.36746967470580527 0.479205356903604 0.48759106632784954 0.7923763830206907 0.6821231514601159 0.9559731922519168 2.292614268601637 2.2332813530815128 3.0892264934037876 2.9599985136659845 -4.8459346688674465
1.0028449780103317 0.008593818633570439 0.005783031008045643 0.009060935625424019 0.07418651860843258 0.19984011988228975 0.19528297027034433 0.1549878640590533 0.006891710940708395 0.012427528020306146 0.027336365658884983 0.7897354926613265 1.431862669847994 0.7664157437455995 0.44072388258044704 0.23758629322106314 0.3267115137574594 0.4357884406008254 0.455834964557458 0.743259829266166 0.6315006235731526 0.8625548988120044 1.5430796199323467 1.4489805341966322 1.9506188588046325 1.9062116682206418 -5.226470513421418
0.5220063904162612 0.008210732631951666 0.006703658495116964 0.014177186190779184 0.07648629470328625 0.1999995938863427 0.1993167315465743 0.1999109262578253 0.003903622754433324 0.00716880790913459 0.01633789957049702 1.2987516902415521 2.61391153399353 1.3524712697960912 0.7184559863284438 0.36524354906589995 0.4737188659539357 0.5841842800509902 0.5409457296141664 0.8137806090183112 0.6332063930585299 0.8397840816800228 1.6386190163157057 1.5883738821311828 2.090562303912504 2.0682914113053066 -4.650450582130807
2.16554106468116 0.007222273099005926 0.0029127405924046323 0.0008566004520461207 0.10799094513784854 0.19999999999999973 0.15514778785786046 0.0879611597219389 0.011673549909257758 0.02016939870077237 0.04413804574055228 0.474570507252662 0.7674530792928822 0.46670192704279645 0.29549384741129914 0.17628743942249495 0.27833730055751915 0.4074202731126893 0.4806497606621677 0.8251561058477066 0.7438014044756479 1.0729658340385033 2.6599305008499066 2.5921754098193404 3.57754114795932 3.5049123595168425 -5.588352574004872
4.102739472885757 0.005921942822293212 0.0002289810343642682 0.00040694483507697536 0.12010985846055658 0.19999996640971449 0.09884216664214994 0.09062973064517689 0.017982776171440257 0.02528748279261004 0.04914117927140376 0.40881358995964256 0.4975324015299146 0.36037821274435433 0.24723316152339064 0.15321683575523057 0.2693680866433725 0.41652827211558663 0.5056479747032533 0.8679162634497628 0.8051728182195864 1.1716427737499668 3.209317862404219 3.2008290543532634 3.999999999975044 3.999999999998294 -5.848959453897537
1.0201631735578325 0.008128951571217144 0.0048821991029565125 0.006623301226684299 0.10542493390781735 0.199991434034457 0.1999582375674636 0.15334823000642234 0.006896704384061899 0.012933434411837233 0.02963895397543291 0.7150200454750213 1.4217489533492476 0.7803360627016599 0.43768639647706925 0.2393076423610232 0.33397975492129706 0.4507792273163907 0.48610273221530814 0.8086085274520325 0.7219589434980622 1.0434514460749151 2.9196788601670276 2.833742037894743 3.836326954552835 3.828685362093643 -4.949585676867648
2.4117219333202624 0.007020669275196029 0.0027875079193172866 5.906766773143841e-05 0.11193223817834222 0.19999993395778032 0.15557240427756416 0.08182188410284413 0.012571438866480315 0.021628252648349756 0.046464790538500646 0.44886883906286473 0.6931918653340821 0.4374317318121756 0.2812400423631254 0.16824191844215367 0.2743607753678871 0.4062963004672645 0.4795335884108205 0.8383400964626944 0.7615321304537095 1.1044370883437524 2.84788173847482 2.8088743902449975 3.8811536574620504 3.788994150433965 -5.619658937850635
0.8556362476363276 0.008157647193713386 0.005277705453841184 0.00828377714625323 0.09988213018916065 0.19999973737533822 0.1996887828312389 0.16585676873044247 0.005738671087396042 0.010476142108450905 0.024882425438911865 0.9097534067526134 1.6642471636702467 0.922448509215367 0.5016011001796249 0.25912802058241985 0.3657793052011713 0.47720593752460944 0.4870932199022426 0.812781961204962 0.6938328721525555 0.9872236048657271 2.6557484364326833 2.5365894865593943 3.404515720460652 3.3863986282718113 -4.821090833357933
0.9178885981761167 0.008673152813478656 0.006064289854851398 0.010153670670790194 0.07315149624704269 0.19974222889605978 0.19999869572868612 0.16415540367171177 0.007787246556682772 0.011716409469843946 0.026093046522299483 0.8208847786336854 1.5597602442582152 0.8218071925519627 0.4700985829804699 0.2540933333696414 0.3439111234708044 0.44825495922275155 0.46609114863779294 0.7444166266255485 0.629600857811898 0.8560006595654931 1.530089010716823 1.4617093173194982 1.9533530718984564 1.8913558024637342 -5.153659800058716
0.3517202735758005 0.00824389857205355 0.0060821226182042375 0.011958882935980054 0.10121989202619962 0.19999999759183165 0.19993723470933564 0.19389822092500592 0.0025518875006738575 0.006795968864989088 0.018842611120381495 1.2280670545811394 3.8325723902925444 1.9892008727258943 1.0251804569893144 0.5268187959841003 0.6123616785957571 0.7490640629255209 0.6712976244172932 0.9960793863811189 0.7323570753094377 0.9342093823150739 2.1822939478561163 2.153035386059795 2.9903661295202624 3.0552634785147847 -4.141764712140047
0.29766766438338454 0.007400331803909438 0.007407354996973003 0.01350907427681122 0.057755910274278954 0.19999722631807226 0.19937811223566895 0.1740941066118825 0.006192735302885805 0.009709264017021109 0.018975901489950545 1.071960492343476 1.1645259863293203 2.1401798742703435 1.1444555958326283 0.5662865681597565 0.688414776323034 0.8127226228219676 0.6858955295371383 0.9659260289476153 0.6402537411485171 0.7588978390882268 0.9195841823606062 0.8668741039570518 1.1406124565558802 1.0916226418482644 -5.0618656594810885
2.3511209539379547 0.006931447393213493 0.0013934055300919704 1.6056960755118688e-05 0.11511989779137945 0.19999999937095939 0.12333066489752524 0.08200746117431279 0.012183024837430221 0.02110926748424572 0.04552860750388403 0.4579627404442163 0.7153797419235949 0.449522738860179 0.28884713650984795 0.17541963237294883 0.28093500530695303 0.4123711599444894 0.4953383294797165 0.8418941571120753 0.7626361206559856 1.1067964725175394 2.9896641916850206 2.9320816010682007 3.999999999995303 3.9999999999756497 -5.614357359216494
0.7114390538003297 0.009626398229224377 0.006367655115742345 0.012708283502201528 0.07186524555468071 0.19999739070357836 0.19999988519801415 0.1917000659757821 0.005374869027376204 0.01035244209428828 0.0223459011428863 0.9385624038016743 1.9583392807289837 1.0205956001218282 0.5674319973117478 0.2893746466584091 0.3932106576305155 0.49323805423133654 0.48330748511955746 0.7683315431817533 0.6209273387428518 0.8394601079857787 1.5712777280475534 1.482222931279434 1.9835397109338968 1.9716511710639288 -4.922767234256669
0.6687348468203804 0.008777177558610034 0.005879620911207183 0.011442676569000278 0.07607291464353969 0.19999958542367868 0.19171389557155602 0.18150009730563393 0.00766012477106626 0.009514023996936512 0.021685690278420162 0.9388709429036385 2.0602745542938106 1.0869734525906138 0.5922194050850834 0.3131235386035794 0.40003110935865444 0.5114980249531069 0.4933954530245894 0.7752485958799084 0.6276086107057519 0.8450027572728093 1.6208748654046936 1.5435382620704325 2.0467645751285293 1.9863521723191888 -4.833005880878434
2.7909636200858086 0.008218248249914788 0.0024370944344215568 0.0002247669795029313 0.058388948598096464 0.19999999999999998 0.09772484073560132 0.02925327367835002 0.013640502366894984 0.021864837763331098 0.043177604891370056 0.47305387689000233 0.6348541605660631 0.4019680162906232 0.26375958759250845 0.15921211309036964 0.2550027039538391 0.3759632221967808 0.42284735509093824 0.705249360039321 0.5716835288502604 0.743519459561956 0.8372145922472076 0.7795840809927009 1.0079902374177045 0.9469766167359291 -6.357319534351727
0.37902489900790537 0.009025158117826223 0.006495213367858329 0.013892789874663447 0.08413887643901341 0.1999999870793613 0.19999995003410187 0.19999982847607564 0.0031304169539835744 0.006007588506758854 0.012854331265760124 1.6763802478311176 3.523378846190207 1.7617861835650064 0.9368965900834165 0.4693473428660426 0.5864582355663603 0.7092100451996683 0.6335564905443145 0.9134051730748174 0.6745954329529474 0.8613312429675332 1.7502913198448433 1.6960173571358221 2.2583839410472644 2.2562108156749665 -4.348149543618631
0.35122391455427804 0.008994866293204104 0.006460250737489895 0.012940603600040757 0.07984647554566189 0.19999999999165854 0.19999925825069914 0.19267580646806087 0.005208902836132918 0.010292834307932616 0.022498258326093517 1.0239590794169187 3.749171244208341 1.8655498314391232 0.9944533832138849 0.49851181754525953 0.6215568615763932 0.7413758258998927 0.6550389284905237 0.9296294995435241 0.6673253658427334 0.8380558709668472 1.5165829726396143 1.4559509920652618 2.0054827997039846 1.929719391783633 -4.5221864569390275
3.5057270216339873 0.006495313951863608 0.0021308570140313697 4.995238953855121e-06 0.11264245351140464 0.19999999996490728 0.14225913437885027 0.08009478248818458 0.015801725264622424 0.02294612159522359 0.04495662376383686 0.4456302857237663 0.5511648251668694 0.37555991921316123 0.2560751898209824 0.15749604243871887 0.27100115985544604 0.41307805326434954 0.4876247027012372 0.8564744299553138 0.7740150315733182 1.1148651101828397 2.866435748417886 2.8188985104349835 3.8702910380025344 3.797279056973734 -5.842344784465947
0.3368839470665942 0.008607586572881857 0.006826098417578123 0.014373723977474669 0.08587312355429594 0.19999999951864705 0.19999999913117766 0.19999965326617325 0.0025902744674503775 0.004863272201907183 0.011000499893860214 1.954197173271557 3.948781336450146 2.048140121769295 1.0301574357453351 0.5286942643264171 0.6413010568701417 0.7664784517511036 0.6825848876049337 0.9616845786095666 0.6987566122900004 0.8769430387510582 1.711747984171014 1.6683570195073052 2.2421257589872887 2.232526652322005 -4.21874885519156
0.6561818801261192 0.008028177474679158 0.006739829569799895 0.011454462411757677 0.06049184163101728 0.1999999662024536 0.19953697933023015 0.16290207646993954 0.004779887823442196 0.008354458579877967 0.01893042321598056 1.1562990095056727 2.0874435461377194 1.1134404726516016 0.5924550890393302 0.3066598294213124 0.40025949980569636 0.5058581464660288 0.48209861276840277 0.7412700715038598 0.5851893349741029 0.7681307906324459 1.1306259518297215 1.0606764905540358 1.41939038431975 1.3546374079618906 -5.026091990750073
2.0194596317348372 0.007205553888101338 0.002697863873071554 0.0005327431825247158 0.11254988878784289 0.19999999999989307 0.15394033742507637 0.08756958959343845 0.01123096598298402 0.01971482813941123 0.04476858547992105 0.47209756453660856 0.8108273973406377 0.4866935919274001 0.3038000415818936 0.18110075850459306 0.28259281827936045 0.41125388310604083 0.48485119163695867 0.832574865068711 0.7561935304458888 1.1009802642551187 2.9011855013261987 2.8486147326516345 3.943922844573408 3.89064724504715 -5.5016098420499056
2.162444284091015 0.007420596202031744 0.0021252132803580514 3.720123662614494e-05 0.09827923003144257 0.19999999999999998 0.1256319987587421 0.06628889458157462 0.011737610091774077 0.02044293501505999 0.04504916421346419 0.4754403716481189 0.7619924350504875 0.46182077444217995 0.28970240447056445 0.17399483839304533 0.27582475345051866 0.40131669620917354 0.46209353005675124 0.7924998608014848 0.7049992357138831 0.9889549018318975 2.052675211035461 1.9885385708951044 2.6765559931537526 2.6117665241848727 -5.755730668879841
1.9817256626845798 0.007309011518988394 0.0028711385133897223 0.0008316000829929756 0.10700791494304594 0.19999999999999998 0.15356858063346304 0.08629565938245405 0.010969373959904547 0.019386390287892987 0.04393695666014084 0.5258886534635795 0.8219606975813125 0.49071693760533086 0.30766185729727435 0.1788356277817252 0.2787534395687566 0.4090899152543036 0.4752911932002185 0.8175209579565524 0.7386686375398164 1.0588405278042583 2.5969431649997206 2.518763384688615 3.4703843712651166 3.395403430725227 -5.5474321027869165
0.47272869905825055 0.009790735876024362 0.005885136942019194 0.009800952474295417 0.08517231715710889 0.19999999999863963 0.19999999999853588 0.16880441037924682 0.006812265110288023 0.013149594606674383 0.029711501702617354 0.7316826517343183 2.829628208207802 1.427612178426828 0.7739873945847069 0.3969498883046307 0.5063449493622617 0.6166780139240454 0.5685622060612818 0.844504478241419 0.6506836474591433 0.8592681525798559 1.7689600613101413 1.733520038696322 2.327393092511316 2.266415153736568 -4.727688711550116
0.9005790157547894 0.00855648276032756 0.005448897848187686 0.009308148753631854 0.09123765745186596 0.19999669432272235 0.1999403066962934 0.1718774703369341 0.005907527846422778 0.011320053482198044 0.023890608675920112 0.9251337302373484 1.5851146196892127 0.8418834174003716 0.4766078641037416 0.2530722771656088 0.3496226409787659 0.4614974902904396 0.47834551675671 0.7815859826505547 0.6772772298601066 0.9545290121533511 2.222802646035684 2.1519115149963897 2.9430989180608185 2.8876771829865757 -4.9565916289139045
2.0660139968587723 0.007172825362735262 0.0026680447288595344 0.00043006107625851483 0.11156649222338175 0.1999999999987052 0.15294249254131495 0.08486566165889062 0.011229340258464946 0.01938844426090588 0.04433083785379656 0.47810818779608505 0.8006823268295296 0.499145747185456 0.2987495464828671 0.1749290885306737 0.27731871270723285 0.40769007234940124 0.48041647173260027 0.8316832994570239 0.7557905640634867 1.093333487299535 2.858829653981043 2.776593655418761 3.8297448278544137 3.7897027404298718 -5.509159391050696
2.8128800406682966 0.006701872880519967 0.0009662544185619097 8.592186658667066e-05 0.11562020647910856 0.19999912781100865 0.11212649685926482 0.08144859974522572 0.013397969323103042 0.02185757595813992 0.04404132106440985 0.4672300386937995 0.6294370827499948 0.4260784529647875 0.27160029068992203 0.1683316197559441 0.2773675015341071 0.412590077671265 0.4891226413576523 0.8578703277352648 0.7715989950269196 1.1201857209445014 3.002970668420237 2.9650169967808595 3.9913871202141586 3.9999665421567214 -5.712771965289803
0.9905481101066597 0.008115555287693388 0.002054625799336956 3.378271910375504e-05 0.08898116039683772 0.19999999999999998 0.11382768395996813 0.05763084422850637 0.011940840723555718 0.02124272991558598 0.04780235537635505 0.4461430517241548 1.4438487641921718 0.7717312181367076 0.44106097540668365 0.2352738325707275 0.3286176002238142 0.439711166023049 0.45714496821188677 0.7414650228214563 0.6350362387478272 0.8734959212084891 1.5826911412068994 1.5146931793826233 2.0320930497245073 1.9625347388054537 -5.43784095651239
0.8961018932381425 0.008669237349030592 0.0057240518157263285 0.008261684818745377 0.08266324128037733 0.19999999999910115 0.1999999999934305 0.15196799445612028 0.00624744427689263 0.01181612010208022 0.02631116108888339 0.856632561974674 1.59201092519894 0.8416818531910032 0.4777537663083208 0.25598348014029726 0.3472214653954118 0.4587016979868949 0.47208536151241315 0.761162414422776 0.6494009222682025 0.8983706075791723 1.7953901297355617 1.7343317064966437 2.342809602281025 2.265188148101149 -5.074363683788196
0.6478298315487947 0.009340377351495108 0.0059571050764742756 0.011794081516189204 0.08226043847186644 0.19999999999989435 0.19999998092518542 0.1895015698976227 0.004853161485397454 0.009010631429589109 0.019802412966454415 1.1032067922815483 2.130295625896204 1.0972886083661575 0.6034276305626948 0.3122555023541575 0.41110240163982303 0.5226047924575229 0.5063237991300266 0.7889306749087753 0.6454291172366381 0.8823859813494879 1.8649070810419235 1.8112193317120167 2.4439220799320216 2.3784982256536846 -4.7783727405375345
9.073191965061415 0.005322671850924646 0.0013730471744440732 0.002104075367820821 0.12558562217733987 0.19957204557643907 0.19999274221977653 0.1933949760152917 0.02171823167418731 0.03173168984534902 0.06914952881676535 0.29855317309676355 0.36092337804239627 0.3265697015371904 0.24247014993128552 0.15848987770886427 0.27960092301678413 0.42794911979599315 0.5180743679824402 0.8980561832027817 0.8513736471003268 1.2638216890776999 3.9995461686882203 3.9945589525032066 3.9999999866388625 3.9999999994885567 -4.565073235442434
0.6050654564912906 0.008567421881568628 0.007349425832285643 0.013410503598827 0.04505343209456069 0.19993124757967823 0.19882704963649855 0.17116335133921512 0.004669911738172174 0.008007889469830833 0.017524346646912894 1.231114886833137 2.2394535755281444 1.1405020318473897 0.6248090525098204 0.32202888588606976 0.41332522771457225 0.517057404494046 0.4832823739827884 0.7276371680349922 0.5517798477630264 0.7049687934726035 0.849544794663865 0.7919024048612701 1.0388818528559085 0.9777993491175274 -5.104131684861232
2.4345328997734748 0.0072934275433281515 0.003187304888348963 1.9240563438669902e-05 0.0988769506739411 0.19999999999999785 0.1542906813684074 0.0674177571530064 0.0124324564831426 0.021389703284903628 0.04485572379963173 0.4625887427341681 0.7034862061121163 0.43506992533265026 0.27961691581573683 0.1673090106969395 0.26922863944871056 0.3996667108235873 0.4680798866350188 0.7933807456244938 0.7119947258750483 1.0040116141407727 2.144511842179652 2.059133277798027 2.813677126612162 2.732184368357936 -5.790329527165018
9.182376661994967 0.005438617977675864 0.004639963947377582 0.005571007871810166 0.10150236777582533 0.19891380246754034 0.19960099770533402 0.17217991318043363 0.022429926335755294 0.02762634345205197 0.0647288900161386 0.31203018868129917 0.361093860434809 0.327652939822527 0.24333431819405232 0.15869495676167464 0.27518151615992953 0.41531569330893786 0.4912524330250462 0.8381209750837586 0.7712615734306955 1.1061162584548 2.660010072132014 2.605498795216447 3.550359406225561 3.4787314792202646 -5.797276394290747
0.9461143675436571 0.00835130593177508 0.005219366788527056 0.008454268864085061 0.09691643712846243 0.19999999975700597 0.19999999995467507 0.16804979346794227 0.00617372682260628 0.011765637254985632 0.025976967806440217 0.8667713643869852 1.5183669687564665 0.8435715184483268 0.460146249643573 0.24731278827119346 0.3483238415346687 0.455732740083682 0.48141728130782135 0.7915008017189425 0.6964245638580278 0.9920009406140463 2.46773543897204 2.4053514733511943 3.311766457820842 3.2425198829087503 -4.939916537540149
4.282477445708605 0.006140493150402851 0.00015848927163071203 0.00014681051682935488 0.11552360180788712 0.19999999912302774 0.09500268447428102 0.12473827724225438 0.018051067514243402 0.02543834886958077 0.06129752766987401 0.35998180615726516 0.4910012113698692 0.35289413204153136 0.24949342837944638 0.1577370941604867 0.2724745212221085 0.41221871705088453 0.4914429560115293 0.8498182507542423 0.7806790289969451 1.1308635988784859 2.9445132134721015 2.8502749162946794 3.965278322527083 3.9490583416486857 -5.4173399124870905
0.3897364694069647 0.010392053476682263 0.006521293189954551 0.011546757496521896 0.11307274927123792 0.1947870391794629 0.16455640742883282 0.14342051914841097 0.0026752327393518177 0.007129661189591712 0.013292962692370555 1.440441529066468 3.4572518465785813 1.7801989346359683 0.9424153092429095 0.4501381836278675 0.6017213611333421 0.722998792238731 0.6876229632551453 0.9892517712924385 0.7339325135023779 0.9968545352285153 1.6557148535609387 1.6782244039777547 2.029655680321585 2.071572739520168 -3.9089864916989043
1.7633365578528535 0.0072870974332929425 0.002295720469918256 0.0010453365788243084 0.11338750476939399 0.19999999999900686 0.14398984546001656 0.09442744605721494 0.010502815448925309 0.019048104259703283 0.04391916164552272 0.47770004959510964 0.8897298885475688 0.5256567871744454 0.32203326672647237 0.18785960355064243 0.28392231540113605 0.4120784911446099 0.483991324455824 0.8270621633341338 0.7544223677940418 1.0938148012840272 2.945095406723595 2.9194192115552218 3.999997165586546 3.9999680040957766 -5.41954882848506
2.30012458434066 0.007090966513239353 0.002089188257923217 5.11603122154478e-05 0.11165763761835028 0.19999999999999815 0.1375034210207781 0.08052895044738288 0.012255101848103807 0.021114149194058796 0.04621586943557171 0.45298613592688797 0.7199262961646005 0.44859101119245876 0.28562354460949835 0.16998747312858942 0.27431954474607895 0.4056521223236915 0.47722569208671883 0.8333678293000564 0.7570118432709946 1.093334742259066 2.791095672260672 2.7401283373979903 3.78318081928966 3.693801132564242 -5.606927701385322
5.16521719644323 0.006776355312468773 0.00023201921925485052 0.00013009791780716078 0.08364210048417284 0.19999999976174823 0.06707827566290304 0.058531665488344035 0.01918034310426943 0.026031119679376834 0.053344552285943855 0.36933653955996537 0.44168152099339586 0.33163484157301165 0.23918148530721037 0.1478345223040637 0.2621146799114075 0.3954472695082218 0.45126348476342243 0.775723064498563 0.6483727500568688 0.8930251015065372 1.4114799616095557 1.3397601384672015 1.7953962463406907 1.710447644046962 -6.515744918224082
2.010434148396772 0.007253744930650107 0.0028245886660892296 0.0007943771321526489 0.10923390044530748 0.19999999999999113 0.1544993434179113 0.08801191766728717 0.011044567704602127 0.019437548239843488 0.04402327393064505 0.5245459765606635 0.8135452092505949 0.4875227787489687 0.30293276466293745 0.17692363535984082 0.283721928283137 0.40722919177593714 0.47828002728548336 0.824646177792907 0.7477565569039564 1.0765156124730229 2.736586546490759 2.651835160022443 3.661828805546353 3.5955190519992746 -5.527107863016469
0.7065998992868104 0.008995109780886672 0.00560952653857311 0.010693165704466318 0.09163064841266884 0.19999999154785694 0.19999249369762948 0.1853259117455503 0.005070267545147696 0.009830069551553782 0.021617052601667575 1.0218215665370445 1.9737552841563513 1.0273338316004859 0.5714029582982603 0.29760300653494565 0.39239338295619813 0.5098229901876403 0.5031427452641565 0.7975313879046673 0.6729491054928167 0.9370564770756842 2.2567081610258812 2.205429908586194 2.927214455471353 2.960890521792634 -4.7683403819079215
0.7205879726002846 0.009195971415683376 0.006026913180993444 0.010285983481424656 0.08057041666619537 0.19999973584183725 0.19999948786499405 0.17076784970772213 0.00515041593183477 0.009759490082975983 0.021972160701707637 1.017977193693396 1.9316826067016926 1.0076609496654474 0.5569320380862007 0.29361154161605973 0.3905629927416695 0.4956579362649656 0.48890017175182915 0.7728577301218457 0.6410506509711167 0.8761274250628955 1.7682253224975313 1.7108114698210415 2.28631953961628 2.2524884442088355 -4.895063159960821
0.3430646971204143 0.008222818248746221 0.006676192917735179 0.014147597502883604 0.0885290423669682 0.19999999999999998 0.19999999999989987 0.19999999999975993 0.0025217770494332897 0.004823846094315333 0.010668057959393563 2.1019452300874755 3.862186341423943 2.03887184711799 1.0239961584110426 0.5142888796299048 0.634104650103472 0.7610346474812703 0.6744390900698779 0.9608198152182675 0.6987389998103691 0.8825940869843888 1.8123752591126328 1.7535288651899934 2.3452729192982416 2.360071408784727 -4.20891952230052
9.996467149429462 0.005128626857107508 0.0006928494702895496 0.001368478035114394 0.11415441424867996 0.19999242163077047 0.16913498003352445 0.17554739862571564 0.023761658062593262 0.0324521706963768 0.07082419171610718 0.27665660540285747 0.3518623360915301 0.3145180545805365 0.24461196530120455 0.15639081043977646 0.2781613406666028 0.4233943765342794 0.5039259555972487 0.8554217457918037 0.7838784432766605 1.148865774327057 2.913741968484427 2.886397959454669 3.933641037131696 3.877348940827007 -5.123196040356093
2.0368214127144526 0.007954215053631085 0.0032948261504340062 1.0671887804680553e-07 0.0673163751464131 0.19999999999253953 0.12361636720752238 0.03524456453507144 0.01162308847216158 0.019648374543812262 0.04370760944918657 0.4781142484971474 0.7975415002870153 0.47172166175460517 0.29370682915299035 0.17125111211580432 0.26502094845622254 0.38275350501039873 0.4307576993331266 0.7040290797317496 0.5966273046372159 0.7910926589870573 1.0316650779923389 0.9607575498041239 1.2748698729175247 1.2020413209686682 -6.085436893664581
0.6544775620252923 0.008446111844102955 0.007335791153713359 0.011756440497017658 0.04777580453971564 0.1999994463214043 0.19999918565953823 0.15553885545554533 0.005263006941443434 0.0085979019435842 0.01974739955044657 1.0928267089968566 2.0767630729630735 1.0683007247524572 0.590122645168063 0.3027328190451473 0.3954208627336376 0.4976545702610909 0.47380388325246287 0.7198832694677445 0.5545421107381937 0.7124195654245238 0.8771345888524562 0.8209773956975138 1.0610295570073203 1.015950916787962 -5.170332067091187
7.423212717753168 0.005467742236296532 2.830899920609629e-05 0.0012951634231291593 0.1125763922890234 0.19995999995619004 0.09436034794068075 0.16328217146277693 0.02251521548731314 0.028799675622446348 0.06800512544074962 0.3104390575070051 0.3821615807626695 0.318968647596654 0.2395567432468123 0.15585584510873843 0.2722043742945167 0.41468190591679155 0.4941128690734591 0.845359301402448 0.7794597795396873 1.1217193647390944 2.768820847018582 2.7414345915933684 3.755343211249775 3.663433029655045 -5.69060416386617
0.5285125225106313 0.008181059144337614 0.006601300438003771 0.013043466352744518 0.07014334255995533 0.19999998292760665 0.19999418428990456 0.18827290206309563 0.0042656162766326975 0.007477179514213919 0.01681537268021297 1.2730326415975286 2.5671334928463403 1.3002726240064333 0.7040148581362398 0.35788198334495025 0.45949289640641805 0.5698516020639247 0.5296250154567962 0.7954436887305159 0.6133183024186923 0.8043660142164506 1.3953965221237576 1.3298084530224894 1.7742169177334752 1.7242221260240063 -4.764658127544751
0.332772154799077 0.007897612159991978 0.0073454659098735825 0.01247181396150767 0.059145821176302266 0.19999999999999998 0.199999999811101 0.16655452151424469 0.0023687378542566993 0.00950415723218759 0.021462921308042462 1.0096912383647392 3.9573616646710725 1.952571600954583 1.0358893437127745 0.5180391378609219 0.6352374240460589 0.7511083923992764 0.6448212772350078 0.9065691190881023 0.6226109578248713 0.7537968176655324 0.9674294488872853 0.9110005285979345 1.2143113600208726 1.1556476764119092 -4.671702632484409
2.1567630450952935 0.006994211160035079 0.004271545082712497 0.0004712062646181771 0.11173387784381875 0.1999636929269604 0.19164785919433638 0.08902454546981582 0.012125597194064345 0.019727245222803738 0.046604393991502 0.4922704708317847 0.7611165841864559 0.4767724233394388 0.3001262953328007 0.17978945907963234 0.28389049683133 0.40390424636131667 0.49742432633431183 0.8369248760052209 0.7689326365828287 1.09703410699782 2.9428016324373347 2.9220515929682787 3.9913698131905515 3.999609770460207 -5.5364910965547
2.8024036146147324 0.006157821839757669 5.104821082823731e-05 0.00420471401475951 0.15657052642501043 0.19765816074330006 0.08937078566527455 0.199163805378445 0.01405838160603828 0.020730341846767354 0.04331157713416723 0.5134968408910716 0.6404679834856261 0.4254260148184363 0.2741781407502763 0.1669452903949602 0.28552187221537967 0.43919509021246095 0.5475607215417144 0.993561480516358 0.9931640320164853 1.5665174700238316 3.9297936468898422 3.9926467746178185 3.999995363698864 3.999986923398145 -3.907842666277621
0.19157206473550056 0.007086043012400895 0.007136403567664837 0.011346957501714277 0.07362105778040931 0.1999999996957179 0.19691847883681063 0.15022202052122405 0.006338904055275669 0.00996201684735353 0.021558449842222136 0.9669264489155137 1.0510432420507207 3.6280328324876603 1.7167430095798921 0.8595105367209228 1.0012626591863492 1.1567983577172407 0.9394851717662072 1.2817895539041955 0.7934740223321434 0.8947535204802963 0.9539185401783788 0.9025365136898865 1.1949001058540645 1.1494188146370101 -4.976243252044031
0.5811313466070774 0.008261164679890584 0.0045936021396859854 0.005913957842742108 0.15250068891637505 0.1998486074022806 0.15513073759143461 0.12138939894538599 0.0062451139593005635 0.008352616564866173 0.02180253405080541 1.084270884943577 2.4167509962778753 1.2560908918339293 0.6601484239889686 0.3654689285883733 0.47361389077540594 0.5981981405161896 0.5831411078135534 0.965885207127987 0.8276971134182702 1.2585557924008346 3.1735624117157752 3.267899481802839 3.986164486280745 3.9920005583890275 -3.8881278354313755
0.25521898193888004 0.010721252377328332 0.005823517138035252 0.010724364615837504 0.10023556504751462 0.1999999733333913 0.19999621018068522 0.1802685946451426 0.007860770806313784 0.013045700758744463 0.028613414683747212 0.7386750706827898 0.8180646341331768 0.7301099197173675 1.3330665463253653 0.6628091407009328 0.8040640526420364 0.9597282670563435 0.8046501769682839 1.119864342346878 0.7811611208818394 0.9449465584094066 1.8134921498759358 1.7778581764146948 2.4537132728651914 2.413280031278871 -5.155348866230962
0.4480877868169291 0.009755932323372121 0.006661350204234656 0.014062909936163482 0.07183934161053 0.1999932967753994 0.19999854901748662 0.19864202724726146 0.0035986884681023477 0.006385306824115282 0.014393246835998364 1.4970569373854143 2.9821460826659467 1.5115141154585094 0.8076524918602453 0.4075704306762029 0.5146884896042624 0.629400493943594 0.5707846328532161 0.8405308124884614 0.6310850576515101 0.8136815103814563 1.4673313277809457 1.3963827688145933 1.864266723309998 1.8347774072681753 -4.581855552590477
0.20455399068419733 0.010867686173547157 0.0064220725669981195 0.011682207079018356 0.0949788188390214 0.19999999963725748 0.1998019230076335 0.17546098478822106 0.006477245821034417 0.010841251455006145 0.02333875785909757 0.9418703794299933 0.9660263275376766 0.8682109383461859 1.6367137153602225 0.8075930105491915 0.9625663762548464 1.122746449206487 0.9325962194717513 1.2505727216767109 0.8402521352736488 0.9793727943852397 1.4751268380516036 1.4303116120331545 1.911170651840621 1.899777332837022 -5.122987220352438
0.35932059040032494 0.010509094075406447 0.009094120740761682 0.01796562122168246 0.017209560792349584 0.19971993669904572 0.1967189317244554 0.19907158505955458 0.003218979113452945 0.005273397807154278 0.013875977486563301 1.5316530915316806 2.721594366465829 1.7952036327726915 0.9535722502634801 0.48343962186983414 0.5841456136740716 0.6867166472080958 0.585661558158957 0.813089361655904 0.5409532668123436 0.6251886460098538 0.5102178082241257 0.46548446119541115 0.590928678027178 0.5517514608131379 -4.804131776289458
1.2977197071738071 0.012544485549909865 0.009280719241468716 0.01118467843394367 0.15837975149526584 0.19905484013971877 0.19245389385117434 0.1409397548729341 0.00819884060467362 0.0108769905654043 0.030966468414826195 0.7625211676340272 1.1656813983084058 0.6830048503303829 0.3889127183515172 0.22009254750254148 0.32809341118109003 0.46739893965592255 0.5597664080679519 1.0160246600155571 0.7294467988104574 0.7822096303068216 2.8062899169957864 2.9162250190435386 3.687724144462628 3.9178197371433003 -3.9365442366721086
0.9117963140630856 0.008251753762088263 0.0024115893463051426 9.959151393294315e-05 0.06967897792237603 0.19999999999999998 0.10341697547593497 0.03790082705662057 0.011645594725296127 0.020252586557218014 0.04570018582852536 0.4583754973314795 1.584008513265914 0.8153611924594186 0.46260250978403067 0.24495732220884978 0.33925107244932834 0.43959271237627445 0.4462684194703703 0.6996664980760341 0.5754128225612082 0.7614444597829089 1.0204951383379053 0.9716049025872727 1.2612751253823833 1.193557482858147 -5.608598157300905
3.283095002754976 0.006854667245939633 0.0027592951651029675 0.0002609368310403355 0.10404137952789513 0.19999999999071566 0.14984719670147548 0.07589775306666603 0.015049851655645699 0.02296038969623995 0.04461984483009243 0.45889298149446 0.576114524809632 0.3840270796821279 0.2591287194566694 0.1622569473933666 0.27296895120467823 0.405518162637824 0.4814207409544634 0.8195591248631555 0.7405052034412092 1.0523832074538875 2.393005161528746 2.329175829683039 3.198763413537658 3.117071005286233 -5.88912500715222
3.2437224553017203 0.00740853483959302 0.001961263340489877 3.6968721920181216e-05 0.07717185066259885 0.19999999999999477 0.10329845898976839 0.04412161288875873 0.014972615556102187 0.021613670071698916 0.043360144320061446 0.4726529605840932 0.5758937162615602 0.4037892453499194 0.2554127055355866 0.15761530605528057 0.26090197253605124 0.38573671170600493 0.4429740009931506 0.7557264627997053 0.6329109033550475 0.8535843986788518 1.264171468283199 1.2122260999362702 1.5659321958637313 1.5092199187805815 -6.272574584199875
0.4351861319728619 0.009635646964384055 0.008246299440282292 0.010300896980717232 0.11709181058789872 0.19998812539202432 0.19700054401447736 0.14831350176875177 0.002975527340320178 0.006205511659726749 0.01642300795303499 1.3358663182682593 3.122251086164489 1.6119180842891487 0.8497502050334471 0.4092174183652661 0.55638945412468 0.6662378644077146 0.621220496301835 0.9648443379335769 0.7461931315167502 1.0358393200407097 1.9880329546057844 2.0613227487205332 2.524383190174423 2.5474517105200953 -3.938272028579962
9.992995259239983 0.0050252612838009025 0.0009867659480607507 0.0002467948833143107 0.1447498947557251 0.19999974479942143 0.19999762548221237 0.17884027665278893 0.02096286373669377 0.03236026090790355 0.0709931791311435 0.3012408002211884 0.3544285230832285 0.32670155429073744 0.2445089880967748 0.16032009135611142 0.28617167127054255 0.4435540194228572 0.543218993987531 0.9632956301416836 0.9441696786113578 1.4433694889363513 3.97267998681767 3.972560138521243 3.9994275995436723 3.9999999855962836 -3.8303313543236057
0.6859638697573414 0.009239457466622318 0.006600028015768651 0.01242710814462976 0.06713294046274919 0.19999988021234524 0.19769236123240663 0.1851986236486092 0.006396124708462047 0.008902575705501127 0.020422202982584643 1.0171197647924546 2.0202656471680336 1.0809399746921133 0.581012844029237 0.30816341466241276 0.398344474436609 0.4987234592586108 0.49164002728935263 0.7551427118987818 0.6077004883298307 0.8107983073231128 1.3980685242562942 1.3171353517544686 1.7301677036228158 1.7025199219360447 -4.910229875309498
5.164839964233078 0.006173286894789079 0.0001341110743652568 4.5418557661772505e-06 0.10869527256290593 0.19999999999999998 0.08857377814029477 0.08117175855424041 0.01919954300441581 0.026320115445549117 0.053610657199491846 0.36643616296143894 0.44178761730656185 0.33345476279272157 0.24524270707496273 0.1538816084823209 0.2693710920290593 0.4100455610691035 0.48648661073125543 0.8259534862711914 0.7551175261954484 1.0772557089642845 2.4846834259757755 2.4462143115962047 3.327952845734428 3.2416920947362877 -6.198800077377702
0.33484043420895526 0.008364275618249989 0.006696078106740211 0.01414535358547309 0.08990462839319882 0.199999999964423 0.19999999999605222 0.19999273034185575 0.0026215318081327095 0.004946623166854695 0.011269267632550478 1.93153885515125 3.963363067329844 2.022783474181775 1.0514402709890283 0.5330267347498427 0.6513950041998963 0.7764124786616835 0.6918461579046821 0.9764946422210464 0.709981166767899 0.8861135509915293 1.8021662578138105 1.8066301733693952 2.4092553789806423 2.4359174724148422 -4.185968913769009
1.2628972188903407 0.007999170486613355 0.004461703606934802 0.0049066186148359475 0.09140394022086357 0.19999999999999757 0.1797577872598183 0.12098223965892141 0.008084243691452398 0.014995686565297685 0.034055923906080025 0.6755981595211752 1.1804633574814767 0.6524300483231024 0.38527202644654207 0.21116891816209363 0.30343881208612067 0.4229020768419907 0.4613043719896129 0.7728583358029463 0.680727488665894 0.9573648051225396 2.0324004595744483 1.9577735234791065 2.6254096638999043 2.595016040667965 -5.310750651571135
2.351383617487841 0.00782463305330533 0.00457110297413163 3.402445020790271e-05 0.07195985449314334 0.19999999999999998 0.15946784739887346 0.04141513335107283 0.012148403555241057 0.017851120027867526 0.04324198556883273 0.48392972348544155 0.716796995887514 0.4376220127271283 0.28122169040566664 0.16618925826417708 0.2650499378895647 0.38431051107071573 0.43571357959927803 0.7413152789298368 0.6196215728582561 0.8308262940943553 1.1850790987351922 1.1223931314458624 1.4839072559165198 1.40493576115695 -6.06650516643909
1.0690878331176077 0.007990927282487313 0.004903725241618673 0.007291547411412743 0.10346693068601362 0.1999999999990545 0.19996995003624055 0.16223907544955168 0.007122008904317649 0.013522682464952198 0.029965847359606113 0.7372262936671594 1.3631285964584459 0.7438905279539122 0.4253946069689439 0.22966302210898956 0.33153968379882326 0.44351202218374314 0.4809931202621483 0.8039558081393862 0.7217360060444306 1.0420750449145222 2.799623945300768 2.744431333430922 3.7739798098285817 3.7341744020499257 -5.011174274185422
0.47131959166583537 0.008756345807657717 0.005665368347653669 0.008915847103041484 0.09131988527491183 0.19999999999996604 0.19909184508991146 0.16293071254157787 0.006892515182182552 0.013218091827290113 0.032505743583200124 0.7076633196173723 2.88825621929207 1.4390865567914217 0.7702350088784502 0.3927240429484359 0.5094344415408589 0.6240717985365986 0.5765241169217024 0.8534486477970752 0.6586126822148842 0.87561863816239 1.942695737187801 1.864216958536266 2.5622760964734286 2.5086601058970817 -4.698039501275336
0.3769924426004543 0.009094325701417567 0.007851521409001428 0.015632129936912296 0.04483454049494308 0.1999482811712267 0.19831110848164482 0.18901860051670355 0.004167613977917018 0.006569914793944187 0.011939768244494633 1.6333436769016958 3.490314492137923 1.8792467413097054 0.9284649084698133 0.4645313451435338 0.5734184821692107 0.6825873317007594 0.5934310753380125 0.8419645354419827 0.5847451625807977 0.7062951294660463 0.82986466310065 0.772354602681914 0.9981050343352701 0.9595367701542263 -4.654872186415237
2.41128215007086 0.006894778015538353 0.002694309788203855 9.405226068983327e-05 0.11368643953385309 0.19999986716236368 0.1566436584926492 0.08349451734724278 0.012587631049108074 0.021725115361963497 0.045683331449646175 0.4507535379069996 0.7106239293115171 0.44170069770214004 0.285992289570416 0.16691128978678393 0.2789192039618921 0.41123232260797343 0.486612342200347 0.8442533247304627 0.7675397865003761 1.1160080363810463 2.9910045075103238 2.9355798248589675 3.999998734146007 3.9989755937116103 -5.617018463749438
0.7783295901212085 0.008790631739092293 0.006827567638427488 0.008920700874583291 0.05744369207734816 0.19999981360641625 0.1986217730253448 0.13281672529702773 0.005889371078444083 0.010025619700035585 0.02331165827754595 0.9328247893069507 1.7872282064018388 0.939337672687453 0.5204374093418104 0.2762879999877466 0.3631049642459348 0.4648980066944503 0.45776863118486916 0.7166585191853996 0.5757727016990863 0.7573423268143188 1.043348874562004 0.9650781219421718 1.285773298129632 1.2355855405984388 -5.198854980660724
2.192953641538356 0.007209413229144672 0.0032199948041649867 0.00012558010917577823 0.10991529027214583 0.19999999999999993 0.163433952182101 0.08071889345144082 0.011761796366481888 0.020485077097389857 0.04567083471827217 0.45944284209992386 0.7517690386888368 0.4604728807405502 0.29476202210525965 0.17723254572840536 0.27401262340723714 0.4094838734256084 0.48649193245684097 0.8296616001075858 0.7564142401401505 1.0866870720111148 2.775762419156949 2.687986263651958 3.715337956169904 3.64402372874349 -5.589515145050901
8.10586103322524 0.005216450771324835 0.002178134820051292 0.003180098495488485 0.1101410122387459 0.1999804841905879 0.18783056212048982 0.19957899752616007 0.02343733356073592 0.030555163845617458 0.06815093529980434 0.2991604779066361 0.3813983818199619 0.3256921726265733 0.2353384851856103 0.16233123325624893 0.2811517637159528 0.4217808139012778 0.5027303560372983 0.8605270061444965 0.7899682037284058 1.1302453683044364 2.96011770697396 2.8294079872049744 3.86938053802606 3.8141820228360395 -5.211601223440812
1.850812703875881 0.008340379195391837 0.006055640492499649 0.00391901953415417 0.052413850053417324 0.1999380418961317 0.18146058701781045 0.07307430285054581 0.010035895351426469 0.016104353986766243 0.03500238189313955 0.6260530495316742 0.8579614648155895 0.536705050408139 0.30700401242734027 0.17725500260409519 0.2678928675784569 0.3794097125132619 0.42096698984259484 0.6891456654012234 0.5690670296661003 0.7414008318998171 0.8557431637387304 0.7942623234806636 1.0317738332885062 0.9733574572983432 -5.995899449300996
0.8784948176042569 0.01589559999006205 0.011928962807074344 0.017868093562050585 0.11952125537886947 0.19999983833703214 0.19900024774673966 0.16258581271456918 0.005089736014430763 0.00851296165055651 0.020694345836692603 1.0444489653419027 1.6227077783896864 0.8672814599817857 0.4910514157542417 0.2621059200555539 0.3677941932509532 0.4938147527697791 0.5378477789292757 0.6760254563622903 0.5402721974690972 0.5106319721818697 1.8802809405606908 2.1137842328612133 2.5663182736764156 2.8275793310806643 -4.166377727958366
0.4337691626014354 0.009845919429613307 0.005520368621758868 0.011168758396257293 0.09784824455575938 0.1999999999984843 0.19999999999895035 0.19417572955044 0.006261718188889015 0.012619087434397732 0.027930906721024485 0.7809699643889767 3.0919365742204965 1.5523174948210503 0.8341178047698703 0.42497997600997506 0.541240670949498 0.6598730128384365 0.6105409005896794 0.8954004267549931 0.6934229660876993 0.9231835893913424 2.299463659475954 2.2588889055091705 3.0752972137904986 3.0760107046351637 -4.535523590878159
0.5775428693592887 0.00960955545665685 0.006011377272757408 0.01274159767201946 0.08226411096689533 0.19999999737040344 0.199931110052114 0.19866578218710246 0.0042638102500486205 0.008050377550950248 0.017461125074514687 1.2454402287247426 2.3723914341207313 1.2108026676179715 0.6635245524780905 0.3405006436854717 0.4451379815342812 0.5557091642695878 0.5229971564188919 0.8065813487148554 0.6453435037892746 0.8723553284747668 1.8664635956711844 1.8158678539569086 2.449832458573808 2.4055458298030787 -4.680361533358504
0.19583647419746578 0.011203752842315154 0.005879016661066927 0.01268859221507568 0.12133981218963352 0.19999999927944026 0.19999999796119955 0.1999436412494038 0.005997346963608498 0.010393807150592722 0.02200903340966778 1.026011439638044 1.12737462711515 3.233910506402911 1.7178362815819024 0.8440058523826031 1.0195981504765268 1.2088806702854713 1.0140785774020846 1.3735547227547555 0.9333253186259718 1.1167802162052147 2.131406129026635 2.089037867803862 2.8736900047820173 2.9008722887772738 -4.532032803199463
0.41791378662362033 0.009111760527968162 0.007447578815101637 0.011356358514685994 0.13348633184689707 0.1999998893687177 0.1945684311398427 0.16335786147868261 0.003236856243399579 0.0056691551821698065 0.013781529769644692 1.5393831096343247 3.2149889344880336 1.6793279359120246 0.890279577327316 0.46120069867864355 0.557761958984305 0.6938928130378851 0.6628509029108433 1.011680009553853 0.7901972261158031 1.0958387786479005 2.6574163335241185 2.787369291971058 3.4846049897143363 3.5428652710013595 -3.7656482697101703
4.138842836447277 0.005856440791727752 0.0019479741268104219 0.0016961533842902185 0.1253158409643136 0.19939841170910744 0.18794266391679923 0.1652735668294901 0.018057183239022948 0.027007284290445816 0.06066807720127219 0.34974588121006683 0.5012208521653709 0.3635973469123509 0.2523857816972734 0.1607136476885435 0.2775560443960152 0.4229591151222568 0.5127845138328151 0.8963816948091413 0.8367741467816064 1.2413500987864983 3.9999743986233285 3.999096589600481 3.999999999999991 3.999999999999998 -4.503795490659851
1.9223374231294266 0.006776451893684648 0.0026799598870763702 6.489076991373024e-06 0.12419272990184714 0.19972708603995526 0.15145352861141975 0.0848081744158445 0.011236211487977195 0.017476943031132165 0.04423181864048685 0.5327897707923122 0.8338237622089648 0.510935232821051 0.3164724283021474 0.18742111354093008 0.2910810146694237 0.4216665821705452 0.5014324629237464 0.8613824725209761 0.8047183748786931 1.173205210777907 3.6756537364023707 3.8876225015317094 3.9986962516217233 3.9999213362454977 -5.081598039630117
0.5584733589465433 0.008092080757766181 0.006169633471508356 0.012898202334403266 0.0816610576729835 0.1999999921790801 0.19992641100626876 0.19985143420389836 0.00427220686299078 0.007990788989321509 0.018575721114230583 1.2291876890200202 2.458446964339424 1.2583886097609973 0.6904766201579497 0.3330283852870443 0.45924499983561734 0.5672622509042944 0.5289147840693398 0.8072066375187861 0.648696128597491 0.8495934499016514 1.75431141085197 1.7441291314312102 2.348278075247806 2.2794680922858666 -4.677495330245163
2.682709438300014 0.007292869628168184 0.0013204834417793584 6.7395331244046225e-06 0.09398907844548249 0.1999999999974254 0.10215541585747018 0.06096120389997864 0.013076387341399327 0.022370096050562137 0.04455474730795532 0.45722945753606803 0.6493019605051862 0.4116765375171174 0.26966302171441503 0.16181378506278288 0.2656146368324711 0.3979139620832847 0.4602922010345148 0.7929600713955326 0.6918495206912448 0.9608768752131943 1.8559693295245692 1.7649380149821456 2.3697250903173157 2.3113020789258436 -5.962161378210445
1.8099260467148304 0.006903474946160616 0.00184735129238229 0.0019379880159892317 0.12594439329161217 0.1999997865774283 0.13502496348493181 0.11349469527463421 0.010721566107392428 0.018296465169444873 0.04256597789583405 0.5756920356034314 0.8869458226927162 0.5327143581624172 0.32224157485695504 0.18913773234108255 0.2923892071946743 0.42186317694955444 0.4977837544892256 0.8658876882720921 0.8092863070756225 1.201843438533757 3.999650968296884 3.9969433017028675 3.9999999999999973 3.999999999998897 -4.888855431813525
1.3308162301130497 0.007735417185135843 0.004446483538548546 0.004758823129721423 0.10416462525708906 0.19999999999999996 0.19126506413248973 0.13299791930082397 0.008289870288810314 0.015357733787319187 0.03550372565740079 0.6626328365333815 1.1336788695488553 0.6337319268235946 0.3754837239985482 0.20803288179912488 0.3085024582212116 0.4231429734654415 0.47445575184797323 0.8059667794440974 0.7283745947613443 1.0485213567937925 2.7010628471264653 2.6314233950272703 3.6400241372929587 3.5725936929533693 -5.199512351702804
1.8325081043729312 0.006913538099787077 0.0031389301973967177 8.013676556177002e-05 0.11828634601017413 0.19966509268963767 0.16549159374883715 0.082534994725438 0.010987773926563098 0.01863465657234164 0.044111963030145744 0.5095772255515195 0.8721962533030317 0.517028260897554 0.31765830529981537 0.18651174836477874 0.2871645301598033 0.41493379174415984 0.4843603755301437 0.8444314810394937 0.7759609053694474 1.1423736616207187 3.3278052805377607 3.2776216111359266 3.992871875027348 3.997968594084492 -5.28026882509525
1.7843846493655533 0.007522528243001145 0.002741335233245409 0.0012987974284145542 0.1022310624236038 0.19999999999999998 0.14548707811756478 0.08683232238607118 0.010413684958428503 0.018523018522082157 0.04265274245656381 0.4982043035973822 0.891159661891433 0.5196775155526836 0.31770965110729227 0.1872741526571558 0.280798287414972 0.40499025929504445 0.4674864463299663 0.8010744769943514 0.7181446727465972 1.0194844507396699 2.3597731446178076 2.281165805686982 3.070978533696184 3.0555149601771583 -5.536648301930637
3.988073476485423 0.006374638120156894 0.00014240130871035316 1.2386367734600977e-05 0.11439830633391906 0.19999999999999885 0.09306773133665622 0.08229347672114555 0.016657367376414395 0.025065902781691556 0.04708762149540104 0.43521379805237764 0.5061242635340083 0.3573880593043092 0.2489406621892223 0.15578337585431318 0.27043204043326147 0.41035055433883544 0.49007450342455483 0.8639966334541737 0.775458768066747 1.1204891469027196 2.8799461761984295 2.811722535715959 3.851629883754331 3.8384868393373526 -5.9257779629031155
2.20726270735218 0.007420675075980983 0.002057124815910944 4.672414735093196e-06 0.09940179350034795 0.19999999999999998 0.12508405047134205 0.06726284253525465 0.01187798548266741 0.020672539473990285 0.04541037353586477 0.4600896532509322 0.7499231036903456 0.4563630310292249 0.28957410255445465 0.1684963397927108 0.27299199395907836 0.40008702105445515 0.4619429742598612 0.7967619431493401 0.7070017559941757 0.9967769109252239 2.109042864476111 2.0299397725303905 2.7653192384246785 2.6870722370734805 -5.744910759326897
