0.8618289519317629 0.01964856012007182 0.001015330537143223 0.0038493536385559245 0.07764107479617566 0.18834961413174112 0.06988798390936418 0.09851646364751784 0.020061017521099952 0.027485815535832316 0.03714587671095717 0.7176734795062728 0.7522296084550509 0.8767365495574918 0.8944810434351792 0.9205312360826441 0.8793372815945114 1.2838606756552426 0.44667215200018434 0.7828059330242297 1.3538589878097884 1.2673686310799477 3.410843372445438 3.3411132259805356 3.780042641698097 3.8464277455149185 -6.021345697593626
0.542421548423833 0.022890506738174467 0.0045923729142584805 0.008722970299504603 0.0601702780517483 0.19912548705604757 0.1170709360897591 0.14088546329640578 0.013889964994075441 0.01917878749237675 0.026341646071950036 1.013144628316239 1.1106215556162287 1.2860508569533906 1.2721164688352637 1.2641071050331611 1.1322942291663112 1.5638394730966279 0.49742855232742444 0.8157073836688183 1.296430976220272 1.1585236240166645 2.7865556023952314 2.6743472536952533 3.0663792891640345 3.065943223038716 -5.839427424535228
0.7438066444339194 0.021329309026983947 0.0030407143250345612 0.005523161934361413 0.07161076569898592 0.1991003777010373 0.10368906400049342 0.11547171865152904 0.017967204773331337 0.024532384576423046 0.033525783381807533 0.792107537039527 0.8442322251461327 0.9838949586951495 0.9964144039859615 1.0130005629908259 0.9474582242003995 1.3567441533617317 0.4585667638026743 0.7871974579929978 1.334091138882448 1.2378088651495176 3.384345137457604 3.221282150183581 3.66307666015922 3.6980028347174048 -5.913478756039544
0.7807398710088964 0.019790987058798403 0.0016367240287366873 0.004522486914378057 0.04219344774440285 0.15566913491083548 0.045294429138691 0.07189638538887344 0.018500971570221736 0.025035239661328756 0.03420491005873963 0.7739477751436045 0.8023471748343629 0.941604415904395 0.949468665677987 0.9605140493786083 0.8945274333896492 1.2745665821721357 0.4240035284095384 0.7133760754080494 1.146629714766369 1.0005488730634204 1.5738450523174834 1.473466183496631 1.6234904632003055 1.5900693107171517 -6.201325447150519
1.348883005354624 0.01572808490172848 0.003795511539293958 0.005045887957067591 0.07732487706056218 0.1855541356049616 0.18361275023246296 0.14566578101090505 0.027614078617051563 0.036101958218338163 0.04969426739360097 0.5474151541648649 0.4987321642957895 0.6300577214886972 0.6665005496915116 0.7176433231764002 0.7421252803413331 1.148483224561337 0.42818822216537655 0.7842465554585198 1.3995982041272077 1.3155523659135906 3.634180730764626 3.48543379587939 3.9679057071789203 3.9999960080086123 -4.613167087643027
0.6943227159709326 0.021401682324175657 0.002795979120865455 0.00623693024781913 0.07365634589797836 0.19918683714588775 0.0985725071242196 0.12456332620745275 0.0169066359086888 0.023302702154993277 0.032039442365870585 0.8288084574465999 0.8984080302130562 1.0463462498314708 1.051402885997043 1.0583668467360638 0.9835167075945455 1.3991219336219658 0.4674181461082076 0.7979026244522986 1.3463643939032597 1.2499107279581558 3.4554907562391026 3.3778738778893906 3.8450120867858506 3.8949568856524346 -5.911132914867808
0.7056649220790495 0.021355425267740764 0.002775774632627213 0.005974296904634037 0.07349367938195786 0.1980592347318823 0.09908216299996633 0.12172214601822533 0.01709812189709085 0.023801337362329523 0.03242183875594352 0.8144074759748784 0.8918832940451912 1.0320461183865932 1.0377474900922314 1.0457075693387254 0.9737618525835761 1.3890176777320054 0.465399682364044 0.7955190670183557 1.34375222447604 1.2489331178542937 3.512553365860192 3.333231944506673 3.8354222809138463 3.8633891165761134 -5.900431965327248
0.51281144660665 0.021675756789036608 0.005114687774512126 0.009589480307404818 0.0682435305515085 0.19985588421515013 0.13199142894029545 0.15691637960711183 0.013108820107752535 0.0183697387955139 0.025036527818352923 1.061585131981446 1.1818130418533492 1.3532100052836464 1.333268282790838 1.3256233555864259 1.1855514101228684 1.6293892103497034 0.517300455520513 0.8446510194664498 1.3456991940452 1.210397217426926 3.2756256821676137 3.203369852617373 3.6576861906416407 3.702379032616575 -5.725606286981681
0.5415256592771291 0.020596513252797082 0.005756117486083104 0.009388307456302931 0.06868247873557123 0.19489833301903278 0.14616261489844884 0.15602862600186448 0.014662904912361267 0.019305907124635036 0.02610906478700988 1.0088357330499675 1.1702485410141008 1.288916807001256 1.2921930996449242 1.2729651207801624 1.1471655371720404 1.5767629671930756 0.503857649749457 0.8402560563961803 1.343841573893652 1.209922704204344 3.351182451062843 3.2241940585745423 3.7048734684740885 3.7400440059154687 -5.673565205162888
0.8221962146807292 0.01986174508610719 0.0016684962888648244 0.004155234978358284 0.06850109789586128 0.18165440757650766 0.07266474824304524 0.09354621836776382 0.01929331759544495 0.026191988667423387 0.03583679816167599 0.7400379044268686 0.7715872527350779 0.9111663870630068 0.9212877967716535 0.9454991877786187 0.8932023280209949 1.2950833677237537 0.4424484384549735 0.7653716213924685 1.2983495149078574 1.1942986864351768 2.84672573544556 2.7362666307316412 3.1015601620615967 3.113323924767002 -6.0648967370424165
0.7627122889011788 0.02064139035098816 0.0025123993023496573 0.004731836011927791 0.04828116996081018 0.16924760365311858 0.06884029559378134 0.08176126407977181 0.01797952995867246 0.024452369676021952 0.0338042485829432 0.7942371852449966 0.8268107623554305 0.9615450351666329 0.9691020799369396 0.9749791315457057 0.9120052925483946 1.2985517421426436 0.4321972634918054 0.7312627153576206 1.1895716516859762 1.0531829230830108 1.8840888917210619 1.7674705116376408 1.9823968051475045 1.9519576217906152 -6.1478350686020855
0.6082567978915052 0.021734943317150517 0.003175670460260532 0.006943465990653374 0.0322351798970392 0.16257899535602996 0.06367477488768765 0.0916452530973317 0.014880795825766445 0.020662230831020284 0.02862922622593877 0.9262601860051323 1.0157174736794963 1.161137618812869 1.140664473175596 1.1339506530871668 1.0261440995734887 1.4177948658471249 0.4505664061356941 0.7320869930371989 1.1278325790291013 0.9579816777081951 1.4038153528994157 1.302275548651421 1.4271902721184306 1.3988628633934763 -6.11301733632915
0.8095975898516318 0.020279599963556088 0.001583898046588222 0.004571563337415574 0.0761480742528382 0.19231022752753416 0.07913509725244106 0.10637897537887779 0.019078447606242537 0.026216182405168913 0.035551961774567334 0.7390319859196883 0.7897125968917288 0.9225779906684392 0.9373445129560637 0.9556496153395707 0.9052027698385341 1.3099891324779316 0.4505122152805813 0.7840130966840941 1.3497726647206292 1.2616060961410802 3.4145972988948974 3.348816977586044 3.78540800777524 3.8548479856361975 -5.989194617861199
0.8270922383778739 0.01947022462713927 0.0012086585078214095 0.004356151562139547 0.07779980224647008 0.18744370718513167 0.0734659678096697 0.1047152293231681 0.019619120829376842 0.027021548695273716 0.03609818034996092 0.7269402499093954 0.771272152992706 0.9057944627698911 0.9234279714394606 0.9445310078561776 0.8968432714604543 1.3024951493906634 0.44954019059676525 0.7855638726085405 1.3537205402012134 1.267691714489632 3.457339551860295 3.3491386086623938 3.859957675239325 3.8799672450266534 -6.004585399501516
0.8527183982606731 0.0182195665080991 0.0012945826296185958 0.00390540952445501 0.07651004862268956 0.17658852329223 0.07235199493841249 0.09676110694793469 0.020556475975917234 0.02695641492445309 0.03668318661378907 0.7235981965602362 0.7451981850394761 0.8845827966659199 0.9025012504725055 0.9250926221963005 0.880929534693007 1.2880263742796139 0.4437164883604494 0.776527982241201 1.338074142226848 1.246921651451332 3.244920866225457 3.1613637188186288 3.5879015109831145 3.6185472096711684 -6.012716783142186
1.1131167610681283 0.012072717238622207 0.0014447824899339974 0.003271590883440015 0.1788330478078734 0.1712931201584269 0.18500889117763628 0.1925781543384896 0.025654404904651786 0.03362250032308964 0.045283344300912846 0.5813311638613992 0.6012034602321638 0.7358373153187493 0.78024706398041 0.8417771271721449 0.857895434873117 1.3458489155388162 0.5309796092177476 1.0438745558195754 2.2048707533391987 2.505488525591258 3.9999999999999996 3.9999999999999996 3.9999999999997167 3.9999999999994222 -1.5175925106439019
0.6970848035521506 0.019947283108722128 0.0030143574596032115 0.006287960209896598 0.07488014683717925 0.18971964009668515 0.10291116802414073 0.12542421545418356 0.017189670694752305 0.02339805216636319 0.03206208438244203 0.8272995249350461 0.8966636123025237 1.0436272052436606 1.049011022015955 1.0566148676263303 0.9813126327663891 1.3999091132617523 0.4664430089128295 0.7978758669078412 1.346443280192629 1.2504742030266465 3.4639230089006707 3.3673299517095465 3.857713628185652 3.915234695840891 -5.895047484061947
0.6048463289280417 0.022274634142495593 0.0038073926755441303 0.007540276999671614 0.05686639651034216 0.19057782534358647 0.09998634897800156 0.12393439559132009 0.015010114407801447 0.020620768794038093 0.028756566603443418 0.9292969539501206 1.0157588225119993 1.1723321573732228 1.1655739460128227 1.1591159897469996 1.0548884111139152 1.4653491764795303 0.47290858477158626 0.7849257034933608 1.2618685476963796 1.129240723152698 2.492227681914347 2.4024110904752667 2.7086390163998875 2.7042625092106567 -5.946492073760982
0.9241401082334362 0.016583760790182575 0.000814083981919577 0.003440448275145586 0.07684505327488027 0.16413051124668696 0.06443793308487424 0.09087196501924935 0.021829436840072384 0.02831979487478669 0.03866520067103467 0.6790345707457608 0.6993118389755804 0.828910485556534 0.852696632021033 0.8768765322505694 0.8473797312876636 1.2452820263326319 0.43630296832697535 0.7697249407917767 1.332464645315134 1.2392871337508284 3.1056690112956065 3.023428045612206 3.431731614230585 3.455910992630193 -6.034495929997843
0.7934482075424945 0.020687169632661522 0.0018550301196870733 0.004760324882456974 0.07400395450323216 0.19492950540629758 0.08259487849588286 0.1075491694075798 0.018776375830444322 0.025954248197263465 0.03517567837187563 0.7388185892181944 0.8073939847602245 0.9369377207308094 0.9504764020369484 0.9681857061391838 0.9133883458724252 1.3203836602771277 0.4505579270070169 0.7827394609114761 1.3399435699694384 1.2480980969941864 3.3849010986559565 3.2329064230400917 3.6783698214422453 3.7146038622095436 -5.970553156798813
0.9221250121153308 0.017840283883028198 0.0013931328051643465 0.002679850355995853 0.051898679480549104 0.15002147292034232 0.04940863932582315 0.0578290377094727 0.021399644710270407 0.026640001713284706 0.03813576720009117 0.7003864859438225 0.6935177691488377 0.8255322334288965 0.8453335927162776 0.8675551144732395 0.8294879723193824 1.2095644871254196 0.4152923578802759 0.7174025634258879 1.186343705992378 1.0529727213902977 1.8255784462776186 1.707777676585818 1.9012213983956257 1.8646381209324394 -6.20112011523241
0.6687231724393408 0.021256516912236106 0.0027685364816608304 0.0062501788925836375 0.02471699756039789 0.15131788679805344 0.050285026401720646 0.0769629414525868 0.01620090416931217 0.022371111499947586 0.030546698397912204 0.8602223753857078 0.930340606783109 1.0661566149785406 1.060564091820018 1.0565656634618106 0.9626256160029307 1.339237405532762 0.43054641638282487 0.7013483945063376 1.0784683893951987 0.9094995501691115 1.1602732016466943 1.0680290899730955 1.1616395768468282 1.119753273530014 -6.211056387611211
1.0876106180135092 0.014684403054548961 0.003695002379706495 0.002444627255881549 0.08122932386780617 0.15768523655126 0.16802496763655042 0.08629050299647927 0.02475870819990797 0.032976999489178045 0.04364045109946797 0.5944184609671291 0.608309377399007 0.73268774197806 0.7657306880039351 0.8003479217076435 0.7946650028593952 1.197205075774291 0.43355282277471424 0.7805856947774821 1.3796700623338283 1.2993533765819987 3.4999962234284974 3.4310663669109576 3.873016238553744 3.9401079315320247 -5.453106123866699
0.7541548006182485 0.020672938737332613 0.0024672219773536415 0.005226261908295792 0.06572453922979338 0.18580759018031826 0.08474416708298678 0.10465729664035717 0.01787565286641921 0.024410937027583735 0.03370044498371414 0.7941236674632733 0.8431133788608606 0.9745157190470447 0.983293264220859 0.9927098865569232 0.9317440427002576 1.3351560922677441 0.45129456104173993 0.7699855234846011 1.2936702191455094 1.1828365339112383 2.7967313923955928 2.6981675233954867 3.0630280631919913 3.0716971005511176 -6.032811058949079
0.9354336092101359 0.018138906863324478 0.001073416309303394 0.0038483493398929914 0.07443979410196554 0.17629916627258974 0.06846684123902476 0.09616860115939066 0.02167538473637277 0.027844957490193237 0.038832792826446354 0.679022685573402 0.6857191182554123 0.8223253303281822 0.8459169120826634 0.8732251107429627 0.844039562879047 1.2405441653824067 0.4353557661108813 0.7687881064658878 1.3302998699226212 1.238246261092273 3.1911298143992246 3.012615488627936 3.427774832763534 3.440988797802068 -5.9949836804833865
0.7600284956206719 0.01949608013169275 0.0029075903101616566 0.005111023925512474 0.0624757921724653 0.1750812056646102 0.09141337819694242 0.09962343999839862 0.018154583995178154 0.02471810227164142 0.033855870170938135 0.7799467209086887 0.8385302212049778 0.9638435766748271 0.9790738916471955 0.9885872467462844 0.9270034352577434 1.3234732849087933 0.4428688803781126 0.7611211403050249 1.2648947308104916 1.1489919118451735 2.562664077271701 2.4690452811445924 2.7721590749648652 2.7668821802586585 -6.01997890784455
0.7913678642818723 0.019311916878536724 0.0024534708492362743 0.004953532465598521 0.04795368766643733 0.15934237561873946 0.0675780002890818 0.08365380889536449 0.018906067830293343 0.024877083669099413 0.03440482504702275 0.7782690216709311 0.7885687641789083 0.9319688230074233 0.9422899518948248 0.9585609164350809 0.8935548680686034 1.2772219050336995 0.4281918190275622 0.7258045517681577 1.1828978297518 1.0459844277219588 1.8310076816695007 1.7161023675021208 1.9099761303821439 1.884606082893232 -6.1355808934422384
0.907383235878769 0.016715515759180347 0.0003925310899783022 0.003706230893056938 0.0645726175175698 0.15446524332224673 0.042938656678725734 0.08188467802073543 0.021458860218134555 0.02825183283894611 0.037963490990473074 0.6886662019517252 0.7037386290361359 0.8383277303633466 0.8590823202846968 0.8825199642986143 0.8446138030174595 1.2333670020636835 0.42646326224290176 0.7427224638738549 1.253630759956885 1.1381829793596228 2.401295062357638 2.245848407592411 2.5323958899613443 2.513979057953977 -6.103198335759327
0.6353363501795812 0.022671929097083147 0.0036148977278144608 0.01148169887320747 0.04533940418178915 0.18699458921266693 0.09099463171922932 0.15953719409562792 0.015560565010576326 0.0219030229940282 0.029728762182222902 0.8716424137545745 0.9799828216456152 1.1245479577631348 1.1152230806894141 1.1161370378648274 1.0189334494592983 1.4219368358078508 0.4632502361644253 0.7656668392482223 1.2209287387541017 1.0810657220555095 2.147026333633851 2.036249284423985 2.292428621294491 2.2674452496383015 -5.894731220794677
0.8511023335762032 0.01845603526301156 0.0013077992956519963 0.004017667746360892 0.07914153291487064 0.1805899880746001 0.0750867631097792 0.10088147290566254 0.0201832281473229 0.026893006895372613 0.036683255613349376 0.7224422323791646 0.7448619069027007 0.8862230902543294 0.905268022058758 0.9261208911338525 0.8837434088385863 1.2899182513511822 0.44906924056584535 0.7832755468448049 1.3569292960191772 1.2720487429476033 3.4678522529828286 3.396900873815549 3.860865155278283 3.9044527401997553 -5.988723612935321
0.6346399672284908 0.02247984366531774 0.005310438904144214 0.009326828073819085 0.06071255815457484 0.19663938730167158 0.134897052311949 0.15346754641353172 0.015749970569750384 0.021714690801457416 0.029675557602709974 0.8934178514322233 0.9850164514346724 1.1233848005135474 1.124387691307703 1.1269465693564766 1.0295785745933348 1.4487698576510675 0.4747453734080114 0.7951675515914496 1.3038859082471963 1.1885731764662435 3.0085232406398594 2.864323255902454 3.273390759487928 3.274494564616591 -5.788934046605336
0.566689433597359 0.021774398333719566 0.004489241639187861 0.008658323286507437 0.0700003737168261 0.1996454210507044 0.12433790237919724 0.14939196976301694 0.014365995789137402 0.01993255183173572 0.027314428483982127 0.9685517111987834 1.0757043242289377 1.2421505447804295 1.2390960591580462 1.2271886255572846 1.1101002970375333 1.543917423028204 0.49754861771642367 0.8270073198529531 1.3431500387177966 1.22528907804318 3.380896082790023 3.3104450787715964 3.788243394444332 3.7996113337675617 -5.762903334611169
0.43612923951568044 0.021878783543560404 0.006091470643080203 0.011211574765068913 0.06660446667613192 0.19999791438001643 0.14542795017402074 0.17237067408438392 0.01341851202614924 0.01642107139843322 0.0217308444304716 1.2035348897277829 1.3712316689856467 1.5534280909088847 1.5310867302590434 1.5116466087996911 1.324934561020814 1.7913308152607479 0.5483175562289476 0.8820145521955338 1.3681966079577 1.1970031111976032 3.2096237928518967 3.1382242793764634 3.5929878768232477 3.6495277037565783 -5.568386004240265
0.7320746573627129 0.02126871785139187 0.002202788135954634 0.005526625440023808 0.06075566254846978 0.1856509838507338 0.07525908648315192 0.10356122596366231 0.017537771291999918 0.02411910548913792 0.033047161419684286 0.802455319169873 0.8525905917397073 0.9986462860632185 1.0050219190400158 1.0139047138986153 0.9432742903088815 1.3423829608153541 0.44840568776813744 0.7626573963240384 1.2643773115623478 1.1465179402051677 2.5320652104133483 2.4288660430073774 2.7394219059730065 2.738793960300027 -6.046040444081087
0.6493220933964003 0.020454312537345445 0.0034106866821271443 0.006889287010736482 0.0626735546130135 0.18346274879757432 0.09874903846306174 0.12092068724040578 0.016157727591655298 0.022242989108020212 0.03027322342936654 0.8743038483021522 0.9533698174186331 1.1006200583834531 1.099232054235882 1.111464401321924 1.0111653751532286 1.421210852672562 0.46598887410347034 0.7822045859023818 1.2806163866958562 1.1590995833246232 2.7289514213708577 2.581956420285033 2.9521547298850903 2.9623614399569536 -5.935413764048033
0.8741942730108673 0.018933992665659195 0.0008047520110097459 0.003321866189423687 0.05405630217184547 0.15953856648401396 0.04095117461385472 0.06803051770464819 0.020390626105778877 0.027070065841359726 0.03696938718283043 0.7172071416567148 0.7254744759717684 0.8616501092180058 0.8788786054528501 0.8977217911839313 0.853221985775251 1.236796470393203 0.42166907187402347 0.7260075006065553 1.202276166626963 1.0724490494631145 1.9488247138602859 1.8448572845547837 2.0496520540751977 2.0182298636364697 -6.18477290074506
0.9152545219364501 0.01871908356802253 0.0006939536500331435 0.0029460934362307532 0.07823774717313717 0.18141046179665035 0.06419446498548516 0.08706922233896773 0.02116994473318617 0.028255767078350775 0.03847319261178392 0.6897516824705652 0.7009206978488323 0.837128204978871 0.8588752174693622 0.8843467647475445 0.8526371826568953 1.2556503476820178 0.4400164582425674 0.7769937410078582 1.3506976160377153 1.263358182045979 3.3228581490724567 3.223595144077218 3.6903982311745342 3.728825139063242 -6.051647080821411
0.49548994256969875 0.021795396242758697 0.005222598509942158 0.00996163667167564 0.06636836856387303 0.1999999991572017 0.13236733559380748 0.1592462501509527 0.01271038970400555 0.017811617309377664 0.024307410501442934 1.0949968762107902 1.2219324156648934 1.3976812991324874 1.385140991860016 1.3609455149942336 1.213058752813058 1.6594669153893555 0.5246735649183696 0.8502343964243954 1.338248304944906 1.1957182445835912 3.1800201273008617 3.061470133983548 3.524248833150013 3.5910182275132017 -5.703444293820465
0.9358473393791509 0.017360500015418084 0.0013595135239625731 0.003703712752789541 0.07484338682972573 0.17058293845037253 0.07432624905139867 0.09405534753232718 0.021945200832870743 0.02779827446309156 0.038894500595195405 0.6779156759029893 0.6847966640234079 0.8203068030272443 0.8451934958654397 0.8706051111994323 0.8417562242745733 1.240654173267519 0.43467738070067535 0.7683897245757498 1.3303545880927887 1.2364633025519403 3.168390079493923 2.9884486102685863 3.409666437063149 3.433727008945217 -5.995911859438506
0.9841372117884082 0.017351887493214986 0.000660651004259256 0.002326609310053192 0.05541747871944388 0.1489566051128519 0.038674937023844065 0.05672018475565886 0.022475841844876072 0.02788107047884748 0.039773575957126155 0.6659176194269032 0.6573303092184792 0.7850440304204149 0.8092678079265614 0.8350481401825682 0.8075719920046911 1.1883642812745112 0.41330465301452823 0.7198410111167978 1.20205293151782 1.072725271170422 1.9135086478086618 1.80806859232992 2.000913334784216 1.9681792277392376 -6.205415012553419
0.7094717324381659 0.020478095483444845 0.002531412031752467 0.005908145602896467 0.07026780592078274 0.18879915572548198 0.0895166611452722 0.11641363817861808 0.01723179001986506 0.02357442177399226 0.03248764059988878 0.820120485656195 0.876367728028461 1.0275207668997253 1.031662344033275 1.0384640398685687 0.9683771095105097 1.3769772978086505 0.46097500261332514 0.7865729050526504 1.3175033193032333 1.2146133554354204 3.112649822133233 3.0137138647770154 3.4316881157638837 3.457432422312505 -5.951829501288251
0.8175994217124889 0.017476709696079912 0.0012607829021452684 0.00419576832156899 0.06913011815287368 0.1645588116617576 0.06334754002240983 0.09195528597202263 0.01994477966775681 0.026507118329081522 0.035651181714392355 0.7371459952932023 0.7843833612481755 0.909747884833175 0.9253934212476461 0.95046413353159 0.8921440098109806 1.2899214729198223 0.4410298601551654 0.760844009481472 1.2865887607402495 1.1788903646150108 2.7084112586998317 2.5914795012418073 2.937762864754086 2.960292050713141 -6.050934794926994
0.9842909311041214 0.01473749788146366 3.22379786783567e-07 0.0026248644078104323 0.06748349673547478 0.1411591287556119 0.03573114197234201 0.06949758480633929 0.023693100867296053 0.0287648650450918 0.039935218611700116 0.664322291761513 0.6602557363507816 0.7925948689843242 0.8060862014865788 0.8406004112856407 0.8162070875575524 1.2026869670408227 0.4234691374087843 0.7422713428923703 1.257209065222805 1.141406287180193 2.3396798022483027 2.2408182755624693 2.5153470087902288 2.496017216932071 -6.1297777718212405
0.3693619871693431 0.026825811123940075 0.006472566001295608 0.01141433869324757 0.02426754561575022 0.19393484256970628 0.11362129810521847 0.1367058675495755 0.009629339475303193 0.013933840061398644 0.01958737288697897 1.3722908877415756 1.600589715998212 1.807381885432655 1.731361674865675 1.684472360824398 1.4455962925668833 1.90467063833358 0.5614425484270174 0.8596277998992093 1.2127968579685497 0.9833367470701673 1.4348694153297805 1.339067938972852 1.482340946325126 1.4471360349553108 -5.84011842718101
0.5940176498315075 0.0222851654963371 0.005462755937368229 0.008220456946635474 0.0645004069646176 0.1998816364645697 0.13849913741186193 0.1410575657545547 0.014781767650250998 0.020621461320109107 0.028266633161512646 0.9305255862403787 1.041761886151628 1.1933639097446278 1.1883426925090173 1.1812301484440275 1.0755231166975738 1.4995194717563864 0.48487228008786537 0.8093276443189287 1.320411865034993 1.1982761382690723 3.101323014806717 3.014608584981408 3.4363238118671586 3.4429917306676803 -5.816072738279274
0.4944573902954798 0.023274774478772894 0.005068175347272981 0.009270425258700862 0.0327558706901432 0.17612842686071456 0.0987627636636235 0.12015189843286922 0.01249932873046894 0.017444533480564982 0.024234188337915633 1.1071962329622167 1.211135078329462 1.384198740963729 1.3627432770338452 1.3347616330307646 1.1774075506298969 1.6023577645962825 0.49354006309555926 0.7804391297054003 1.168554145774123 0.9867030488381491 1.5623806389468538 1.4593434048646137 1.624280315542134 1.586054588742418 -5.954348657234269
0.6802049513435346 0.021422912039314027 0.0032460890528286583 0.006464447359348872 0.07275733210330415 0.19864673928881316 0.10580781885351628 0.12651662210550163 0.016611458628523798 0.02291159216230756 0.03148938262782168 0.8436817658836482 0.9113410633759762 1.0644353833793658 1.068737779959294 1.0793601809411137 0.9952141492926121 1.4105176795206915 0.4688157468569206 0.7990465271901279 1.3443768784244396 1.245752159819963 3.4248183420018843 3.33917551769833 3.821398438085492 3.864839036767224 -5.908469987377769
0.8887693515750106 0.01603732020042818 0.0016282398537433257 0.0032604697672758225 0.051157881502829475 0.13713505617748223 0.05201449716263188 0.06277250361805711 0.021922836858311225 0.026399480010530538 0.03715671685657663 0.717471308396662 0.7110510083030196 0.8492834664167269 0.866786220507949 0.8877295959851831 0.842340981983956 1.2214072395850684 0.41629135341378887 0.7158042292902173 1.1744487012667477 1.0376879426069217 1.7603813626404732 1.6303746026239945 1.8236132675261483 1.7781053800977147 -6.161433000244771
0.909143598171113 0.015699124378494626 0.0013652121796153625 0.0031017034579689804 0.08180736508853145 0.16480237788076896 0.07809615400022028 0.09045475930909176 0.022847594778039652 0.027744310808476072 0.03841435288184565 0.6841644552628471 0.7037388755371584 0.8410704124931536 0.865641079964494 0.8897975105357511 0.8574845139126315 1.260042381168344 0.441053306378059 0.7797551749235861 1.357328170839368 1.272945786311782 3.519562085373228 3.3488236504114663 3.797540026386602 3.8567807993294005 -5.937036201839516
0.7892556097889027 0.020443356497922123 0.002948402195667929 0.004608478824897494 0.07235483082516367 0.1909876452026157 0.10253898306774856 0.10416690403760186 0.018755672614659297 0.025180509319984685 0.0350051650465828 0.7575480232259802 0.7969979796058245 0.941267032541904 0.9549527742432256 0.9704976485553282 0.915285682811976 1.320538299447138 0.4501764734452166 0.7806236392265686 1.3333553194680496 1.239256064082899 3.24315414535535 3.151317577428238 3.5936087498057865 3.622169195707065 -5.969832414609775
0.8433261335368384 0.016626356209779116 0.002352194082836273 0.004315705842096288 0.058614617441056435 0.14987897875262654 0.07552800761907229 0.08445803159921729 0.020919941873526894 0.02592151914709973 0.03632859284178996 0.7289216700081227 0.7606965525261141 0.8884635739807909 0.901057811424215 0.9153357344619838 0.8710753887067278 1.2603565169589714 0.4293936682268004 0.7382058205464922 1.2274624844111153 1.1037170071412157 2.164356304178925 2.0448988990051356 2.3082854380670574 2.290139591600175 -6.073223712337775
1.0124965670927262 0.017488079100409833 0.0007442296212481227 0.0019408352667904577 0.07552242530147542 0.16927911885636407 0.0620917828078592 0.07170363739004508 0.022893087433978 0.028495856168853428 0.04068566925798333 0.6554088691348829 0.6417373818265653 0.7747748492938994 0.8024210473431156 0.8329655388231461 0.815075675176993 1.2089598457789916 0.4300724420788514 0.7642453964744901 1.3288146557692353 1.233836442700036 3.0013605970365296 2.9157411850444155 3.29983424843897 3.316035160526515 -6.084636398362805
0.5964879265973376 0.022091904525585453 0.003958722225584788 0.007973659103509313 0.0673044031700808 0.19994648173651705 0.1127581840476279 0.13905395913756338 0.01477862679353902 0.020493546048825237 0.028327487417497608 0.9439249494852581 1.0354936774264556 1.1926804478323358 1.1841966884918744 1.1759249330457642 1.0744024594007686 1.495577911667948 0.48592633912466987 0.8101925265491617 1.325269975557032 1.2037388712950996 3.174512488813688 3.069302808507907 3.505669427443052 3.534132434491423 -5.842873234352692
0.9348397540421475 0.018430826979202848 0.0002210975432292688 0.0026402754461208808 0.08199607868897614 0.1819598974707579 0.0588180907815536 0.08635215588663449 0.02173521783092296 0.029084754418808284 0.03917680074275409 0.6702562227404537 0.6870567547191062 0.8225592016544101 0.8479585314455003 0.8744658031861888 0.8464809992287193 1.2497990407555717 0.4399924336792428 0.7817750666761047 1.3695670002534168 1.2893276143785781 3.53295708362445 3.4652076295621743 3.94866116041459 3.995130665705776 -6.038752332920477
0.6392369717823909 0.022521689126900706 0.0045206925048417316 0.007917432459817185 0.03946604574573991 0.17867674009192 0.09988576440493124 0.11365767986630561 0.01571297069965975 0.02175418796395647 0.029500269384066854 0.9035800815526177 0.9600193294354874 1.1117801256273734 1.106718946175283 1.109937592246816 1.0083451953959734 1.4046995638597162 0.4542681631858132 0.745434365047295 1.1782854197750534 1.029876101941968 1.7953780404182365 1.6664119783234226 1.8539076147343059 1.816244727087472 -6.011092367425139
0.8390978573669348 0.017344796971756057 0.006736921798998556 0.009879426848534233 0.06985247258977913 0.17694336849011588 0.16358905114703115 0.18691056074114593 0.020710614449933162 0.026732102570070932 0.03717014327686512 0.6945771036069832 0.7650088223228725 0.8993888962486098 0.9164590027061231 0.9332417712579371 0.8913212436063183 1.2970623098900669 0.4466832093301533 0.7868619904202591 1.3617780031129165 1.2725177455129562 3.574033334414105 3.1062591113849116 3.9605263045063364 3.999910519769552 -5.277724299420085
0.4939136665356357 0.02256834010731913 0.005976717142399095 0.009881269695428295 0.05445150671925945 0.19461290194966768 0.13662402589839415 0.1487564339279829 0.012922735981507883 0.017818100106019384 0.02423630154682549 1.0861657076480253 1.2516821246964702 1.379206055713422 1.3730987999850413 1.343348041916251 1.20231232141448 1.6399605641091364 0.5147947152226128 0.8309040381380446 1.2850577854181682 1.1257916150959355 2.5599027681539943 2.4377901645325104 2.745071013682067 2.7475668484370126 -5.751171924703461
0.42309819272532756 0.023230787087936647 0.006232417046863643 0.0112491127274302 0.05579792480214243 0.19988965394806174 0.1375781570637831 0.16300984456807868 0.010991346848980631 0.015540614736399009 0.021163416949984287 1.2507012540387121 1.4089672786447707 1.5989220696038229 1.5713291715531432 1.5276786314770707 1.3413784536435094 1.8074776011847529 0.5515286339217154 0.8752037159574426 1.319673546143856 1.1411878990954023 2.6242459369063997 2.5355483744126905 2.860167681054418 2.8893956730658874 -5.673496889651021
0.7606359333431636 0.021088449370665282 0.003482228324391199 0.010099392852516736 0.05920682739029143 0.19067424477920084 0.10559513208825813 0.16301795434349192 0.018024904068182242 0.025049580091833393 0.033861245632976496 0.7887325310804597 0.8459325892189286 0.9752413800117756 0.9790481232738968 0.9859183840962397 0.9297445921060354 1.3307133811433864 0.4475863657427044 0.7739168731062259 1.289852668666385 1.1798571280583043 2.8542658725187144 2.672491800347932 3.068650440533029 3.0794133669612918 -5.772657643394621
0.5097456148285909 0.021480339731877802 0.005554531445930232 0.009041565566408281 0.027998452698606038 0.1604927439702238 0.10303089217723618 0.11228972459137818 0.013480200492066859 0.018050774811004602 0.02477688995303915 1.0856405484802212 1.170617979363173 1.350051569512942 1.3196635539973869 1.3008113506895629 1.1471200552716898 1.556496169185215 0.4800264804621651 0.7633721998086253 1.1352970806925864 0.9508292333828591 1.3742942418793709 1.2659615090580165 1.4064514185380883 1.3698979256291894 -5.954224513064834
0.6396573172539123 0.02165438666929911 0.003915566777917417 0.007939518876582445 0.04386657044025407 0.17522906217097045 0.0920182058839826 0.11714394517899744 0.015718857198660688 0.021742049578539296 0.029664610605418647 0.8757025830198805 0.9786434666936518 1.1136416225547694 1.1058471797780345 1.1083584322150206 1.0075371263230555 1.4062410333392363 0.4544513860302841 0.7524324471825471 1.1918690860736472 1.0459177309961292 1.8971921740890352 1.77669057123895 2.0045683838450556 1.961488076606805 -6.034977473030924
0.5213191318438761 0.02257143155711221 0.004881325992136687 0.009285307359646252 0.05779801194440831 0.19590705138761247 0.11904441807774419 0.1447825847542889 0.01311508820562574 0.018334550447297076 0.025197295553906027 1.0601799091375184 1.182940556649042 1.3340056090728105 1.3131992265560475 1.3009471811172084 1.1606708316714915 1.5901309770719323 0.5030335454465107 0.8174850633262143 1.2899182436577339 1.141724547669928 2.6890220191236835 2.559848937080559 2.8938689575832637 2.9010295527299674 -5.79782897129401
0.6069919406366687 0.021768288699438393 0.003906287224088797 0.007801281290795734 0.07077603068530854 0.19997488084553938 0.114909811610299 0.1399800963695941 0.015064574558257205 0.020812299280143352 0.02885567243447111 0.9274833891177806 1.0121975059972832 1.1733492914386248 1.1685932992955397 1.161976700725364 1.0654176227192296 1.4863824315299872 0.48459682566395307 0.8139918370303975 1.3419960105553705 1.2297466703462074 3.3727491451785676 3.3066934508275247 3.764442839215415 3.8127356859925334 -5.829930314727047
0.818661170331643 0.020012493318582313 0.0014520098107442948 0.004373098040382233 0.07468275538013713 0.18868022213055016 0.07434966419107393 0.10196209099097207 0.01929882421643145 0.026313055790098735 0.03583245152074273 0.7387091230664894 0.7729879396085013 0.9115943597340169 0.9229637526752369 0.9478857910713289 0.901979837139001 1.3037465252725005 0.4449146500366056 0.7777318480168941 1.3426973643505462 1.2481170511344266 3.266801522047919 3.182576081359934 3.610039746850046 3.6485462547820746 -6.009377743786759
0.9957725424428863 0.014732948549964124 0.0027829793312124504 0.003781469391355946 0.05108963702029523 0.12942801561254733 0.07535255487204771 0.07134718212035784 0.023649352632216212 0.027729588147676416 0.04030192475064923 0.6609045735311809 0.6461246565671281 0.7776385817173866 0.8016052545638539 0.8258797969797314 0.8006641642358356 1.1790199750798471 0.41034987322531014 0.7134963991663933 1.18264123709367 1.0489075390366744 1.7749631702393223 1.655351522261477 1.848401713619801 1.8210732797760454 -6.090950137309079
0.636933931503858 0.02227263829810677 0.0031346691938185247 0.006486022421238374 0.03059326472016806 0.16485978988298225 0.06261368364680539 0.08594432250005901 0.015450228223504378 0.021345432379363847 0.02966162586920408 0.9004864984255985 0.9591910989416088 1.112699930798218 1.1092832109749982 1.099539353095512 0.9989449154627603 1.382276003710548 0.4413051478370368 0.720991089883294 1.1145478102286255 0.9505492768210555 1.3621531049328734 1.2621487325612373 1.3847376210958777 1.3575795139982836 -6.145840137225116
0.803445030218734 0.01924284373765175 0.0014629317823875523 0.0045004180076280865 0.07753319601502061 0.1874322859395193 0.07743255022966468 0.10600832213410215 0.019213813908660955 0.026314779280392105 0.035557773365608086 0.7408869131828585 0.7857122284188157 0.9276423331723618 0.939486082160457 0.9649133757153141 0.9108850552706751 1.3187285509007904 0.45309134659384825 0.7874520963301828 1.3503781033040931 1.2627031098733452 3.525148021785141 3.3241697856507018 3.8172505823564644 3.8845216763453627 -5.9515939285788875
0.9796905145187896 0.018770587641500008 5.96849618630795e-06 0.0021084570983884643 0.08137362158792162 0.19999479959544567 0.05554194720046346 0.07994665471530023 0.022534278738980566 0.029885062129748598 0.040433623116182996 0.6517039764518087 0.6697866238536719 0.797622203358924 0.812951757281596 0.8515715068612025 0.8312156501806622 1.2315687727655922 0.43955226175619877 0.7791556250551618 1.3666548445536402 1.2822938352819424 3.5836409036586327 3.3911979452912147 3.8722717655968237 3.918991732313759 -5.858034817399202
0.5946805784231792 0.017282749141477715 0.0011357594454237667 0.003346622580054142 0.11819101611631413 0.13357169968069874 0.057164476510423556 0.07420566109263511 0.01444875402658251 0.02000460066044494 0.027243705612152766 0.978440426506238 1.0407205608516752 1.2042576858447391 1.2018159943191489 1.206843454704691 1.1083334629576629 1.5728820001061852 0.5213893754848459 0.8975903886787153 1.5636608996169667 1.5279639449187044 3.4155545663797096 2.8281960608032337 3.9999999725523447 3.9999999976196032 -4.743851675111515
0.920563675257793 0.017987359628279284 0.0023728696463330094 0.0027286107671005595 0.04559030027993346 0.14590223223485557 0.06408843478096796 0.05357387936775055 0.021322829305606 0.02663298600428004 0.038173440112897306 0.6944883603149768 0.7037022755051283 0.8257006510660897 0.8440288888894286 0.868373745811268 0.8256020019673866 1.2039889480478991 0.4111875611850866 0.7060216160785349 1.1567493850248498 1.0164197078730957 1.6253959280129113 1.5135414174308282 1.672305289505651 1.6339297851187782 -6.1974914242940775
0.9690945207234395 0.0159949332453833 0.0004840686023131187 0.0020503582286150205 0.07793939897445172 0.15977355936582502 0.05670945729486784 0.07290621753365047 0.022737746666163555 0.028529777949653008 0.03984440617020697 0.6693488113870376 0.6638827108350135 0.7988640946160231 0.8249670808796116 0.8532202097815356 0.8284591756567884 1.2262287510319874 0.43287338939152864 0.7662071953418127 1.3294063774764509 1.2354159750889064 3.048390829067732 2.952219603426107 3.3465305201532916 3.363254777189309 -6.060878179785414
0.9937582750393722 0.01841346640419187 0.00941326208153587 0.0011394673076793706 0.07390744839329352 0.18480986950913111 0.19995382631149133 0.06827550345540045 0.022494710784856427 0.028336353157639736 0.041133384414385396 0.6351459134010073 0.6713716180181615 0.7835741104168575 0.8120477102135946 0.845314371253404 0.8243192842628495 1.2279897432605031 0.4401686472540096 0.7797362478423508 1.375624458144456 1.2940229103261915 3.6359141119136122 3.4464887177190238 3.9486632579828482 3.975724137612328 -5.748583653078271
0.9534112702317286 0.017683519799766248 0.004378161961278657 0.0018651243486143385 0.0784449262715728 0.17621538207715054 0.17383869060098217 0.0762918266514339 0.022187761632794387 0.030608071765110816 0.04021927662636529 0.6449966671521102 0.6807294004306264 0.809828296020357 0.835631321900123 0.8636418111793797 0.838614673670914 1.2409035773347883 0.43950130263671233 0.7803840601028238 1.3665079636243196 1.284404764794172 3.47351260102176 3.3871689342890563 3.871165803049788 3.9166537131518613 -5.516140304758129
0.7650337675518398 0.02090333581285494 0.002041378210862007 0.005151046917828837 0.06897003717504702 0.19033186304394467 0.0799158242445094 0.10679514486324496 0.018117662466531105 0.024802842977550255 0.03412315079589699 0.7779932879807412 0.8197540404740764 0.9633477123666848 0.979279034478744 0.9874293907242798 0.930144729865815 1.3308858006794944 0.44901740412162694 0.7775293481580632 1.3146959654271118 1.2083626208344473 2.9878970279955515 2.910886245582883 3.296623427175276 3.3105079049304984 -6.003283691481824
1.1654207566962491 0.012885893652321836 4.661937062256888e-05 0.00018266761476944896 0.08376440285697268 0.14108507340290377 0.0523243032082139 0.05324567612408432 0.027552969270264318 0.0306221085502547 0.04449177423352763 0.5993420377439164 0.5693828156278542 0.6951265997325105 0.7313021726811153 0.7730000967926736 0.7712001390216133 1.170709969726456 0.42609230303899365 0.768461296955636 1.3517574430936308 1.2611695164887913 3.1375718212572963 3.041442936999136 3.442037050886542 3.4590529336135662 -6.07409026071731
0.5944050502001483 0.022416541562364004 0.0038397414601479786 0.007718582348986756 0.048111985707414553 0.1837431816527218 0.09238099435748981 0.1177794535434583 0.014708969483503623 0.020363835221112517 0.028356567781321312 0.9428231388098376 1.0263117215184367 1.1875092389101745 1.1768388027328403 1.1682948970956872 1.0566512370765235 1.47022401248448 0.4697983327944217 0.7701871805122651 1.2172768598265664 1.0703819718707974 2.0783308565114473 1.96970562753023 2.208021598792508 2.1840573893777715 -5.983898080082536
0.9156172232586199 0.017591583960545977 0.0008694008261264747 0.004435993877871753 0.0746436158706435 0.17065538141241804 0.06387893009945096 0.10248718920330364 0.021489192778791046 0.027944839061900373 0.038288698763941795 0.6920613260509662 0.6986655357783262 0.8356365011618487 0.858373389718031 0.8837455552176179 0.8504370418243362 1.2495797405028097 0.43670525994733456 0.7694363609328697 1.3302487852168543 1.2369898163479687 3.105960185729344 3.0059835500044674 3.4175137683565433 3.4366449675264086 -6.013972921616943
0.9000032941289104 0.018094818442599227 0.0015989029223272366 0.004617469629574926 0.045692493322373885 0.14834585251691523 0.04981277463211822 0.07727279941451391 0.02095165305092929 0.02630946375171443 0.03754398947973374 0.704687421744251 0.7052678366828692 0.8401049674926312 0.8591198299265398 0.8793772539381173 0.8375216286078421 1.2181850171414068 0.4131461302204807 0.710238125842485 1.161412981024099 1.0214672086109982 1.6832459058151468 1.5601819003711925 1.7298658906679207 1.6899288391443563 -6.175231881199084
0.6995623421802917 0.020279331257516832 0.003811209736308819 0.005740896334526172 0.05171608787651623 0.1704370097056291 0.09611963571716838 0.09721577091218869 0.017157658418785384 0.0230523182516772 0.03192219143514818 0.8293699964619348 0.8930691317139384 1.0336999238198197 1.0357914043798269 1.0433512732117487 0.9600382328106146 1.3583804818432668 0.44603478274788205 0.750020095635214 1.2159163611579957 1.0820913939063028 2.098065271397843 1.9932382518960912 2.23628768509503 2.1990915744893136 -6.045282785312953
0.8795510203599446 0.018664019019552353 0.0014120498878299823 0.003219614697948048 0.05850793584869146 0.1625759434782338 0.05777248979363494 0.07162095068175776 0.020445167115151566 0.0268143952751627 0.03739598587965972 0.7036113259153419 0.7290460695713611 0.8581372275920357 0.8765068660338631 0.8927470069713511 0.8542296795548204 1.2410003486597097 0.4256221804446157 0.7363018308877591 1.2302952005783179 1.107346300942905 2.1652705072738714 2.0503631466600014 2.3124149166150842 2.2894561889894107 -6.161086471161775
0.8096165829190906 0.01986886238004234 0.002372935557467807 0.004437770841654564 0.07245318139706326 0.18785304994478189 0.09168349106228724 0.10191536560709857 0.01932102169101614 0.02595760895055603 0.03561447411159093 0.7289053928160304 0.7893832907304983 0.9196996129494365 0.9358028139569432 0.957762069893781 0.9032748648535542 1.306689607889651 0.44889898043323745 0.7766272143297169 1.329358442994602 1.2337497783665483 3.23934968595013 3.0558359561223143 3.509980354285307 3.5390976078010516 -5.984031385272112
0.648189034425029 0.021621149427100476 0.0036854475698298835 0.011828508495807683 0.029818790597308024 0.1658120819922813 0.07843310392228854 0.1460119183031769 0.015792239064184484 0.021840177677059928 0.029947671397588038 0.8931570822306562 0.9701516836984542 1.0948333841457147 1.0909661432667415 1.0914573163042685 0.990156932634615 1.3832997352636973 0.4443198201418206 0.7291322971407669 1.1381090565563916 0.9798452879838883 1.5193682075801103 1.3921689628854317 1.5599754967741606 1.5202889895639955 -5.99262973340245
0.9030219994731755 0.01793904269490913 0.005853032587720196 0.005369565088980019 0.03819635229424393 0.14439987308426142 0.11662757111993567 0.0835502898801275 0.02096612821555855 0.026258399463753884 0.037646334361846216 0.7101009613980009 0.7127098904380966 0.8408176013082517 0.8572122377437486 0.8767242828931655 0.8358811806393401 1.2077432969808162 0.4113697874110008 0.7046840301524863 1.147588926285391 1.0044319539734752 1.5751557731082912 1.4620913478086144 1.6219574571655528 1.5810833397293471 -6.046501077122633
0.917376050914534 0.01925621547192705 0.0043052553221843565 0.008208114354672223 0.06541504948756477 0.18326839816201781 0.1231461525016154 0.1480376788789987 0.021022062933982073 0.027148213016614964 0.03911115275892139 0.6890415185207955 0.7183539457616775 0.8322725197557894 0.8542543447836057 0.8816884218975156 0.8524720378228847 1.2491269681139308 0.4356719949654075 0.767815410306048 1.3264659644183951 1.2299081499954752 3.16734758211778 2.976091338769221 3.397485210710451 3.4107733852291164 -5.7302312978762755
0.48736988654211033 0.02263181442202197 0.005428136062840348 0.01013561194938022 0.06057317252452677 0.19736577485360302 0.13131848822103054 0.1565581313180163 0.012434467129999249 0.017576869856151953 0.02385965085781399 1.1068261564791262 1.2497129771149709 1.4171585271093916 1.3872410032519669 1.3751784036034207 1.2161038637304291 1.6628594252980102 0.5185161349774675 0.8444814190653943 1.3171688806679704 1.1643012128921362 2.9027465091344515 2.75834956754103 3.151174897734538 3.1871423659550815 -5.729420153549738
0.5789927106390821 0.023091334451295763 0.004174113790992029 0.00789453900395513 0.04841361849444932 0.1886274035648729 0.09896663691057435 0.12051126738442962 0.014684884503286252 0.020021913021868717 0.027584142843239318 0.9634686731664402 1.0697322102459237 1.2117222385155497 1.201984937585796 1.1916366592486922 1.0766817373916175 1.487408745082648 0.4738254936953696 0.7775180533217135 1.2276739817662847 1.0781908633050303 2.1297196115618933 2.033235462208283 2.2826006256738 2.2487038890117517 -5.970741536177484
0.4488844061034753 0.024765954383811115 0.007118986285180253 0.010870918615328896 0.042232886003206176 0.19871551641394392 0.14513476423104044 0.14958002315337574 0.011350835603181685 0.016117117204264276 0.021949752280581946 1.2083002809612466 1.348976082647031 1.5203812499899023 1.4825776116159648 1.441366912076787 1.275581945576634 1.7183334339844116 0.524145714093338 0.8333839945227839 1.2549989271737843 1.0698896730957905 2.1085899222261144 1.9919544202689063 2.240400001234212 2.223895202527335 -5.793375280539324
0.9071824553412973 0.017592836823408068 0.001784742033285473 0.003002038359467056 0.0667796955997811 0.16285239590197628 0.07332558143525146 0.07669564661540096 0.021386987009901794 0.026787854953727062 0.03829608112305852 0.6882104992064987 0.7098381406587937 0.8394838613165531 0.8603647319225244 0.8789581557383987 0.8473223458192558 1.2389393534020126 0.43068594496532026 0.7518378746412063 1.2766382766179625 1.1672644852264031 2.565224449859153 2.4478903372138974 2.7826498876926964 2.7775459664848556 -6.0934870408902215
0.35949734168417563 0.022484061505513145 0.00729000805624703 0.012792908320162385 0.06329327025925624 0.19999999943848382 0.15899254438223387 0.1848479853106522 0.009288069862137257 0.0133256171864448 0.01799224371235373 1.472584966785381 1.665195955538706 1.8665291324677329 1.8032076105411574 1.7458442720016973 1.5178801461516351 2.029160274264917 0.6068343907617597 0.9487461291521132 1.402709443848151 1.200059351677971 3.0061728646296113 2.932643958200156 3.3512598455261693 3.3963764843695006 -5.500690837107948
0.5325330612600471 0.024434631090272038 0.006323192224253417 0.008830145915888411 0.033085946566686314 0.18684634214612938 0.12354546908664901 0.11906948755794583 0.013056219194353253 0.018443112217345233 0.025699787536495593 1.0433774076375777 1.1663701752803002 1.3011036771671678 1.2800255975263641 1.2556439448387369 1.126503767645846 1.5342127654728133 0.4780943697656572 0.7689994174706968 1.1762861618412004 1.001759358905413 1.6741582524189051 1.5702412901471026 1.7299314620363977 1.6970354813605588 -5.948081208170739
0.7834845454439769 0.020018482087553087 0.002602305178149873 0.0054418218171975825 0.036740659470446614 0.15394807147242923 0.0601445244963346 0.0796694524507206 0.01844573429338206 0.024364710710166396 0.03415298012409154 0.7840862320325664 0.804940564868266 0.9416875565062826 0.9394840858063083 0.9599297650433964 0.8917124325457144 1.268853182096625 0.4207286693560763 0.7073254580030515 1.1290662009157515 0.9791786102352208 1.4636683089875748 1.3626769695056478 1.498683640523556 1.457005833284069 -6.192170725502904
0.8615159359087761 0.018796592701952743 0.000924975439072412 0.003795148962147873 0.07747510568851926 0.18254002533737002 0.0667578496734288 0.09702844649169458 0.020317945114539986 0.027372082942764112 0.03702194316980542 0.7135158820247401 0.7383339997050878 0.8772637223270257 0.8967612607150758 0.9186325615437849 0.8771786175941029 1.2829110428882413 0.4438963631108956 0.7785641926081449 1.3460810509274026 1.257586017167794 3.4138211615357315 3.250607309154641 3.688469803854881 3.72405002853255 -5.981856200179311
0.8731445904124197 0.01877128117074784 0.0006846259223411583 0.0037654585319361485 0.08011827555269219 0.18445699535016843 0.06580099931399724 0.09910936263118976 0.020618473237085523 0.02818502158945119 0.037441702017923933 0.6944644177865495 0.727982037027454 0.8674965973140362 0.8884741855277167 0.9148910436488846 0.8733531525616158 1.278966397204198 0.4466150763260433 0.7830849644048126 1.3626918188913444 1.279957970552898 3.5400920916502754 3.4150429161071636 3.9227133659430167 3.970809493874926 -6.00542796696956
0.7622602207896544 0.020294843350146304 0.001972975925529673 0.005036042007279395 0.06477208115968008 0.18136927141112524 0.07414923598564627 0.10069097075407807 0.01813585194679815 0.024828571237317156 0.03401510286665246 0.7800619983136814 0.8271236875957393 0.9659608310573119 0.97586198703136 0.9868983826909348 0.9246475848127114 1.3238870660061341 0.4462861709384185 0.7655591930489655 1.2800364918290472 1.1687179575553734 2.678739375715964 2.5914707032858706 2.915798353319829 2.91364587634542 -6.040882256163578
1.034064381328937 0.01713191735501909 9.946125789045054e-06 0.0012698720312645396 0.08335527925445799 0.17286242427105056 0.05322360836979756 0.06950915195641852 0.023454475663808618 0.029192803271062825 0.041604950699342454 0.6392549153430297 0.6267488437954634 0.761271397882441 0.7912532179189334 0.8253426945507873 0.8104708951323685 1.211924271967033 0.4348078706009807 0.7782229058113473 1.3716003974882762 1.2900774323624005 3.45602765526501 3.385592983790831 3.847684580024937 3.8813095512382634 -6.061878817623905
1.0090672407438108 0.01574169388162456 8.879665910027785e-05 0.0013842738535414473 0.08523031693745299 0.16419115613526553 0.05661931440855377 0.07069003507534895 0.023506748360815625 0.029641566081732837 0.041186854742339914 0.6386806913006584 0.6448064153636702 0.7754660265591445 0.8046717202136572 0.8366374267151541 0.8189226821685537 1.2209324392054337 0.4360874703119195 0.7798045422151546 1.3735773685758332 1.292885627913514 3.5151818771915404 3.3111488417093966 3.9030008019216673 3.945012169853705 -6.016122683675748
0.8390564722765348 0.020177521847428492 0.001445074864615513 0.003988638870054729 0.07753959068875271 0.19415022204986732 0.07834677354264694 0.10087650052817151 0.01965197837084146 0.027024551444574066 0.036536253903798076 0.7215951990763569 0.762326413521349 0.8961811259535759 0.9142057510933708 0.9340049862832678 0.8900184531111118 1.2955392904992344 0.4476169926951302 0.7843908030269746 1.3570369798589315 1.2719087490824827 3.5596555667652416 3.406307288391564 3.8661054014016925 3.934138111836264 -5.966466006069309
0.8091289048310494 0.020353701323503986 0.00157792776996374 0.004533129450790983 0.07737504422306045 0.19510575840679953 0.08043368102983672 0.10759231739404562 0.019130659476482303 0.02635156341698654 0.03566182710848206 0.7367821220306815 0.7878499112194852 0.9229612511794917 0.9387480245768748 0.9560374682098689 0.906545143631801 1.313294813660084 0.4511437242512754 0.7875073552509979 1.3576223468613193 1.2719874876088082 3.6129602260787554 3.454986029765263 3.9196607830971417 3.9682960634859366 -5.937984098475894
0.24055295615940586 0.023359640287493835 0.009295304686315816 0.014888887146185938 0.06545402690636905 0.19999507682484022 0.18209699011688388 0.19915546160243544 0.006309573981432876 0.009128928013242088 0.012462964292366797 2.115862214128705 2.4385314508061566 2.7122912817861344 2.5914076093076748 2.4672600824625786 2.0954242019022176 2.7202264406122483 0.7803543168254006 1.169160550530171 1.6080128746842128 1.2977946456445937 2.81040082519276 2.740121974338512 3.142697472043546 3.190215254868699 -5.260975746290285
0.5403709244604393 0.02418963450274373 0.004364187738052141 0.008372122802338646 0.038847585574162104 0.18772407374840172 0.09277097388332692 0.11711675028328296 0.013334629509116225 0.018617278086033473 0.026123772502289862 1.0321998915812733 1.1197031257274892 1.2874563803738095 1.267116299821556 1.2462876360898045 1.1169011948961562 1.5248646142019848 0.47852421285122315 0.7713049606473205 1.1882901220328812 1.0234121008994619 1.7779387558792559 1.6802106937237011 1.8685787661063653 1.8387853841665858 -5.988402278319672
