1.1537487859856876 0.021453908769998222 0.002907499247744849 0.002031968941743069 0.07870576660422178 0.16027929645098235 0.09973966622430744 0.07082678985226659 0.004255669987770549 0.008894884517080369 0.015506974965941231 1.4026991709042538 1.3239372989362315 1.1064926149748104 0.910333699507908 1.2129192117289864 1.1631414078287108 1.4070166861462774 1.4937458477465968 1.2914569295066063 1.760972052012494 1.6492085526926987 1.2792971483567779 1.4505091279382074 1.3981832339097984 0.4765140269791744 1.6839474645043797 1.5382482531489827 1.1283671654585836 2.7523429327640505 -6.137718525018466
1.1369298996056467 0.020784189628525476 0.0025057127414134265 0.0020744818649242346 0.07185809665761923 0.14830960129604753 0.08043561253252435 0.06388700741590027 0.004228073685029037 0.009470984954744792 0.015489861905900034 1.2952268460677239 1.33503949042614 1.1105326191803817 0.9418786277057957 1.2044745762962132 1.1443891921603844 1.3052137053957569 1.4470233068422942 1.2397383721876771 1.6769618296940036 1.4217741357870244 1.2028189704048542 1.4363918632586425 1.2898737753138179 0.4358164685131903 1.5206194058553562 1.3764584546763268 0.9989617110612596 2.276204771099126 -6.23740391780327
1.1015337876920186 0.022229566117217155 0.002966244563402322 0.0024412787711093893 0.0910445933585825 0.17850201572518812 0.11457505086968907 0.09363510832073275 0.0037885307815186996 0.00912265590600132 0.014970760949283526 1.3138681194742785 1.3749928525266795 1.1438833089677607 0.9367750592759244 1.2946939072009949 1.2014849608539386 1.4653899601122709 1.573045574828145 1.3773541216632448 1.8140076101144966 1.8052114650871536 1.4191823811616977 1.630332667599204 1.5936457536124282 0.5515018188843551 1.9991201297651293 1.8454156456880462 1.37602097068362 3.763357313698558 -6.039185718332651
0.9879172026841874 0.022520699520522946 0.0031463919122559215 0.0025804021044378636 0.07797770562445058 0.1667210620006149 0.10592953347712748 0.08191471701910635 0.003426051326195885 0.008636768962315973 0.014498356114369016 1.4207022998757004 1.48806016693101 1.2067121806576948 1.003491920863176 1.3110023901654473 1.1192888858613763 1.4078650294447304 1.486099824299651 1.2810227770442426 1.6664325506477269 1.4904634043960472 1.2686634795434877 1.4406784835026236 1.3896192156076737 0.4702058290355893 1.678126455524064 1.535751475146992 1.1336053557063632 2.773260949261029 -6.130451716359528
0.6606595087412928 0.025559150746698032 0.003974139255444759 0.003768730456415067 0.09108218186884524 0.19966366341252703 0.14041614860521132 0.11895781667454215 0.00231547098389303 0.0074745619223277665 0.012046184269711676 1.633827301910956 2.069473485009735 1.577372406904705 1.1973682619572805 1.5589351674022187 1.317767401422466 1.514573361902994 1.5722058961889913 1.346158910693433 1.7569366018303365 1.739703935437281 1.3702205992309788 1.6818664078653507 1.54844191608169 0.5378929737033286 1.9710094910621707 1.8297603541854774 1.3720671957304271 3.94091440575655 -5.928995263838962
2.786187445352242 0.017769136282600805 0.0014566427597102025 0.000902101218135888 0.09741877265494876 0.15115440331335472 0.07802370235021969 0.050775253682423784 0.006239899613782761 0.01164812116775556 0.015753944789089733 1.0480692380773027 0.7774449959940478 0.8244596360433682 0.7898080074524365 1.1552982606486382 1.218414869761499 1.5354745597209432 1.666582822797693 1.4643541768886876 2.025251634524152 1.7498160251801855 1.5127687018949865 1.8466112984910892 1.6916584334027598 0.5846370683843568 2.111805846826962 1.947658944053446 1.4524831264846114 3.857767097649557 -5.994339343861474
1.9044544071552387 0.01921944683363972 0.00198032761953546 0.0014161819934106392 0.06191416110533071 0.12696365450913058 0.056895617963636486 0.037394892182003696 0.005452830594455907 0.010492778186519572 0.016009460917492294 1.2044818815736498 0.9402616060106079 0.8839491116809639 0.8146711685449539 1.142903414318619 1.0485739052048335 1.341647262332745 1.4074922450083616 1.19889739178919 1.6003609944205155 1.3376024066303047 1.1177502353479836 1.2447254519096185 1.1824940212044779 0.3934715650039116 1.3320324340962533 1.18742080542521 0.8514101751078119 1.7531717808820488 -6.234200100447478
1.3796785650578216 0.020626489360735554 0.0024147068090081647 0.0017564148700677257 0.06295365677741864 0.13697721125457274 0.06928255373950135 0.049970651458740654 0.004683868877336418 0.009669311532635458 0.016042195335707488 1.3121219548082816 1.1587982370972132 1.004362596512474 0.8463209909796733 1.145468665371119 1.0541376335344612 1.3390975017330067 1.403525790121074 1.1963993078103485 1.5332520737610722 1.476257206654426 1.127983335279939 1.2580147691315446 1.1902068876422078 0.39885273057034504 1.3617316100579264 1.2242586277074092 0.8793780842008357 1.8633399786785498 -6.229776991884758
0.6846489022399971 0.024964379380282793 0.0038778157396907246 0.003585066827514093 0.06624776525889904 0.17020968380097865 0.11357675662979842 0.09028666701993461 0.002282877579102785 0.0076538644054227525 0.0125367962718779 1.5715772692061694 1.99653952373503 1.5169946623505792 1.1952225868516864 1.4317120739918492 1.2428896509862404 1.338042998400055 1.4335381547678603 1.203740422778809 1.5376657741192779 1.3582494734592798 1.1420495814202662 1.285316608138452 1.228097079745997 0.41682038445914127 1.4508120896722612 1.316444951910541 0.9570512276366994 2.2192798424136218 -6.163853322792583
1.572137398658888 0.01969676811837183 0.002281514417474331 0.001737272711375393 0.07919263009900704 0.14735101045356916 0.08230967310141454 0.064046844686144 0.005269106431268466 0.010121269463497014 0.015976712520258275 1.2288103824002208 1.0682731814198239 0.9584975180820264 0.8314802614315563 1.1503638729217018 1.151202283791191 1.4169581965212186 1.5117203106248875 1.3083958374689797 1.7004588455379062 1.5191193981775823 1.2904562392973242 1.4592825685825301 1.4031314260771657 0.477139232528738 1.6794525087339804 1.5284985209506237 1.120199768554027 2.668319071151436 -6.209096086582415
4.75160308502737 0.017343088406203532 0.0007107378223791243 0.0015277564644227209 0.0859373515247795 0.1368295230320632 0.03988826952843717 0.06360762209399336 0.005488969066760618 0.012628786777472735 0.015558860557026594 0.9875172155862264 0.6449849749129115 0.7825372398179319 0.8046479970619604 1.187962877018899 1.1366476441736475 1.4198864370630355 1.6023896989611108 1.391080399593196 1.9000270255569895 1.6227527997467317 1.3867653665982627 1.6703628524281575 1.5117564686677298 0.5152684435001164 1.8240089025708939 1.6630178190913956 1.2189957868629395 2.9572930186803967 -5.9153952718834875
0.31708486268141634 0.02999750869924379 0.006084628836589632 0.006905328436451716 0.09807618605681381 0.19851753368626276 0.18101728401916375 0.17032005759883573 0.0008672855632407777 0.004129211353525867 0.006696836145578873 2.928895279753968 3.9885151142248483 2.819779436689127 1.9930157055046076 2.3463737367566755 1.7462807995340779 1.9359143449590237 1.8625834443393565 1.4980564810064543 1.9531467863167093 1.620567293574128 1.3602975790102385 1.5322380050280089 1.4806092698747644 0.50876042573974 1.8646955118173283 1.729619344012906 1.2981485392886705 3.9962019193359004 -5.723196635359696
1.2400849954401383 0.02059359840784943 0.0028249347738848276 0.002055214280648305 0.07786858912155656 0.15298646100609403 0.09644415727175171 0.07024118059622331 0.004514792988151685 0.009010495541692856 0.0156188394457944 1.3841854715963018 1.2564046754443705 1.0669152735638494 0.9201266215780589 1.2368454623645755 1.0949536455163527 1.402603606907289 1.492272110088501 1.286733178377339 1.7541331697765934 1.496093226749474 1.2724691655238323 1.4368619586425908 1.3829508643592365 0.46808082000126133 1.6591483541752194 1.5104079916981783 1.1047463365388883 2.64785876892156 -6.167605930471214
1.4408018140853402 0.020042378495875663 0.002527918208444841 0.0013820118671391433 0.09469229606664664 0.16562220132676644 0.10432984390040353 0.0666125491666843 0.00496229855697169 0.009725608400535076 0.016379751683010688 1.2914443545976237 1.1329876090933773 1.0037029041125651 0.8933663630885266 1.1883253012351525 1.193155428485382 1.4845813783734487 1.6080254243885257 1.4134405188309629 1.8630216201201664 1.6914437548767451 1.461539166464624 1.6752325662916356 1.6392148051905786 0.5662475730606541 2.055083012111125 1.8968970268724314 1.4142282482227992 3.870526340007683 -6.1196459031397
2.47044422260313 0.01942359891411477 0.0017767977444171853 0.001544687545549772 0.059677962691354766 0.12585324997351693 0.050565151010847166 0.03949155845176694 0.005707984382206124 0.01102670982769445 0.015597053844545091 1.179049744724706 0.8150758771188654 0.8231146337487497 0.7892730866957919 1.1304632456244803 1.1065972817900536 1.2803110721962705 1.4105114221583093 1.1957338512819224 1.5239796699292352 1.3339527970248835 1.1082551798041573 1.230367986369996 1.1629062844039086 0.3876938265817992 1.3066379696114723 1.165363207904059 0.8355746420175989 1.6833641334143514 -6.237817232176869
1.435198041598913 0.02037632345113179 0.002361644578601424 0.0017627124250471113 0.07447070979804887 0.14899150077450657 0.07961981656017585 0.061397071317190896 0.004941012822318757 0.009640749298921484 0.01590237243764092 1.3210456186240518 1.1309336592126862 0.9939583464510168 0.8578211857223296 1.1567659405654334 1.1401972588825744 1.391555813028404 1.47802756610076 1.2736919162956837 1.647997507917761 1.607374024728823 1.2415345643437352 1.4881254466575509 1.3387442592149126 0.4533374798960463 1.5837798444666846 1.4397567848563666 1.046982427305447 2.419993179998783 -6.196543695241713
0.7141431791319549 0.024801732440409167 0.003806038916451813 0.003115202344349816 0.04724261873711712 0.1502321637886796 0.09273468877930065 0.061065302375434685 0.0024098173263706404 0.007475183002988587 0.012480459393242722 1.6552149823807327 1.9166869961208306 1.459191504458897 1.103667757388761 1.3736543312994662 1.1218710859041532 1.3259125462849333 1.3312327668944615 1.1020244627332767 1.3860540082019224 1.315788890471983 0.9910899753302957 1.0964859863877354 1.0264804039550184 0.3403853600173508 1.1447424337829346 1.0202125716621482 0.7271323625323607 1.4362078120898814 -6.192121354640496
3.292886834639289 0.018237866038165556 0.0017317324154054504 0.0017636192919143914 0.09262361175793085 0.15120416363004402 0.08086912223281854 0.075678564181359 0.005623247464734497 0.010798257635812242 0.014724761594200338 1.1637687329910646 0.724069801417372 0.8044618946523201 0.8112563125466501 1.1534824464459235 1.2163593194279372 1.5280684256083743 1.6506697517801412 1.4482078667274598 1.9028870826515096 1.720420174053934 1.4797267366815139 1.6893156431471874 1.647606062516878 0.5671085176000349 2.0375322959075644 1.8750545000523915 1.3904220283129642 3.611424604481749 -5.9879446461443075
0.770491546202643 0.022930287584723034 0.00337782791871333 0.0030836335825204907 0.07044800317285999 0.1613441081498028 0.10329951580856157 0.08311298493411787 0.003035177432728013 0.008173433303298222 0.013321412275828495 1.4728344402965294 1.811418735460759 1.402282530506179 1.1223066496521463 1.364774599121051 1.2120966174090184 1.3952196841671605 1.4401180624605103 1.218468205757364 1.5644588134445805 1.3869292062163692 1.1725811603057055 1.4049717231243106 1.2643059083463482 0.4296101748731717 1.5012092392939074 1.3628225419896989 0.9894432903813405 2.316801821580773 -6.193192102170897
1.5309743528658353 0.0196432092959604 0.0022703822751922037 0.0018909626289448245 0.08968146063121053 0.15892015760415384 0.09280779431841613 0.07868077941056592 0.005232670753051282 0.009975900369412892 0.015767151910574245 1.2522897748165724 1.088423050945289 0.9747924136169415 0.8755321434948619 1.2142552915717106 1.1796656132168564 1.4651386305050464 1.5804599667187793 1.381572393765 1.8133581307192748 1.6377890611354022 1.4080710183000746 1.7128579951888077 1.5627977019648684 0.5373148612874907 1.9298831123219864 1.7744713903110771 1.3128347629523116 3.4447756826136993 -6.145393169697122
1.2027507451138488 0.021292569237192235 0.0028679498987959494 0.001910397681964325 0.07078016072517705 0.15023031350237295 0.09150231848401885 0.06072665665614643 0.00435520045374903 0.009221911822937608 0.015712953199854416 1.3484196346099797 1.2817602010207552 1.078529781520882 0.8901237711308723 1.1888644469846164 1.081510705529016 1.3727475259672006 1.4487045021038685 1.242773804640193 1.604330835209037 1.5605847580269248 1.202792205110907 1.3518736373562137 1.2912328468292549 0.43606855469235106 1.517714908823156 1.3776281163707327 0.9973913631891838 2.276871616820404 -6.169866753499417
0.3706493862244662 0.030001492647771605 0.00573780844255035 0.005844571096065726 0.056942121763480576 0.18755709415112867 0.14606835056646356 0.12010542753227742 0.0009988792511499813 0.0044832069863911 0.007853732153166627 2.745586950507913 3.4210277582127078 2.4200632379873652 1.7936196551237442 2.102114978966925 1.5841704047174376 1.5614762357186693 1.5658137714664442 1.2451073939724973 1.595173066790654 1.3005866032836566 1.0689503916424037 1.2490276565601806 1.1056959843569032 0.371238064968671 1.2686164838631433 1.148509471943494 0.8296562276472399 1.89955193357131 -5.950749503345214
0.48806290923666606 0.028730879670094297 0.004797826514939133 0.00476897241425594 0.06305558976974182 0.18936068506186968 0.1317718028794026 0.10955457401109349 0.0013903842566509424 0.006070765871603164 0.009772432492165197 1.9521363697718674 2.6740219361886055 1.946578874275438 1.415564483218188 1.7063962675481399 1.3990168538484173 1.5126973195198161 1.488926076873748 1.2202220243234376 1.5284328016489166 1.460638051166827 1.1112578336115309 1.2447961923598712 1.1853909186836307 0.4007236934080051 1.4015137410830198 1.2715351061036932 0.9241797673956963 2.1950629249123494 -6.042012499524667
0.7264492502201803 0.024753447321817834 0.0036940880057228175 0.003486807451478785 0.0752870296077298 0.1786817874500068 0.11833749212793526 0.09805105901120877 0.0024013176347633418 0.008190228756050973 0.01293530295334311 1.437505610413275 1.9061125408717987 1.4632315798664521 1.1195514063067258 1.4096674090970254 1.1798320619192193 1.360785577155752 1.4762284102716816 1.2545381290408695 1.619640669160921 1.4447217377310193 1.2263452587767978 1.3920268681965136 1.343882633014558 0.45829694125427983 1.6278385495593644 1.4887319336838178 1.0935695043332931 2.727797587701546 -6.060671303827322
1.4702734631313787 0.019400918510544162 0.0021346925971959156 0.0022446738848470654 0.05653061988032158 0.12282014198436669 0.05554828160907282 0.054460297653653345 0.005225070071600799 0.01000066896392668 0.015128556284957892 1.2207651317295725 1.106774181865054 0.9719900561014152 0.8555004470827274 1.1642223063748944 1.0352545138739988 1.3101403499663706 1.369415149398681 1.1539123893635297 1.5388390114377781 1.2844316871273644 1.065526192460487 1.2514942321598908 1.1069869106856152 0.36639048720657 1.2373324006743547 1.1086360450850818 0.7917357025250873 1.5767334709262275 -6.29277124196008
0.39618657603583374 0.029214850899962015 0.005427961530969416 0.0057175244071774834 0.07380700712148695 0.19974767146624697 0.15372140283040558 0.13416956397997915 0.0010898285175283504 0.005224554023302412 0.008297228584164257 2.2763490455858815 3.234562800215683 2.31014236696568 1.6528300569113392 1.963859351941271 1.4837917398715255 1.58286161471038 1.61844037019079 1.304947113653336 1.6270967228947286 1.413259694919137 1.1831047730622875 1.408673747441207 1.2673490853807612 0.4283205912937828 1.5280247375167069 1.4032189417647731 1.0304373989870839 2.6953356066934457 -5.866880300328624
0.820371817067709 0.023527110886305838 0.004051415106856536 0.002853865137085372 0.06756885193154666 0.162953519677673 0.12079975305301499 0.07743618076481823 0.0030482275171021035 0.00685674816699427 0.013750838483413698 1.8109241600204313 1.7165106370648942 1.3457812324800327 1.0855967465160767 1.3294453051443547 1.13024601987093 1.3818527592345773 1.4314277266019246 1.2140478456337207 1.63219578376577 1.5127751930792783 1.1615786922384361 1.3105005044323323 1.2534064259138946 0.4206431543008941 1.4763194661569445 1.3425786525523604 0.9767724547325981 2.248883742001977 -6.08832018056886
0.7680959226144568 0.02401133953557396 0.0037187056162238386 0.003154076442031941 0.06519378942103789 0.16307621890178717 0.10831868115022991 0.08070466425890872 0.002532259836988631 0.007666671638572398 0.013091062475594413 1.6134079106266652 1.813188345293595 1.4015591383934347 1.1216191189501965 1.4132229907978326 1.1414876931509506 1.313971237467535 1.4164277075880964 1.1983119478026254 1.604712597942113 1.4833259846261824 1.136451826750741 1.2770489831791452 1.2184545520069467 0.41370174763559575 1.4285487794033915 1.2935456732702508 0.9395893709065083 2.1278421441345152 -6.060998866548641
0.624866083841246 0.026092772390702536 0.00462718095681863 0.0036475949408254966 0.05022033393597174 0.16222378290969092 0.11896041314821422 0.0753795278719594 0.002041004333042094 0.006130670128153222 0.011489482704127025 2.058399646601056 2.1494154825082417 1.6055313284915156 1.195591083434882 1.4692747907729886 1.1763057673423443 1.3725703888095035 1.3682930981175734 1.1284407082446326 1.4170530207038703 1.3473247858790482 1.0184005711993167 1.130543236148987 1.0634243852167573 0.3541598134683609 1.2044486996788355 1.0789388647484834 0.771567218213727 1.599607502761329 -6.100941862429949
1.345540537661047 0.02049797520885904 0.0024996559631781786 0.0018232586103928627 0.06825592851369762 0.14199081751757803 0.07677833488193667 0.055311174353168166 0.004721897051421065 0.009369041717035077 0.015637693581822702 1.3195895418651729 1.1811043751964552 1.01858542124911 0.88763529910761 1.2012857652623852 1.125699362294185 1.3615229227061196 1.4357456511541553 1.2291835376030888 1.656974520938864 1.5328003890484811 1.1758404210684537 1.31795341507119 1.2541968168219333 0.42239600919498377 1.459607051460475 1.3169286764463601 0.9537000043437013 2.10095068736257 -6.212156006684677
0.6690470067245728 0.025641343787169424 0.003983091771441059 0.0037357249339536117 0.07033548793402669 0.179358593337344 0.1202574389692385 0.0972343646278135 0.0022365143975226487 0.007227136988315822 0.011869329763289431 1.706221871687192 2.038514423430568 1.545578326591585 1.1686673289388236 1.5123535810918047 1.1960091179575953 1.430481057558131 1.4588104949351088 1.2292534433045608 1.5764669124380133 1.397801065768494 1.1792869026593695 1.3355688999387896 1.2810976965980927 0.4380275166566155 1.5419229690483138 1.3992684326003713 1.0207196038003772 2.4707925837267846 -6.059430343112311
0.6776070566254919 0.024822092818391758 0.0037283785145344273 0.0036516237148298105 0.06569404489275987 0.1687931884707387 0.10883696464523514 0.09039153527483694 0.002356048010920019 0.007695530279221547 0.0121548706613556 1.5619111875130647 2.014313635672655 1.527137986333953 1.1534358845605293 1.4367565446231036 1.1787913236087686 1.4062136134881895 1.4314467150931585 1.1978679191827233 1.6029299448184329 1.3489379476441987 1.132687436950479 1.2753812043752204 1.2176604792409182 0.41010445323190475 1.4356458048796292 1.3021260463476472 0.9426841522492053 2.1835716551289943 -6.117764266244516
7.438562436396272 0.015958939724446505 0.0008397223690717098 0.0008217679944410662 0.10457148469597863 0.13840280054273466 0.06215246126142797 0.060198853824627384 0.005795931629823662 0.012409129329425405 0.016506503285534713 0.9931478935800105 0.6063882275044981 0.7933602729139259 0.80171318516357 1.1916422703050333 1.2018437019251216 1.5267382852899136 1.753240337884371 1.5472410210291252 2.149639304027765 1.866270972944848 1.622198110712567 1.987970759185395 1.8316638409603858 0.6354250801409894 2.317076520181964 2.1461676876943088 1.6037042157759458 3.929243818794485 -5.7867326980201055
0.34983774844366256 0.03048861931054913 0.005516846391318105 0.0062590573022150275 0.07084736872084324 0.19999939688877405 0.1497155160004533 0.13923865848138148 0.0009435025661414694 0.0045324663174949814 0.007210796115065731 2.640359003270141 3.618912337256873 2.56052957704745 1.8097441631257525 2.218536074180923 1.5807232208964024 1.7418404457119214 1.6648436908190403 1.3274829547436828 1.7125039178836823 1.4054975060357353 1.1663888354534826 1.374319439236766 1.2277130508026155 0.41423597704776 1.4551271713722043 1.332077660265404 0.9758757024678091 2.4945042697102937 -5.869095861058726
0.6742920753329714 0.02418883202730717 0.00392723046216526 0.0036577535018210107 0.07982439990783685 0.17974428085066008 0.1275648456147395 0.1045441187532212 0.0026261487914382787 0.0074273706479498856 0.012349254791048196 1.6586020462614384 2.0293461896265526 1.5439945058545543 1.2188620876547729 1.4639580314775151 1.2790450389960961 1.4597271325199785 1.5055108651409075 1.2735538105615767 1.645256389676725 1.4695772893553039 1.2546341192347872 1.518840471237629 1.381043998162588 0.4743486515882723 1.6974894861129182 1.5547642459852018 1.153601942202158 2.965280480758921 -6.110383347339874
0.4559955278645758 0.0275485779375663 0.005226977403491556 0.005194435399935722 0.08521483573541566 0.19999999527306433 0.16131599714858144 0.13730650986007353 0.001452619643589624 0.005842509983351777 0.009356676272237517 2.0200534141603708 2.8550430445197006 2.07579375340936 1.5084638812180178 1.8199522713025418 1.4163125358390978 1.5463407867857446 1.6213827434165846 1.3361421132516613 1.6952855274920295 1.6434071154111105 1.278648150259702 1.5416483641560395 1.4046139637119095 0.48537582585585515 1.7609659549394148 1.6245066833638357 1.20668795505662 3.421536857114449 -5.797760149920544
0.471350337872814 0.027432378115560485 0.0045890138088291324 0.004872744115666287 0.056118812755802536 0.174183836679207 0.11843947485408425 0.10297325057087152 0.0015436237085349306 0.005908603180448035 0.009578627842872412 1.9708293958402396 2.7536185525208414 1.9913810646558237 1.502862203273534 1.724763371461974 1.3981476361165905 1.4956298833123916 1.4594114147017956 1.1797887606558937 1.535475671220264 1.266501047453163 1.0494171970123587 1.23467256842516 1.09756380383768 0.3668397884750347 1.2620460145563515 1.1409290218447217 0.8220012326529799 1.8192338195381212 -6.122823882447016
4.598492191219759 0.01744560141360458 0.001139514353107956 0.001395630582422344 0.08454786940893376 0.13659918712547528 0.053473913882861226 0.06024233429373472 0.005424431727703474 0.01183727692086138 0.016069444393201248 1.0516550989567275 0.6499452347348901 0.7820760596856263 0.8032087769667882 1.1431575790069377 1.132562746166566 1.413300379359077 1.5922441225596113 1.382381535054394 1.885533503091911 1.6112535968936472 1.3717368802213732 1.6521497841221469 1.4948122779268045 0.5080736293688142 1.7956576542797806 1.6397325286130497 1.201347450126527 2.889965123275172 -5.96076100934949
0.46846920356931926 0.02824117401240932 0.004775528080014161 0.004658267839911815 0.06280553349356292 0.18551143782019242 0.13020627650279717 0.10650047373346729 0.0013441573610526846 0.005896149932096285 0.010418870767881781 2.0008941823668795 2.771756324177413 2.008857530845436 1.5190028636519646 1.7463138336156918 1.421148154606664 1.4505934827256672 1.4950402949614574 1.2181788497038721 1.593015300960657 1.4478417446243463 1.1015844946097102 1.3062747019390606 1.16852866651219 0.3945416599538536 1.3733858399995826 1.2470747149560877 0.9070403084930301 2.127531970671505 -5.982222942210502
1.2379795342717574 0.02098159475653197 0.002853430854796574 0.0019832058778557113 0.07772074517186099 0.1560600152932083 0.09754374452264372 0.06973201304263651 0.004391267885047754 0.00914038253406706 0.016117382284677243 1.380072881868404 1.2567864219330664 1.0671606282972632 0.8874508801080984 1.1927282639603394 1.0953859727783732 1.3346277259470158 1.491903353166073 1.2893551820944873 1.6751265553753099 1.497714680835344 1.2717004949273474 1.4397213955031856 1.3856297709504817 0.4714564942416925 1.6621425035042185 1.5160712377216714 1.1074998909894473 2.6636947906544504 -6.161301382711806
0.6393756892168146 0.02520371116477331 0.005380401388525439 0.0038016002714249073 0.057438099677925056 0.16446476768597218 0.1545942014842236 0.0858589304118858 0.0025454361664997297 0.005171042641214709 0.011628975563438929 2.36331791317387 2.1103752968086824 1.5849699134333048 1.1879546242511976 1.467309335068102 1.185697634268565 1.3942865932159816 1.4020671169610726 1.1634898541188743 1.5428113013695033 1.287952739226522 1.076717144839088 1.2010537136242492 1.1481172816693923 0.38486894481660966 1.320022771417968 1.1873971859179029 0.8600654019356861 1.871778208901276 -6.035033197311203
2.0621512844099397 0.018538403058867822 0.0018189890937788692 0.0014395530211984348 0.05995365666394012 0.1192143223763957 0.05054472311715433 0.03821960119462945 0.005660343279717751 0.010740400467781847 0.01633241884360474 1.164017749276396 0.9011522089330088 0.8618846761394544 0.8031651918527446 1.1337042106878312 1.0432646494651119 1.2699971502059033 1.39600324058694 1.1851069844938529 1.577784714333708 1.4460468366767927 1.0979231388864388 1.2911174990646859 1.142431432328302 0.3802691929683939 1.2843473624484834 1.1492784051417255 0.8196163907647691 1.6537919966836847 -6.195583916327466
0.8033461421608459 0.02362463950033945 0.003317218238659867 0.003091554691474194 0.07115149912826599 0.16687319036103304 0.10352917064718037 0.08525477380045911 0.002882363620201723 0.008366993563214376 0.013559920845020376 1.458316961788178 1.7513832557466347 1.3654239301362718 1.0578856041958373 1.3449642235807437 1.2050080143856825 1.3962811130144681 1.4441269234305247 1.228471016329202 1.658684013245476 1.4074979584564344 1.1869053515102763 1.342741850569712 1.2876510392165683 0.4370274222300523 1.536625197137299 1.3947942403925682 1.0208728594950744 2.4094438800180433 -6.173130241472679
0.23386497216797256 0.03200579547417725 0.00702981428825948 0.007384618914512615 0.10922458519017705 0.19969043075677745 0.196114212854642 0.17165162406971374 0.0010425748822415807 0.003007715401703646 0.005575080651704479 3.9997491238677436 3.999998873820253 3.6997441608636117 2.573634085815542 2.9840984196085745 2.2840757112295873 2.207874399392011 2.1728219495358183 1.7138844757966305 2.1886576109039586 1.9506392905081782 1.469297396558338 1.6671477411580073 1.5518095575486324 0.5268785354762585 1.8940299233728708 1.7571583762099403 1.3020381834036892 3.9999507652993858 -5.404310682855684
1.0565654087387788 0.021637236118391506 0.0030731402221444385 0.0023601345975069084 0.07055415424124975 0.1526765739641412 0.09598037846571401 0.06942336643155805 0.0038470614898493557 0.008650269038607194 0.014862247295765728 1.4990206644393451 1.4109096636441638 1.1555403164786284 0.9686271067042512 1.2725810102452115 1.0919036715347903 1.305533593180218 1.4422457831265731 1.234817676702216 1.5936447398155387 1.4156236166356575 1.1949873064848437 1.3446782606330019 1.2856719963314527 0.4345583168243436 1.5164710448320495 1.3736131314653 0.9997628641137694 2.2807440042823144 -6.1637876731456425
0.8060379560925207 0.022103751986121783 0.0033927569104966696 0.002930398333300903 0.06800778100391058 0.1528822709595024 0.10113035112863047 0.0772164460742278 0.003898810998428812 0.008322469410464255 0.013696575139822123 1.5027294792127746 1.7439363506935242 1.3593937278957422 1.0511888188525642 1.3354452654140565 1.1305564225039575 1.3102906090265012 1.4247583433879494 1.202429068209002 1.5423768347258475 1.3637625839989527 1.1524684193487902 1.3729967220084678 1.2312024529434593 0.41565142729715054 1.4431881007046912 1.3097572822337948 0.9530802379312951 2.1537228006325324 -6.130118207797114
0.4018177893359858 0.02946229128586496 0.005355884118609495 0.004995470980561403 0.02802730921068181 0.15776433536138937 0.10982456686512411 0.07680281758749935 0.0010725487947515217 0.004696960446445454 0.00854698556381225 2.6599247135395374 3.1526968679075105 2.231070622009142 1.6480390337389519 1.849949865076183 1.43975612783743 1.48133034448644 1.390233404211618 1.089406900685971 1.3106513531380615 1.1997427559527756 0.8795688848690254 1.0052829470244578 0.8696111851535321 0.28218253321550046 0.923283794162935 0.8116274693221832 0.568589911121045 1.027464656746369 -6.146685484653439
1.9544447660326405 0.01867572006219101 0.001743225705346963 0.0014784270108528172 0.074752824994854 0.1352929744882529 0.06402340087685775 0.05355412997207898 0.005946510827401748 0.01124262778196952 0.0163059687918461 1.0844680690247208 0.9299540992605553 0.8836492917780839 0.7946821856768177 1.121771482500795 1.1391929704539592 1.333193603032967 1.4899008764010653 1.28237757296616 1.7348363982079427 1.610830957285112 1.2432328566073219 1.4845845493632808 1.33251955514454 0.45145190671604535 1.565807642549167 1.4195983336443758 1.0305801673683672 2.3375804557297863 -6.148325780224968
1.8947593608426472 0.018949975899818724 0.002007503639691628 0.0014692922643292099 0.09444639034284597 0.156461774232007 0.08997412240795911 0.073009141091012 0.005642610563390642 0.010770183887925576 0.016644622158571754 1.1468727560297962 0.9521268720191091 0.9044597250871433 0.843779048849104 1.1578838903837771 1.1338678699457991 1.500994780334912 1.627299115695159 1.4288458451450097 1.9738979728553037 1.8705303797766673 1.4700458033105617 1.683465034243406 1.6450787052334348 0.5686197208436575 2.0512317801977513 1.8894020948936598 1.406562143503678 3.719178890518072 -6.008529704954373
0.7042367476339901 0.023271189563391952 0.003781476492645412 0.0033706793778516967 0.06466916204535213 0.15731734402499112 0.10784655028238874 0.08260900293853883 0.0029140330821645203 0.007627829210959269 0.0127586533354448 1.6218592399824288 1.9478083425756083 1.4836240233048332 1.172801689048331 1.4090428439519918 1.1697141761501366 1.3201987170878549 1.4211817904556847 1.1860264349905167 1.5113524423462035 1.3284421822495922 1.1221016356374525 1.3311603666280296 1.1919189847144087 0.39996389819838135 1.3978818001614688 1.259919822217361 0.9174219651975831 2.045546416203099 -6.133224514067704
5.440074433357504 0.017284236238953306 0.0016179778937618244 0.001823192895731201 0.0857189296559558 0.13670937264962407 0.07042662547569903 0.06905132230158184 0.005508309098507315 0.010693183973511251 0.0141449801049816 1.1377239849740455 0.6267413192295361 0.7803497687517739 0.7809054876622329 1.1511054356329178 1.2058882297185776 1.5031606820519554 1.6139067047550213 1.4022345170807045 1.917417420717711 1.6391983743664928 1.4005982116429998 1.5852248546498686 1.5316901556183868 0.5226928661684919 1.8508744243499449 1.6908317857959645 1.2427564988731916 3.0310780724737065 -5.956165682914434
1.2319064607436374 0.020984167248741508 0.0026318426547552176 0.002267902879313307 0.0730297284525792 0.15057261563839633 0.08576117299427681 0.07189986733029141 0.00421444138290992 0.009275407563707778 0.015303674687392244 1.3302483256242863 1.2607789605849686 1.0665046249143844 0.9173484618574917 1.1864567162315258 1.1437494476162349 1.3829805035553 1.4627050867747382 1.2580092833269236 1.7063148792448461 1.586212195235641 1.224543802828469 1.3806418779237726 1.3211481100343898 0.44760165058358053 1.5651111173235677 1.4190740520286058 1.0339129236942 2.3951223771187746 -6.191705369757835
0.44398880122223944 0.028636834245428348 0.005001746990851912 0.005004839833642864 0.05312288879338388 0.1782083479425945 0.12581805515598257 0.10263157872903882 0.0012769928327050865 0.005520084174093482 0.008888017129293203 2.1300936140148856 2.9016179114320972 2.085712249092067 1.5644492124708285 1.857770428581896 1.3546702278461051 1.4427548334107212 1.468212578818627 1.181711399440693 1.4600067462914597 1.3735027952173762 1.0348287458031393 1.2143567442964445 1.0758423146401852 0.356555562988684 1.2302309049990268 1.1079735862858682 0.7952034414136631 1.744688608521615 -5.943708978223069
0.6713130676609017 0.025536901029333512 0.00405410354965784 0.0036759805480326858 0.07116077244696467 0.17977977512075152 0.1233939571889598 0.09729261060976296 0.002291357261299866 0.007118217349432862 0.011945751183512855 1.7278464611230722 2.0322825653594325 1.5430375945088723 1.1669804046180663 1.5113519094792367 1.2632225424981935 1.432525951807785 1.4652379035961585 1.2355467501402548 1.6584421129413418 1.538603050757851 1.1862011409601625 1.3434964872922197 1.2910999994982453 0.4379640867502945 1.554765240179301 1.414525140874131 1.0314539627571941 2.528521931835586 -6.044594456248406
0.4520153370559255 0.027451039572420673 0.00493787933826647 0.004846089240934502 0.07127203632919056 0.18742487276806524 0.14032349024696894 0.11642120849056216 0.0014486068808497253 0.005855402935456986 0.010425056116270866 2.0146421941984167 2.8652584313279488 2.074776490448125 1.5004129419224206 1.7984125213536177 1.3859916165157102 1.494463782043102 1.5452122961217802 1.261275147205718 1.5806778543650688 1.3811387847133618 1.1598527061046424 1.3799126379019533 1.241660584145256 0.4225210302886208 1.4908786769154392 1.3618237702739429 0.9989481475551802 2.48394995041568 -5.918070456565053
1.210756300363525 0.02090098465308794 0.002911030652428958 0.0021870358119989407 0.09289776009569352 0.17105972537215064 0.1140148423035556 0.08881672348648038 0.00446935697251468 0.008929861091147066 0.015680496642495736 1.3984714835545515 1.2819430843528994 1.0894703603652944 0.9405132874067191 1.2228904733305168 1.1961339086295604 1.471494395088947 1.587025221575211 1.391575763079153 1.9246859902679423 1.6655521838083556 1.4381989311291674 1.650390247190368 1.615109207671275 0.5603456989046709 2.0254968831021154 1.8724382577639913 1.3946708005882746 3.7830934319116496 -6.140410313965927
0.8753940845694403 0.02228295591776403 0.003510335680878625 0.002847728059333412 0.09328298492903234 0.18103254391185988 0.13163177041909982 0.10295133272667636 0.0038858757825557186 0.008411317444739727 0.014541283883307386 1.4928943517588085 1.64259540131771 1.3078160724273142 1.0346601965415223 1.3390708663399566 1.1734074388312654 1.4034487011255614 1.5682930350099302 1.3669171399151008 1.8857827652708814 1.6307820974252873 1.416355835720527 1.7343504538662855 1.5937285391359481 0.5483745967191218 2.0123921350810634 1.8699779941292365 1.4069862682705354 3.924434317722258 -5.983801756448753
1.025323866129353 0.020787199364881513 0.002861562091009161 0.0021313917907498587 0.06769993662020168 0.14149613341439732 0.08759286744794316 0.061158156137590486 0.004782050198840971 0.009202095757666125 0.015331104690285532 1.3116283967284972 1.4416807054576823 1.1724387618933247 0.9768393621102037 1.2303046175532595 1.0854842558373436 1.28921313423005 1.4177039912307614 1.206855622994618 1.6250835409565032 1.5024973505052128 1.1533272662824476 1.3717459070054918 1.2322037958645866 0.41442340771452996 1.4333199631678077 1.2934707021587066 0.9363377661943284 2.0697379493094923 -6.1596083643383635
1.13884492146072 0.021547413403732413 0.0030636410461712766 0.0022222017881803908 0.07984454011393183 0.16223633460452627 0.1056411262381978 0.0760356437603777 0.004193074506900366 0.008606942191833769 0.015167939607538539 1.443795668574415 1.3371316689910078 1.115454745015965 0.949757313420883 1.2645239395112295 1.1681136980026319 1.4134289127484607 1.502394441020322 1.3004433766936572 1.6941811228897163 1.5189873543487222 1.2937255272094355 1.469127326607656 1.4185211838314842 0.48431147667229285 1.7168991959241153 1.5698388624856419 1.153280607722728 2.8393870653481774 -6.188973265173661
0.5889250129530137 0.02581161675371039 0.004107750344672547 0.004305333538696995 0.08706148637025367 0.19693791274208114 0.13869854584241428 0.12471065544346963 0.0019908293239803737 0.007070242856198068 0.01136281806208632 1.7379775413597607 2.2802127461485835 1.7103203764494597 1.3309951374573383 1.5777006114141403 1.3553153141858847 1.5277757698065384 1.564433533910974 1.3188375380210988 1.7893630122298865 1.53012038686694 1.3153102366504568 1.6018794516927777 1.469124775878286 0.5026344496130658 1.8476981281575935 1.712752450413002 1.279605438330814 3.580527506979665 -6.031734603761907
1.502301344799033 0.019321370224910303 0.002130760948680936 0.0017579156237013539 0.06501800102557817 0.13050674584820326 0.06389363770321738 0.05139370197417501 0.005307830708706871 0.010175527952832117 0.016335175560708064 1.2069390463269036 1.0948275635725744 0.9673123878708344 0.8281438042673666 1.1738185543459 1.0544548348087475 1.2804417551583702 1.4161106700167378 1.2063191844804106 1.6193540561770083 1.3610631651220007 1.140606895878399 1.351525174673398 1.202878942481227 0.40337564014112254 1.377370385017525 1.2420031716715083 0.8916233426128894 1.8961243097903622 -6.238329882552361
1.0453805699159067 0.022017226732546816 0.003011316395344569 0.0023709253236941677 0.07054873899662428 0.15556480124503158 0.09515292703709151 0.07037176936628897 0.003774273814939015 0.008965292362010288 0.014997902903083615 1.37193534173304 1.42326190087777 1.1625710656900743 0.9375747106073038 1.23064784937643 1.1535656946852204 1.3066638697288573 1.4419298788377704 1.2364708086225966 1.5955071459278853 1.4162946556416756 1.1937476638320725 1.3473921848591321 1.2892288755824746 0.4319490171698747 1.5233354397705157 1.3799611273719552 0.9976194622248852 2.310365546137232 -6.21014070867067
0.89779131679212 0.02214652302471899 0.0031355136919536675 0.0026074799388207948 0.06556183322192079 0.15215054353406035 0.09290897658950795 0.06923171551623832 0.004050694664669233 0.008348875776673084 0.014342856528873137 1.4924895127999525 1.5990336276277597 1.2673380268316203 0.9972894382584917 1.2813264052274498 1.1637097932373588 1.3583613201979252 1.4100838495433334 1.194130696632129 1.604534039237746 1.3529403357902186 1.1375260803112468 1.354659066146161 1.2122295775239433 0.4101785325505142 1.411441529547297 1.276614982789099 0.9223579673817509 2.0488202958159105 -6.224477452517216
0.4419971171520907 0.02953613301618171 0.005868579494928008 0.00490855583872663 0.04668726137745315 0.17784709322648284 0.14798587993608445 0.09533179533145279 0.001162834885114372 0.004616710146375621 0.009077686965936787 2.785715829120106 2.9084439291617805 2.0897399415642273 1.5120802789417258 1.7767775998837099 1.4222855854081584 1.502083240829413 1.4445314053530487 1.16044654498302 1.426825001084154 1.3363848242004275 1.002218703743499 1.1031211282545508 1.0324366188929635 0.3445198744972797 1.169148362721098 1.0441514058766939 0.744416666223411 1.5737027494027376 -6.017768982511353
0.760145491793785 0.023007453812777502 0.0035469603753230075 0.003285871526648673 0.08374719577900758 0.17502130469981533 0.12131990786445801 0.10078289183012962 0.002740374549095665 0.008229019949862422 0.013199887011651918 1.4469000482344234 1.835779063185678 1.4260457977000172 1.1440094722338165 1.4489828927482378 1.183061172641577 1.3797242983196043 1.5142747088917003 1.2970029613758887 1.6854660314486267 1.5145427619563943 1.2973539070125288 1.5759432157818043 1.4372339402276282 0.49257961504918824 1.778232582601866 1.6309054280118436 1.2102239477695722 3.1493443225840165 -6.016278159403197
0.4149721244302558 0.02872590984642131 0.004908607172775236 0.005295882778953628 0.020897618689147666 0.14540501892292046 0.09179128876173027 0.07637658311686266 0.0011404875527098995 0.005381569597684332 0.008420384485535483 2.200921847778817 3.0555008514862796 2.1623065952315312 1.530091973281892 1.79580563537894 1.327371500797984 1.364752038053825 1.3441420463475242 1.0492228025620527 1.3148211780405958 1.0484740846611371 0.8349369573189804 0.8968851296267154 0.8156473260036979 0.2644141138515447 0.8498141566229255 0.7406794755659177 0.5153149296845104 0.8725601372161069 -6.118891477467962
0.3537954992193878 0.031033705535627648 0.0058527120562802066 0.00620989865773599 0.061261937881773615 0.1968589748751865 0.15143151050885734 0.13216368159745653 0.0008358548348130305 0.0045123654190083505 0.007259434938571172 2.6045549528635457 3.5724082117308 2.5236807184379195 1.8669277540834415 2.1835660589209644 1.5482612310232229 1.613060212137624 1.614593156822186 1.2849717417551652 1.6463967761269165 1.4732712440329598 1.1031630190694224 1.2950358988703177 1.148376559623015 0.3865338844987104 1.3319328093099287 1.2101788837811087 0.8820434766880586 2.0966782553655685 -5.816013675842219
0.6165094338235599 0.025237145532047457 0.004223872655408134 0.004179210737980237 0.0880490736526138 0.19244633183232723 0.1421536115323782 0.12226158434591071 0.002130437362459065 0.007379193510147188 0.011711272469181808 1.6449454614983645 2.1980084211154476 1.6526351044933745 1.2424878809643762 1.5434228744050578 1.2660379129785977 1.4431269803065307 1.563309562191258 1.323871993904998 1.719846400257299 1.5451806781774078 1.3282920709889665 1.5228863165188018 1.4873467195192178 0.5131504573035187 1.8788497690850356 1.7355811378367376 1.2973763230447088 3.5924313818580624 -5.941948672332272
1.3946546286324966 0.019880218249069843 0.0022761518508462824 0.0015816050847190274 0.09340583803222466 0.16332494084589702 0.09578812010038974 0.07372465738754187 0.005123190274170012 0.010079397890316472 0.016576574086639494 1.2258768531199016 1.1601591589762448 1.0168858398056968 0.8681768228030994 1.1909722885211138 1.1269309995743662 1.4746179582021441 1.5938499794692151 1.3970389895779538 1.9309052105626163 1.668093543576161 1.4404424767503938 1.7583009017998728 1.6098932135626163 0.5578489402018191 2.00938223171435 1.8524683927457908 1.3764254883605207 3.661456706206201 -6.096479839910542
0.7810785673650643 0.02448042253812792 0.0035836165202964574 0.0031499137488217987 0.07926602839656735 0.18097997923476924 0.11915279572791317 0.094981900700321 0.0026682588230524822 0.008131001170410775 0.013110517502745889 1.4745994825304847 1.7957911825067843 1.3978142084025953 1.081325960886169 1.4279042301923188 1.2339700745447293 1.4357788372088343 1.4967299949892445 1.2814996870096256 1.6627084418779734 1.6307941902206775 1.268646928985766 1.447877044997533 1.4023045401486882 0.4789961189744591 1.713991535412336 1.5739789447120127 1.1575031814360164 2.9777889056057756 -6.0520787952312265
0.7673810957270375 0.023290729990520204 0.003315137396118222 0.003241818073898152 0.09165928481151644 0.18462143534138842 0.12296590233694708 0.10724603427653936 0.003160072143092948 0.00855777014582911 0.01333690981159408 1.4060387328441795 1.8279077354545157 1.4225285971565145 1.1014534502085822 1.402802644041964 1.1986864278754887 1.4824552441354029 1.5620201858512817 1.3451148324656548 1.8485520916954619 1.5954912314934482 1.3774859211791797 1.6880317348902756 1.55197699982106 0.5416123724005658 1.964231550160598 1.8158828268217941 1.363055606081988 3.740732760706607 -5.993029836942319
1.3863961038209662 0.019738839957573872 0.0023125589832880713 0.001723601845632136 0.07958376297005042 0.14812477741710553 0.08358127025584511 0.06548694178846552 0.004917127463944655 0.009988725526642017 0.016715984877143052 1.2368992054894927 1.1601356757683723 1.011237080674442 0.8890539448065826 1.169499151074553 1.0921237018727015 1.3403139417394796 1.5039041328871754 1.299937661548686 1.7707450669281504 1.51003333737013 1.2852474749517158 1.546281647380964 1.3968032692707064 0.47500558137110027 1.6742704252002267 1.528864113730147 1.1146530927595826 2.689390889273976 -6.19512576504774
1.2500151579752954 0.02032407361089997 0.002419249004413656 0.001976241754743983 0.06289087348266918 0.13637474637516514 0.06922552694570373 0.05355777894053409 0.004859645321256372 0.009414100290893278 0.015573254564104591 1.3171836930517196 1.2421894734567298 1.052016346943886 0.8716363973093573 1.1653626470433682 1.1142207963705375 1.3341820394036517 1.3951883677574588 1.1865096266487283 1.5937238147872022 1.3366003732020861 1.1188580581316752 1.3266463736364384 1.1803467355746968 0.39679232022355376 1.3555649569313266 1.2153952106657724 0.8672968485003415 1.8478106156642387 -6.30764881127642
0.7384560431615981 0.024687937755134205 0.004491800105699639 0.0032153541683438143 0.05444401642577248 0.15851850332268674 0.12245763176167959 0.07201898257075082 0.0028871474194746595 0.006199415667022443 0.01283786016410084 2.1757192571474606 1.8694210812005183 1.430801422596096 1.0931070355632933 1.3661401097440755 1.1919867217986622 1.350836737590893 1.3707258130035191 1.1438691452615892 1.4507855774522473 1.2690094916102004 1.056044990965421 1.176409495023844 1.1099105680963703 0.371837746820065 1.2680660384596303 1.1390863588797304 0.8164307739204183 1.7225642995267294 -6.171462177641788
1.7192710163589653 0.019079794038131825 0.0020554930994630856 0.001723382342029731 0.08939068996646267 0.15279015157191916 0.0860719908370267 0.07300647816572292 0.005493964168773214 0.010560944943107616 0.01597795518457051 1.1721395476651788 1.009511496167368 0.9321412169737063 0.853448653076714 1.156690204666046 1.179154340163573 1.469186597907982 1.5848883811024086 1.3843855620108578 1.9039258567920556 1.6373296014053418 1.4066034536470435 1.601486139493298 1.5560772158605298 0.5343845566922822 1.914925927609921 1.7569786053956398 1.299410708009709 3.3241169780398083 -6.144947436825018
0.6463576796423619 0.02483525023054902 0.003836587440625386 0.003611401611873598 0.0666709211378829 0.1693364702830789 0.11196338040247789 0.08988599311680265 0.0023723604980350815 0.007515173141292693 0.01183730114458206 1.6003754563112682 2.096006376862987 1.5790509368382712 1.1876571668197053 1.4704359523189838 1.1964827356499264 1.4189286341090714 1.4428031018127354 1.203495196349359 1.5324183232562023 1.4802488970026615 1.1350897605141603 1.3578704968222284 1.2195895785019213 0.4112623801463677 1.4435269999150289 1.3076734503689875 0.9555792719655027 2.2065608777511807 -6.049476230388021
0.7631260622325033 0.024599209080210894 0.003697466909868811 0.00333411935243836 0.09104476989059022 0.1940478979191079 0.13463682090877435 0.11075671231902928 0.0025925115066225356 0.008353681230525847 0.013525199922205355 1.4141806345454075 1.8389179153343345 1.4279718580488743 1.105405384307598 1.4074448031323183 1.2699996374758626 1.4142007984576261 1.5620971423110623 1.3514640878866906 1.7729932975758202 1.6069708035994794 1.3894161523296622 1.5980088161325412 1.5678133876933769 0.5472264710919034 1.9904973066504426 1.8426226233973113 1.3790606699535726 3.9047705884116715 -6.027107380587213
1.338759179244367 0.02001020431588683 0.002366285411451675 0.0018727366515887424 0.08939158411851855 0.1604974046751245 0.09381095450365655 0.07691847503682457 0.005029228961926348 0.009734071175745119 0.016008609685159523 1.2562585531240682 1.193133023028464 1.0343785183225194 0.8751519795727699 1.2369467304058903 1.1798614470436912 1.3830466097494793 1.566224857311137 1.366891526704619 1.882167449233587 1.6218101389975632 1.3956420792682676 1.6953695427948834 1.546626440139028 0.5301583356484695 1.9138389419993627 1.755478333344716 1.307315961564772 3.3563243967400878 -6.115010592094179
0.6299027451410538 0.02532619286367118 0.003903727991169926 0.0038590563747226574 0.060832983646067915 0.16653483181035017 0.10816519034865409 0.08909405273349769 0.0021860887345567007 0.007328694517942768 0.01161460777175711 1.587326843362979 2.1418751083239873 1.6033625842349513 1.1989142016000236 1.4792588934476092 1.2604987666065413 1.4052743359183917 1.4154135451622607 1.1753111204590745 1.5596837016083671 1.30576419179108 1.0923964673515736 1.221892640120605 1.1600729471878197 0.390079489494682 1.3525367428306072 1.2193578637948295 0.8831407064022665 1.9638755930198097 -6.166302697682253
0.38626892921937506 0.028762916224594107 0.005439436180117782 0.005480428113595727 0.0673460209011949 0.18821909350696947 0.14637154509425995 0.1234016350924732 0.0010660446208972535 0.005015878583996582 0.009302402066527006 2.3276265867687944 3.300701074946532 2.351476947575103 1.7506811918892187 1.98053481990398 1.5718744262959963 1.5690930855785996 1.5914495203723409 1.2760636808486885 1.577282454813885 1.3610849732321926 1.1302374389047434 1.333815602985481 1.1909985496145437 0.4013256069256233 1.404926716869041 1.280929176366583 0.9348356673483837 2.2967192601566424 -5.979857446817053
1.4823795912768694 0.019664877857984327 0.0022080885149360916 0.0016344600385362707 0.07729080850885685 0.14510017774016684 0.07795034031187177 0.06105569111847432 0.00502734898556609 0.009989312955099739 0.01650654387196022 1.2492251131051775 1.108054341819811 0.9803230423057087 0.8712215988189665 1.1547219439353242 1.1448023449931057 1.333559744702197 1.4934263614526995 1.2886622961750365 1.7515068597242607 1.6331438164207288 1.2642375142824647 1.5176507759109898 1.3676519549787045 0.46382625552916384 1.6267534115487945 1.4795912572879715 1.0787577056061781 2.533670202927408 -6.176478148109369
2.4112912498156427 0.01815507566002668 0.0017174863769373048 0.0015716744350965568 0.07899372579388853 0.13653077220188245 0.06774514791554888 0.059436770734950725 0.006028051390855627 0.011235224040777087 0.015936938660018433 1.1004021540049496 0.8289885516694697 0.8390761023907417 0.8072402134974841 1.1228682553055824 1.1582785588650868 1.3640059831461664 1.5277096569802977 1.322803263895875 1.713571578121294 1.5280072276260845 1.2972479272259299 1.5557533250783364 1.4017599507899006 0.4759714733677277 1.6633096454792806 1.5161684337366474 1.1050127372289893 2.5864402087151595 -6.168049439862943
1.1315844263638686 0.021920357392592255 0.0028779191912117917 0.0008123564287268696 0.11187998831979405 0.1974441897308904 0.1302651159496124 0.06102893323592518 0.0036218698224051013 0.009378241947791747 0.016508918521024315 1.315674998755821 1.354977026396073 1.1393848228871888 0.979815563389332 1.2708307429518855 1.2494420243196889 1.4769886776815468 1.7011488965572161 1.5186086284940794 2.0364757028836027 1.8820839640222098 1.6554391994325728 1.9355974370336746 1.9313385743489477 0.6800259895428425 2.55886180106179 2.401855488949711 1.8361806225111454 3.9999999999999996 -5.7188034185853835
0.4973852714026646 0.028336465270854507 0.005348933059579824 0.004756206804148858 0.07734471505537799 0.19999403572260208 0.16473889096444447 0.12305912469443804 0.0014924447957630252 0.006047636183507139 0.010134558446703934 1.9867572736554366 2.6388676870701486 1.9335552534988925 1.4768938941874827 1.7159533296551273 1.3478528777742795 1.4827776303540796 1.5548913882416397 1.2917211709688812 1.641191664206342 1.5907358386177477 1.2270177776981281 1.3934873205978306 1.34693622038482 0.46157186270842976 1.661197761894557 1.5250245996972807 1.1308460918005778 2.9787659713846 -5.878853778536019
0.4329068652243725 0.0294955019073318 0.005720196354436653 0.0052112128570575185 0.06619426774714743 0.1948698685993854 0.1611621668266529 0.12027958469537885 0.0011239546603530903 0.005331885327153246 0.009444395758341637 2.21592334099365 2.9761267570336405 2.145893465780865 1.6123177747687103 1.8431716603010073 1.485735028241592 1.5094496152933985 1.5460862436423357 1.2575211017768972 1.640099907039758 1.4946245772240034 1.132071259745624 1.2712993515290782 1.2134341184433355 0.4078395480617017 1.4454236044912716 1.3142483676142096 0.963570664467713 2.352639263090357 -5.93235016294665
0.33427826278143985 0.029432693831161958 0.006095039504475222 0.0067288966414322665 0.09352514510605825 0.19419096841782332 0.18127018075064302 0.16665550112937488 0.0008944239506728745 0.004396311187970026 0.0073612592912600285 2.6667577020640056 3.7934347814163876 2.6908862627618766 1.9946411096467314 2.248764100539027 1.68341788610011 1.7743052139950461 1.8038531943535385 1.456488406875599 1.8976685913041915 1.5769622033856163 1.3238638079322322 1.4943893902911625 1.442078430169605 0.4916254265653506 1.8029025181878413 1.6762621705317895 1.2540652247860253 3.823171648116594 -5.736910543342499
0.5391206058566534 0.026897832142623406 0.004636119015505697 0.004480928301352719 0.0842371849257772 0.19992502383061742 0.14885402731306455 0.12538943645345857 0.0017674065489567863 0.006681274574825233 0.010916651460449123 1.7860159804834335 2.4609225038521045 1.8241446420318308 1.348391470282093 1.650215279693643 1.3934160898171881 1.4719387458128197 1.5674643795084842 1.3119694255708518 1.6849868543267505 1.6489490087055112 1.2844516823650465 1.559645353948825 1.4257787075090258 0.4905577304683289 1.782559805046743 1.6498502560041972 1.2289635392629665 3.4110354711701465 -5.896983379430065
0.4535065821504865 0.027477830757172934 0.004633596043758339 0.004965846889512912 0.0435906742975125 0.16144318569993402 0.10689243246198753 0.09160748833074644 0.0014359692968748145 0.0056114554822740675 0.008993381390902609 2.099106070750933 2.839127996812215 2.0389213692507395 1.5274996070805682 1.8121362072379725 1.3915184627866786 1.467721520949446 1.4122181581851208 1.1270912435435652 1.4473314655191385 1.178596189401941 0.9642362648950114 1.1189539984743693 0.9825215071696387 0.32325236234109905 1.0897336812822307 0.9717892505843854 0.6891492595739727 1.383656773409909 -6.139586687915448
1.2321283467981383 0.02131120581634642 0.002700228250303976 0.0016425956852639124 0.06132704623672811 0.1406897214716975 0.0760468622150925 0.04448621102530174 0.004179648021332826 0.009271234756941058 0.015964506413490218 1.3599678268101876 1.2567940704684195 1.0595424943526641 0.9068574681771291 1.1675899718695042 1.057517612645551 1.3314465512594018 1.3929314910751698 1.1841294704183367 1.5137898946921369 1.457195467481169 1.1105608274591703 1.2385609338288177 1.172097930700369 0.3932286447750928 1.33815496304045 1.2008262690030354 0.8606842268918034 1.8099864041880804 -6.242562911186405
1.5683664035002456 0.020894961921888312 0.002401762571780991 0.0022358195324375563 0.08257930388419785 0.16171210919647735 0.09144035331242607 0.08167025528206096 0.005106809362759376 0.010055119563952221 0.01512459934916119 1.2275005333047506 1.0694029572970338 0.9620834766609158 0.8440083277919054 1.201881736701111 1.110969110117752 1.4411434498011748 1.547350696023562 1.3459243849018387 1.7568405510541276 1.7223985922499432 1.345983624468183 1.5312592155225226 1.4807265250382544 0.5069075729894711 1.8008190078298232 1.6509518207367446 1.2171245243823594 3.0295996958326157 -6.056202707272779
0.5239588849566306 0.02733040056930259 0.004462842930713052 0.0046794768487529856 0.05967196673240467 0.1781141154678045 0.12053079163015319 0.1042270819344649 0.001719463415681663 0.006308132276510665 0.010018885872622266 1.9208437447244133 2.508585253799167 1.8392771646426809 1.3459255283789846 1.6961601050223456 1.3477276344871774 1.4664069353023763 1.4497009093197328 1.1882817601400204 1.5624530335561557 1.3005997462187344 1.0824113453999864 1.2092434220970607 1.1476844085260949 0.3855524934381473 1.338154086694001 1.2129532937953371 0.8780327660729005 1.9977217129301446 -6.087364359924804
1.2535072008706172 0.020522072545005755 0.0027299825119624283 0.001981357960607408 0.0769430806522255 0.15127888305494686 0.09335375173961571 0.06765985196520206 0.004522990074867657 0.009292526848799453 0.015744101077341123 1.3152135994436822 1.2454619678355046 1.0595815656868417 0.9149747729900142 1.1876288198553666 1.1513337188578805 1.3985357627586024 1.484041995146724 1.2812389317611108 1.743681074663869 1.4841776402307283 1.2609470242202023 1.4236639035371261 1.3683008013740297 0.46426102471869 1.6338441467450608 1.48872886201381 1.0872657900032163 2.5855072890967072 -6.2334014543444285
0.6326077025870875 0.025853389172761337 0.004164743799294587 0.004004820708100883 0.07375565946674577 0.1839707853504459 0.12836740699566343 0.10645733851754864 0.002135323063237254 0.007331904300748534 0.01185956713632919 2.3736494612356265 2.140738665161263 1.6109441644529359 1.2098667506167373 1.500210218482055 1.223762189981942 1.3853459958446412 1.4847835632455868 1.2485554511367047 1.602338851378345 1.4235802140297857 1.2043999600791049 1.3677318221239156 1.318088509466377 0.44756075356706754 1.5958961212311489 1.461572838300819 1.075314544665526 2.6933225213034286 -5.9644186277341875
1.332549510549378 0.020117462583638984 0.002388189616441224 0.0018208693795232443 0.06641485910913796 0.13902342034159268 0.07253238074657162 0.05333846138085389 0.00499306328804307 0.009580920407146153 0.01580570886450318 1.2833454451972222 1.1887880588589776 1.0214546982835315 0.8582389918370072 1.156691522660997 1.1199059624852588 1.3507616799681013 1.422208304847543 1.2138758445383144 1.6319006483837624 1.3742351714967194 1.1558374319813935 1.3711653008239122 1.2240743511232506 0.4092992937596807 1.4158386896910737 1.2742753209305668 0.9232697246230318 1.9885486573407565 -6.293938455252059
0.5724774549970489 0.026559988583522782 0.004257778020193147 0.0043783477879078955 0.07402160232027948 0.1877842696422347 0.12974155701143125 0.1131301465179683 0.0018070431154957724 0.006792400853161952 0.011000322052627493 1.77571299998122 2.331303185156177 1.7333060052350995 1.3413597193793232 1.5789819299334553 1.3373519944564136 1.4879717738681524 1.5013693183901933 1.25466265601934 1.678268451288758 1.4190789739957952 1.2006091782140977 1.3593677384208327 1.3101313044943552 0.4472417961424328 1.591362008775471 1.4569811275616715 1.072045218810016 2.715221075090593 -6.100087148373891
0.464920309553381 0.026867906908220707 0.004806477812658763 0.005312588648474729 0.0914622626722772 0.19978109943661154 0.15555259190200035 0.14448372957920214 0.001610402614714077 0.005763250842350471 0.00929653555987119 2.0980280341246047 2.8091374690580695 2.0512345013887496 1.5624582192330583 1.8838709868704238 1.416334067010767 1.6388332393897864 1.6413801869837308 1.3621077299379138 1.8236663832686286 1.5478512337828318 1.3249271273121537 1.6094219532430727 1.4756284282614178 0.5117421960893487 1.8749900101308505 1.7428960144053687 1.309789278284357 3.8051200813016655 -5.8647342029986
1.2594568818668268 0.02116259631865811 0.0025946475303179396 0.001997502087945985 0.07160206377348152 0.1514316576816047 0.08341810830310868 0.06362668140448222 0.004479589739150737 0.009399062827608502 0.015568406702041633 1.283815000122332 1.2377841701920749 1.0556850875668817 0.909378897760947 1.1788848788404194 1.1390090886181947 1.3773179747182114 1.4562569864506205 1.2490157436617821 1.6922266576537295 1.571382533905907 1.212019497453013 1.363640889319248 1.302372577468718 0.4435607457561244 1.5386672933953547 1.3894376503123103 1.0154261732957188 2.3093243946157975 -6.205543100938785
1.1713088430748173 0.021321915860294784 0.002918472259023651 0.0021116864250152905 0.07646987330734227 0.15691535821855515 0.09739771390618064 0.07036257224360501 0.004184766235735247 0.008703247500508333 0.015267972949158243 1.4297576743517504 1.31083679029288 1.0976918353080187 0.9365689236152467 1.249859718965585 1.156993237660085 1.3983083518956732 1.480648121724316 1.2772941767931716 1.7392614662330006 1.625133177351272 1.2589078774783076 1.4232240697116432 1.3688779518064125 0.4617601987012185 1.6345473730639832 1.492435506230632 1.0958875974527171 2.6126270427226905 -6.149436578602254
4.5155472375511865 0.01828199215016943 0.0015616347751152516 0.0014363352214844798 0.09667735213702192 0.15643340929323754 0.08161950055749141 0.07267296376729392 0.005685449599876353 0.011157871065923839 0.015347597890416611 1.1154104436529726 0.6553743144391101 0.7908415626138641 0.8169556056654158 1.170039138072299 1.2400354818911896 1.4857886934457394 1.697940373473162 1.4922442462656715 2.064033280452089 1.9577446349875858 1.5407663943514915 1.8840754716336265 1.7285157430124187 0.5968042402057093 2.158217729975562 1.9960115969414098 1.4834743023744852 3.9830049996327066 -5.852975023129537
0.5744946563147401 0.026730058728523184 0.004386714890414901 0.004018191288133266 0.054968599652681714 0.1695528339913101 0.11502959787180651 0.08723634170425228 0.0015978580511397233 0.006804328948023373 0.011130746396030773 1.7416390645273936 2.3128068969979934 1.7114061380973133 1.3170630154797929 1.5418393328212736 1.2208270268029369 1.3451157058508765 1.4042251521299665 1.1560715394207666 1.452234977577722 1.3838694590305254 1.0492223130783171 1.1686652656265923 1.1043301099797913 0.3694469912197534 1.270041878295683 1.142430689971912 0.8230554799479937 1.780785526281971 -6.067431984954959
