5.512034175674035 0.030642266760068988 0.007358665108604645 0.004255223838516632 0.0291839425411242 0.1960428334688657 0.13096786253471845 0.09338374019939553 0.01984397325442335 0.020380324174785795 0.027089205588395286 0.6882921430787408 1.680992514852441 0.9653422861510612 0.9972768464157906 1.1758757632880534 0.9343533061122377 1.0726190370936357 1.0695776883759895 1.225702159147842 1.3249004453068678 1.7662038934978617 2.0076441683010953 1.4828742335656018 1.7132307399952948 3.8794863522988154 -5.427422003695559
6.349439638767121 0.029386797131779562 0.005197839027705573 0.0031799016765568593 0.040889992572647686 0.19656404363954327 0.11035480602102005 0.07587957291636768 0.020803250774906162 0.02186503114595011 0.027232397250120347 0.5698746205647176 1.583695837562138 0.9469793478708766 0.9981215802231619 1.1817241302783164 0.9442885594502414 1.0877457031618643 1.0927829111773997 1.2601662935671623 1.386903507861955 1.8946225329462176 2.3915996423268284 1.7601446167364465 2.075380191399759 3.9998303570629186 -5.3068113233855625
6.946885074884 0.027454333670569812 0.0032071253429031177 0.004002402385573574 0.03530326695431688 0.17157968665515644 0.050975139252263914 0.09349748714809819 0.021170450404181217 0.022353283741507923 0.02780534146000037 0.6786746727157976 1.5854144559449486 0.9342768308659851 0.9909820667078442 1.1729816670881739 0.9343958468833459 1.0676286996910365 1.0664492109838823 1.2226127324508154 1.3217496128601633 1.7622055646262638 1.924528673149072 1.1393981979653072 1.183884887512527 3.855844333843006 -5.192900172269597
5.792175346534725 0.03005068944605947 0.007313692364474083 0.004201844778312605 0.028368392122381007 0.1906115135988919 0.12968304118304735 0.09363538842262198 0.020189670705037497 0.020413952859942543 0.0275987349977018 0.7167927089640775 1.6431371498780565 0.9570961542475162 0.9978604854744259 1.177577209032833 0.9309330473435999 1.066645426952245 1.0646023434898135 1.2157003548510772 1.3185945769278653 1.754021963243261 1.9394190925953276 1.4320721230058224 1.6446852939977112 3.842836069251547 -5.418292648119793
8.176672772420273 0.02880291152976846 0.006282594111847449 0.002309843379814134 0.05066445852924961 0.19998267962519412 0.13263874562245911 0.06940972520382314 0.020430824559905143 0.021159146026990115 0.028516027953894935 0.7048554295898948 1.507516963010585 0.9280764331626195 1.0006520323002466 1.1926593567216544 0.9593771128700611 1.109466388863606 1.1256090157962906 1.3130895410763326 1.4683209270557442 2.029026451183514 2.969708401977747 2.2539076235772395 2.6530315481287174 3.999999999999949 -5.0678245127533295
1.2047082747868765 0.03434436158980532 0.010571690725824881 0.009015747301298935 0.015502583554606045 0.1950834505137121 0.16960655448065937 0.14726560629695293 0.014445709661808675 0.013381351892596694 0.015039797238964417 0.8916932914304895 2.829814683861568 1.9902703385522893 1.6359602714519086 1.6534571598150898 1.0943114598184385 1.1162720344756116 1.0539935021039322 1.1788274656770779 1.247583903127989 1.6651784977506108 1.8128805434137725 1.3390200343836782 1.5487437471831627 3.5812630922603725 -4.289861429407894
5.226796938822128 0.031164803225764853 0.0060453130340752306 0.00406198569825146 0.02652363370642857 0.19765713676273997 0.11021880136041166 0.08729718648927652 0.019309958902377355 0.020959472878219518 0.027535793191363355 0.6998110237290623 1.7248898733475648 0.9743925720910697 1.0012551811209316 1.174400160020739 0.9290132303604677 1.0626862450567913 1.056549632114257 1.2056535573257359 1.2991769107749265 1.722687250204272 1.841912243901464 1.3503038731981567 1.5558259344876035 3.6167010485893614 -5.404380322591753
6.6915158745224375 0.03050224644658121 0.00701908567543586 0.00413696503107367 0.03037265773908067 0.19804552306504733 0.12753478169649482 0.09242974190918536 0.02034960731189313 0.021237862999110485 0.027331046365294872 0.5937250682667542 1.5493192473675403 0.9385756504820123 0.9911959363200625 1.1748123200061795 0.9365729290342597 1.0358910026011448 1.0734913119048795 1.228342915013054 1.327783203572993 1.7945524830223478 2.0465708760162022 1.5120652312805904 1.7492756098131674 3.9483520401657635 -5.415765782776546
4.536637885942894 0.03125709993011445 0.008126278405575466 0.0032601509305501715 0.02995425611271311 0.1997334791756215 0.1419531272307149 0.07004295599411124 0.01782337757322876 0.01906794838503958 0.027507532134459167 0.7669273177633752 1.9311992351180118 1.0047529593234494 1.009621294933598 1.1818644747879739 0.9350155130943891 1.0726222894457982 1.0721342271725782 1.224815546156611 1.3262550356738843 1.7780707990133349 2.0550657483143437 1.5207596602296223 1.758226298393505 3.995742773846105 -5.443656469018213
9.34341287623892 0.02791145086256554 0.004791127398262538 0.0026743585038118715 0.05937907931677375 0.19999999325998008 0.12132417173296595 0.08165640671601011 0.020450044801142236 0.022527374874323467 0.027570379742128715 0.6337801614408944 1.4026989391542728 0.9245627157411428 1.0046415362609964 1.2000979361061046 0.9696748491374343 1.1240815999902438 1.148893931170252 1.349282238313577 1.5270584947460792 2.1500403253019744 3.5107191885068305 2.6894773514129344 3.141780021389494 3.999999999999997 -4.864716142970747
6.188476204977411 0.030379747073997158 0.0072836254188936925 0.004314710355391303 0.030474316268723455 0.19483979343793995 0.13108185974159625 0.09531195724323677 0.019805208801768847 0.020499624524769687 0.026780289910277828 0.6041593785450253 1.6649187866029767 0.9512037199798824 1.003243839763697 1.1752341727853979 0.9410520131163082 1.0767140234269414 1.07695033723742 1.2322418914957984 1.331851795489271 1.7821154623862996 2.060071845828903 1.5229904952264117 1.7619194563808565 3.9926491380574527 -5.435571945244215
7.171921330488152 0.029810796943217234 0.0069978562135380425 0.0029438765386647445 0.04028225305555329 0.1989530663316765 0.13570949880195143 0.07347443277309555 0.020373893117808795 0.02106400647574987 0.027863080526330058 0.6014828952275529 1.5738385138711846 0.9338685303391302 0.9953845730194132 1.1830443562301287 0.9474091648148482 1.070521861401912 1.0985749637912734 1.2669330972448285 1.401923358976179 1.8989040455404873 2.444653429850772 1.847713425011911 2.150324404479901 3.999999999901844 -5.337287778487142
5.888844270762611 0.03103330876879339 0.00731133820908797 0.0032846240251469903 0.030446860952127498 0.19987915886981775 0.13148837323863616 0.07086136440357582 0.020349817541672928 0.020866708001554213 0.02769554108042771 0.5895959446486704 1.631403053175797 0.9530932576521975 0.9900239131987058 1.1750163255682629 0.9384476854962497 1.0332955640806596 1.0751562728558877 1.2304477834736705 1.3291472076149218 1.775117951413015 2.0405656711265077 1.5090058711889598 1.7448767633306257 3.9499853699620684 -5.526212927939458
7.261747300790651 0.027596218073795694 0.0068631882047943075 0.004081665123510757 0.03355350173795768 0.17226234756612285 0.12579946355532845 0.09112541997715717 0.021336118681970686 0.02123002256271948 0.0271887988714324 0.5745148546068889 1.5628443062625001 0.9306653074821021 0.9910455369504032 1.1796294749248801 0.937267161557779 1.0380727932655098 1.0736312285715544 1.2279460754514142 1.3397640633547683 1.7874737495954256 2.0392234581061426 1.5061724417589342 1.7468022787630404 3.9624307616741166 -5.379261447675017
6.280266183504859 0.026745623581436957 0.006954329279407656 0.004467715663783056 0.026879020208679577 0.15516395200265007 0.11995197354507411 0.09219639344926922 0.021347983683461077 0.02101019511314637 0.02665717749319848 0.5742867592700118 1.5869659035792367 0.9437222914756304 0.9928016339707622 1.1678767734883235 0.927891016106231 1.0615698998958498 1.051424851572203 1.197085532444629 1.2814030144882096 1.6841586453503057 1.7212052535836424 1.2652853283567222 1.4512293072616058 3.3762016268466555 -5.456303217762675
5.715151245181271 0.030630606322857648 0.007396623405928373 0.004707465826378078 0.01981053455348642 0.18660544312102653 0.12332283855285865 0.09343786568325174 0.019382406030334403 0.020522371414302968 0.02646710595615542 0.6078614128531374 1.7207329411579608 0.9551616981727504 0.9858337648116599 1.1660932604316203 0.9192776607142393 1.056330371015704 1.0454385814384972 1.1852523839138442 1.2561293918132759 1.6482729886758047 1.6265466538284998 1.1899492148582953 1.363104989749998 3.1557556527720765 -5.509495197222935
4.437137472028982 0.030976982193275573 0.008071140353125979 0.004478215277566773 0.027765154865946495 0.1966533056502299 0.1406360317098994 0.09873891114471468 0.018447317163775786 0.019361103711714917 0.027182596652411364 0.7669379248882076 1.8741401600741312 1.0135785722117732 1.0202332396693479 1.1829236724016081 0.9319366429422425 1.0686617950532529 1.0650910278616712 1.2182344066006223 1.315033874862258 1.760942583652165 1.9950957731983403 1.4700367200725017 1.7012301621881327 3.9771011709893034 -5.360285785279722
6.089036756875355 0.030367077643211688 0.0072790107860201785 0.0027815650397176807 0.03209473438695937 0.19872069734012934 0.1314093819667075 0.06372968088886882 0.020748224636021422 0.020982732117681143 0.028449185155998005 0.5852574032348491 1.6083514536464492 0.949786781070801 0.9887379488898331 1.175729797652963 0.9338923251322507 1.0346100127579552 1.0769603119156648 1.2322996877643115 1.3325453602385746 1.8138394433787108 2.0630796406421137 1.5272396046053454 1.7652684418117064 3.999989469355528 -5.503214283407877
6.061422708993737 0.030093214541878438 0.007279703815719715 0.004356242208815824 0.017102163852033656 0.18274478781773754 0.11778891279534281 0.08455765701106485 0.019829807341609045 0.020555382811078854 0.02686836878804398 0.6001985031118917 1.675977846607702 0.943452275660153 0.9810730980516494 1.1619965312473939 0.9236116894144828 1.0497800445267158 1.0353285746199465 1.1690375525155197 1.2302849604006678 1.6286670811142019 1.489632564392813 1.0849374058484484 1.2384559280705638 2.857236792122981 -5.534624849916613
4.988457643912947 0.030747496862157345 0.007589993248980973 0.004181594264241548 0.020222197240176168 0.18750291635765443 0.12566325193168312 0.08549896911531117 0.01918463473043902 0.019941891651761797 0.0276184457488772 0.7349390466346085 1.7612523793929844 0.9810567974518332 0.9990494425976668 1.171921448438667 0.9227045835089643 1.0543145823829942 1.0417055548426417 1.1815963344870581 1.2606229993000495 1.650135813380237 1.6272325232113 1.1877046960304682 1.3675738189027753 3.165078379188073 -5.4762992117957285
5.910492132967129 0.027142296261832146 0.007559412780651576 0.0027454276357349442 0.03369603047230073 0.16308634702410402 0.1332142650273101 0.0609216161690845 0.020245644712819418 0.02000354020551202 0.028442004846560686 0.7407808334347311 1.6976108259046025 0.9504954191088306 0.9891466698946586 1.1746833609538476 0.9388008010054281 1.0736776242100765 1.0719534532756916 1.2263734778688737 1.324398315704712 1.7617665602040518 1.991537528003498 1.4734322293853976 1.7010786374505757 3.981554743967661 -5.501431224656267
5.643450887446152 0.031205941024312876 0.007669560939695255 0.002695107846509498 0.029646740806949425 0.1999648076349358 0.13511678822975748 0.060609526822962966 0.01947335952815279 0.020183544031004585 0.028712085438337673 0.7302931633904408 1.7325992716935097 0.957413056420815 0.9913607052187252 1.1787265031078502 0.9343599147231346 1.0312895814211667 1.0708641516473656 1.225330876810835 1.3258518950809624 1.7622750198013815 1.99759877795388 1.477067892275228 1.7052506863170571 3.9802355533945573 -5.536886268247011
5.318829237699544 0.031239687117396577 0.007779937536751619 0.00284170536058504 0.029314350518711087 0.1999086587621735 0.13703665941044474 0.06307709332006012 0.019856930108454646 0.02016528124943715 0.028540810965439246 0.7345313098681372 1.708098444900252 0.967239442864705 0.9947001321648719 1.1750505582886028 0.9333830209226175 1.0303623981473826 1.0707255267610751 1.2251895379196591 1.322822957159235 1.7603748673201967 1.998791780452549 1.4749865662072852 1.701958208828497 3.9696114248274053 -5.52533187057088
0.5689221246598575 0.03801350793360515 0.012618939263683506 0.012373831143221877 0.01182455440483189 0.199999959317392 0.18915795663683305 0.18695315709575075 0.010360944235240059 0.00854416952570862 0.008285641466439585 1.2642119045093403 3.991756715180084 3.6392247528111263 2.791707101410375 2.6490979726286747 1.583847791060138 1.4868514127428298 1.2234658008067096 1.2767161631445705 1.2548635710807095 1.6391752623852838 1.879277385841016 1.3973313538367917 1.6126586409237036 3.7844508556504466 -3.801627488925924
6.190873362384777 0.030431376070829668 0.007262685934298256 0.004627025996353122 0.028816387591147824 0.19399560635624696 0.12955674667031297 0.10122493078159095 0.019840032675421275 0.02067093851603509 0.0266783721535785 0.5967448241276028 1.6642990078404083 0.9443168075513871 0.9873657533208153 1.1739668284324467 0.930445984985623 1.0741087921864652 1.0728471432826905 1.226003134002248 1.3216380957624314 1.7638254906181046 1.9974560789071756 1.4751410342109328 1.7038087528187127 3.9804920496391536 -5.436642308803332
5.546838563667313 0.03047926066546082 0.007518711051103635 0.0028593473938636417 0.03163041290714312 0.19539069691353406 0.13421850345785322 0.0643781641775655 0.020002862978080148 0.0201769523895305 0.02828776234795173 0.7402292273353603 1.675706695326502 0.9613198136161784 0.9930614950098717 1.1760553722034122 0.9400008023571129 1.0753038875096905 1.0755835812471215 1.230757807573265 1.3303699543025842 1.7800926683788194 2.0579870699874596 1.5233099974032296 1.7612924794262073 3.991513194459402 -5.508152869843139
5.22322718078694 0.031753424295126835 0.007658870128189091 0.002846133942670882 0.018902720704625568 0.1943893167728761 0.12512801720924485 0.053238014951102794 0.019705569289684588 0.02021825097696026 0.02849166293490041 0.7375108388052792 1.719764801978744 0.9697341342014892 0.9905369715489257 1.1659710761365445 0.9211733043571261 1.0117883050314151 1.039057961518509 1.17627231305514 1.2490584323065723 1.6282626379468281 1.5734998778050056 1.1503494184311487 1.3151127926430555 3.031871756590601 -5.60410715275633
5.455649783027447 0.030727202398437202 0.007370379181169537 0.004402255251665268 0.029857406747054085 0.19718634008871874 0.13222456865464335 0.09637634798734196 0.01982335737301893 0.02055484602225852 0.02670128488104173 0.6001395066888082 1.688531960145898 0.9639010932454737 0.9939462492517318 1.1761242650831578 0.9392442801658482 1.0748304186558622 1.07495894010724 1.2298711216939862 1.3289693826159408 1.7778126040229465 2.052923190301874 1.5170035244589022 1.754824205585775 3.9760527773827743 -5.4358689631948245
8.494065090621229 0.030914005364633255 0.007105729228957238 0.003856918589644618 0.028826776521852657 0.19727446579564462 0.12710529668323592 0.08758380007034901 0.018382153248926506 0.020772049874396768 0.027948068988581293 0.6708900101347124 1.4886171053024877 0.9195455726655897 0.9819836781967194 1.1747979273755007 0.9413844233146486 1.0345623477928894 1.0750050586530897 1.2278194352738119 1.3222778057470352 1.7633297351304733 1.9829387067407984 1.4629182427316032 1.6894834038157416 3.821928252834388 -5.441059263319492
6.824169959515073 0.029820123253629482 0.006935678998617715 0.008572313114434934 0.022169293710871684 0.18743776177336188 0.12296085809496878 0.15151056070685026 0.020151281184237653 0.021089454894104645 0.020431395691110472 0.5941602776187374 1.5956955777992512 0.9352105120784225 0.990376078690828 1.1725443298372247 0.9311033387507126 1.063745027655343 1.0590546808060077 1.20342168298513 1.2941009100697207 1.729465373644834 1.84658520714333 1.336916125058458 1.5416863179173728 3.6119894208777863 -5.2867820789878595
5.774134965531186 0.03015542393886739 0.007661680113751424 0.00268949522640663 0.02906073520088886 0.1936587097560954 0.13326775304429792 0.059106728472266674 0.019590676251734124 0.019915632493676134 0.028419531048620026 0.7408432388343518 1.7152403043534876 0.9609711297713927 0.9892261143366233 1.1728640160956718 0.927676476585105 1.0700306379259497 1.0667087082697408 1.2187731607581063 1.313866927710148 1.769616261867407 1.9217001776069473 1.4199731313469586 1.6329637451398233 3.6772265066805696 -5.515486624415108
5.181532951867207 0.030447902843589537 0.007746419424556597 0.0030566621428282 0.03666564436616983 0.19983486390146096 0.1426825736317608 0.07444944218686925 0.018957425553010752 0.019828120946926854 0.0282067709552995 0.7475854918091647 1.8057779496511313 0.9756607304165041 1.000487054316155 1.1826734892603128 0.9460279265617553 1.085111899513764 1.091367816624479 1.255108253404139 1.3715085057941767 1.8552126092960506 2.3394496486561995 1.7417710601827046 2.025711867028051 3.9999999999999996 -5.341345162845703
8.326972743379553 0.030700296011157164 0.007161330175159077 0.0028455106583257037 0.030164764895287053 0.19510389490945076 0.12797231215319516 0.06248474180624709 0.017337450826251072 0.020487284009376626 0.028011467374626453 0.6904556163676768 1.4972897328351251 0.9213451370818087 0.9821840510748314 1.174882342009701 0.9417380063864992 1.0767873550915108 1.075344281919047 1.2284279349140756 1.3235935473808491 1.765422602597383 1.9888054191300741 1.4695792113045116 1.6964730579019274 3.965560830966631 -5.513137476381145
5.404654986554638 0.030556596955353555 0.007549492671715429 0.0028049949397528375 0.030245312452458487 0.19490357589062887 0.13318943849783016 0.06186382142940645 0.019842678912280354 0.020073683056591917 0.028276879714241886 0.7422858012387524 1.695265138604017 0.9648632546168604 0.9937914383233529 1.174968503985821 0.9379298232145776 1.072346101111187 1.0711150893283075 1.2259241222937987 1.3252618654384913 1.7611804924387162 1.9890314161101756 1.4726948822554518 1.6982171466025116 3.976365913221028 -5.524946113381748
6.055608251063836 0.03138446850365025 0.0075622501488938456 0.002639832370448916 0.0200813167653078 0.1922855334625365 0.12442225873689987 0.05074366356078335 0.019707570116363635 0.020238913745730145 0.028813550401630656 0.7301802766931553 1.6772901142050347 0.9435602311841297 0.9826429578677035 1.1642094462130628 0.9269758072636382 1.0143390985065426 1.044012183826492 1.1799396330956944 1.2486234431343868 1.63864311080045 1.5893504910482663 1.163757104144922 1.330081531007508 3.088452283045465 -5.625772515492867
5.402328123498337 0.031304852890152286 0.0076539217951762 0.0028779159547987283 0.019026769766403766 0.19048120725719567 0.12481222462474081 0.05331888082457982 0.018948951060231478 0.019872639044781454 0.02822380397963791 0.7448859141804497 1.7655435786817346 0.9617169372914292 0.9880476079736246 1.1654269611353612 0.9252355058450191 1.0524082770571925 1.0401518381009813 1.1768953550396921 1.2430654091215991 1.626039737156048 1.562029772149248 1.1401990080972007 1.3013438840182932 2.925494598974518 -5.602880692264865
5.8322810915882055 0.031003493156380915 0.007306035595767441 0.004046846307391744 0.028994750435299067 0.19888937512164745 0.12966603624318715 0.0932064190187246 0.01940414040995201 0.020247816044838208 0.02807651908151797 0.7198092597843249 1.7070084965226562 0.9563784127136918 0.9937887150566599 1.1739015859210167 0.9346658252985962 1.0719968394789279 1.0697738619518942 1.2253749540540388 1.3242788421019138 1.7664429490102667 2.005600784063862 1.4826197259714098 1.7102669138655644 3.9995634947636067 -5.41555643426856
4.8894338842936005 0.0313847980445589 0.007790910238613157 0.004766864746107445 0.021721760411574833 0.1964336960984916 0.13130468545663881 0.09977940410596778 0.018214785491237853 0.01976197645646382 0.026745654359834326 0.6654496784520331 1.8550980842569904 0.9918847003442547 1.005066648871354 1.1736773806722947 0.9270336947479209 1.0600903885705477 1.0507952755556051 1.1932730525017883 1.275014056453462 1.701765566282025 1.7506138560915538 1.2829707832607773 1.4741107942853593 3.4261136339762155 -5.422952433318913
7.22628935962254 0.026293640085868684 0.006893183311678474 0.004785651064303502 0.032420863819982965 0.15926659019276543 0.12437954431221054 0.10491920012886055 0.0220422692309744 0.02130032137280533 0.026520449583010895 0.5543635851481079 1.506304774797468 0.931305430321873 0.9868029406820735 1.1734239421155328 0.9352094778024939 1.0727246524881 1.068954271048277 1.2217141814182084 1.3169511063728496 1.7768507238991023 1.9647384592837172 1.4494589206638988 1.6744833121908835 3.907931739745062 -5.379137970062161
5.102621156794223 0.02997322782268687 0.007099702492965799 0.004889638703199875 0.012141451126394883 0.17530916527821364 0.11026331346382232 0.08851434687375807 0.01951051540322072 0.02058984485534167 0.02634829880618473 0.6621805001268343 1.7363644887911849 0.9756310088472749 0.9895800699543535 1.1598231062403657 0.9121617157264162 1.038621240514129 1.018066839324971 1.1425741978821997 1.1977530233222355 1.5605777043305158 1.334308227786954 0.9558089252173225 1.0999720534515771 2.5075476518915094 -5.541369956738337
8.35376764880647 0.029623163702474094 0.004831864189287842 0.004323209634578951 0.030079913445521807 0.18631482465689186 0.09471161790766028 0.09405464337125723 0.019477504205836074 0.022248241759251948 0.026899055503608285 0.5948289199105912 1.4942510711762604 0.9199130693888066 0.9875974883549635 1.1740507141138796 0.936650961641905 1.071325142066184 1.065715221254878 1.218392388555061 1.3093083255432534 1.7415414640837792 1.8928678389882725 1.3938611305029591 1.6057171327324735 3.75659910158754 -5.412437795670525
5.064109651211463 0.03105167093634024 0.008077951051761437 0.003055171479762477 0.028593890075079086 0.19774613288476012 0.14075589352953147 0.0648796895369388 0.019259877119071036 0.019557171731629373 0.027786578048155975 0.7577813112323495 1.7511073126022405 0.9813534854436142 1.012647572444325 1.1796849055121277 0.9364690688522519 1.0705349877776644 1.0656590027239188 1.221636112980552 1.3165430092615509 1.7536443939862707 1.9780105372865258 1.4628683040563033 1.6786087109619783 3.9312726171067696 -5.503666633632575
6.941549575598636 0.029740794369652497 0.007146958172605049 0.00269524973904082 0.04157179935116758 0.1993169845322939 0.1377480968681138 0.07000505477187356 0.019831835090703607 0.02061450727319854 0.028342931030869687 0.6944061698871989 1.531055446867224 0.9379544157004976 0.9961547949299315 1.1816243087000047 0.9486987392564019 1.0946253933229015 1.1022241053499662 1.2774269944992376 1.4098363136613978 1.909568429297732 2.537483265232204 1.8967252801339027 2.2049266967314805 3.9999999960964425 -5.306617065809877
4.6160024944282485 0.031462221601594606 0.008098522395427367 0.004263708573016968 0.012769460420391262 0.18831528261474215 0.1268146748442528 0.08038409284692968 0.01782860232129154 0.019110907315698745 0.027303395909394047 0.7620686174310762 1.9085351121080227 0.996624435551636 1.0111028008849494 1.1674080974184027 0.913660959289481 1.0418484665294885 1.022787357583366 1.156237805438635 1.2124130339180244 1.5855726727703048 1.4099359105792677 1.021243474788409 1.1622600712856626 2.6802429796410814 -5.488126895048369
7.814066404144769 0.03033264654124622 0.006988612391865763 0.004497461006729315 0.030245183490859362 0.19623426474596947 0.12746034824823044 0.09869696120154961 0.020128262270076584 0.021089575779154917 0.026875255269211532 0.5875769053258793 1.5259630640020756 0.9263404251890788 0.9904463973329899 1.1742720334157883 0.9368836965135953 1.0374885741283733 1.0742748200902918 1.2274010167878966 1.3392660821832532 1.7894506355656097 2.0465084312358544 1.5108638426023946 1.7468646083952937 3.9400538729418546 -5.418045647440704
7.269775667519837 0.026516484061392603 0.006932589747580769 0.004564517557247878 0.028348833964691917 0.1558081052195359 0.12082707099477875 0.09603769345790285 0.021406050558333622 0.0211638881008034 0.026790858794239047 0.5662533855556341 1.5624400312826079 0.9285429371214902 0.9845768113168649 1.1691035187713754 0.9302962206465629 1.0657116517960932 1.0570343141288292 1.2013853392649156 1.2874274854907066 1.7119465018593558 1.7852745393045728 1.312444878946878 1.5097830287297564 3.5039737972679204 -5.444005902138449
5.928662083433011 0.030416584309269357 0.007266410824344641 0.0044028220582313544 0.023013216751334595 0.19025941070543245 0.12394997580323751 0.09339780331604598 0.020559924948898946 0.020856005431282815 0.02755414772139677 0.645582792965095 1.6250348423534005 0.9536868734002936 0.9866259496607247 1.1682023167551705 0.9306136609839432 1.0206376156291805 1.0531187917473315 1.1972575668541539 1.2758638566582552 1.7003264916422907 1.7333222416856424 1.2652422447735585 1.4531033182410147 3.3832405375783896 -5.46678073952732
6.1821521449961265 0.031377685571414814 0.007321066069356976 0.004084710981678982 0.02144858616753408 0.19508885026975886 0.12400390069074092 0.08393884520970851 0.01979979244852655 0.020724424256657163 0.02758174000464827 0.6029930520622686 1.6634752803544857 0.9439378751503167 0.9834679861559905 1.1663860944304423 0.9282993791809475 1.0191690515920335 1.0514157569717741 1.194989734213805 1.2714230471952934 1.6709323317316906 1.6965250991367813 1.2412532666346334 1.4243123986231767 3.203203423941654 -5.529593998961497
8.702421362137455 0.03120994335243477 0.007147419655269653 0.0026608729379440504 0.023357173070799687 0.1929728929843266 0.12147577518231055 0.0535227159270672 0.016589134259314842 0.020469070513497913 0.028418281773304806 0.7284909305750333 1.4181119023324524 0.91476457859381 0.9780375272096373 1.1685274353161579 0.9332271713208014 1.0639528791586164 1.0554002983157507 1.1989720706894038 1.2761433143253034 1.6781362574180916 1.7044306881772 1.2505440832405668 1.4339180734430788 3.3267560731706483 -5.5565077734883035
5.656467723520739 0.03119254771308572 0.007637858181525313 0.0028441412379619463 0.028184759731602643 0.19891238393954377 0.13339168168145157 0.06205769254078099 0.020159790546048974 0.020355473499242344 0.028633133425958905 0.7281075488430269 1.6601453710596494 0.9570739127014047 0.9905969542778271 1.172938582773677 0.9332885241014639 1.0286321474389162 1.0672597562709087 1.2152602126139473 1.3098209882821668 1.7454974433125252 1.9314329343645646 1.425821694449261 1.643375173269816 3.7253139034143716 -5.543632642004449
5.588030908057869 0.0310584653746031 0.0075967078759165505 0.0027105754423374425 0.029874188744764323 0.19881774263784097 0.13422215798315948 0.06098028987926197 0.020154509889101148 0.02032739255645058 0.028701416770593412 0.7308949804891345 1.6697133055886029 0.9591608831501306 0.9919302619582223 1.1747281494180117 0.9383826976179749 1.0311237443819077 1.071919266555497 1.2250041128591693 1.3205376196887506 1.7629887167581 1.9984537585878188 1.476993501647808 1.7054186118477723 3.9881851459487967 -5.536493495924267
7.03201070582627 0.029781398953971135 0.005111676249834084 0.0032632891683184043 0.03912189172477729 0.19610830372156088 0.10781774252603395 0.07687999916391496 0.020878985601923833 0.022178593788370338 0.02765578671903695 0.5710146774810583 1.522711735213179 0.9354109095733221 0.9944293820298153 1.1804533530017798 0.9437700046995021 1.0471971171125076 1.0897660831775196 1.257047948785816 1.3737131976456771 1.8560180866058118 2.315132360264139 1.7211437729181993 1.9994226369459187 3.9999999999999996 -5.324024962948879
5.823151503240441 0.03096664788620907 0.007524491169975577 0.0027505886756865913 0.030972723363629107 0.1994228259012729 0.1344333590694893 0.06299076216854757 0.020371657733997323 0.02047330012826954 0.0287243601340364 0.7276333971873744 1.6394723231467538 0.9529642132886169 0.9904313323470353 1.1752888144027374 0.9400562642891491 1.0334306986867727 1.075543829657297 1.2302567117070902 1.3287862026789268 1.7772535359003896 2.046736145635363 1.5150045421332936 1.7504446361607782 3.9635822381930312 -5.52515628261074
0.9768507911959945 0.03533914624522803 0.011954848318234243 0.011088649739801419 0.011205107327826463 0.19760366509638466 0.18716871140508667 0.17159285957471418 0.014485664352607334 0.01218735193759164 0.012276473329918549 0.8741620858560405 2.827580240051022 2.3270329092080617 1.8726005932137748 1.8470973109564541 1.1789333120838552 1.1792263910632022 1.0700385711618474 1.1801787417039715 1.234673875906804 1.6486685835702481 1.7921982505548615 1.3240175601922088 1.5317682904899206 3.5441351213562777 -4.212523354677199
5.710303498614765 0.03013293724760357 0.007485459566882694 0.002864389111200829 0.032065604653361376 0.1947611855658404 0.1338533269584795 0.06462073767313264 0.02022151307986704 0.020203535957730664 0.02816223209825446 0.7348170010211567 1.654157446143546 0.9594607638054223 1.0034387858926503 1.1760503230602255 0.9362490414448346 1.0753572605806982 1.073483672511171 1.2306320594491882 1.335016868984742 1.796309781810188 2.059462390021912 1.5263286630548485 1.7636011741944975 3.998305493640099 -5.488816906025576
5.266692433702421 0.03090176419779048 0.007681901039046765 0.0028928319167462403 0.030975066203098478 0.19799325704134674 0.1365176705298463 0.0647397001180003 0.01890984268133915 0.019899240246711546 0.02822000409103492 0.7415820198912629 1.79057032440317 0.9700286840967678 0.9962228969647522 1.1778745527766128 0.9360434061757545 1.074515747006442 1.0738620170967146 1.228953858960412 1.3316298557949686 1.777787609076545 2.055827212228137 1.5231902187716333 1.7592650409325605 3.9795146714407448 -5.503475924995811
2.2135911296035244 0.032893403296208656 0.009240651408249175 0.006899203472851111 0.021539287216682766 0.1994595104783719 0.1544937680695248 0.12545447159973686 0.013797126874661258 0.01652687555359559 0.023141361123233638 0.8904724260761865 2.9467799384097506 1.3487145084532384 1.212102762399634 1.2998280827695052 0.9547892810885994 1.0424070599606765 1.0525136446728944 1.1995109235070112 1.2962023845553263 1.73162423894497 1.9090249669315955 1.4250515391797378 1.6490278644283758 3.8079815517878624 -4.778863342048758
5.640754645332901 0.031136995354046865 0.007576814167145523 0.0027357356668902054 0.029160018627458695 0.19898052896098375 0.13341842658937686 0.06090402464306648 0.020172932286892455 0.020373623145909556 0.02870080264704915 0.7244866661176285 1.662461518862834 0.9574218483947636 0.991071779665825 1.173976382050003 0.9376263391747978 1.0300514662962814 1.0701220377051923 1.2221916972678069 1.315829025727101 1.7545714529068668 1.9688818855818464 1.4541231997490853 1.678020467719553 3.9212363944378246 -5.543000979444702
7.480790943502256 0.03115661022785772 0.006996245509475971 0.004175534121030303 0.021472287749564997 0.19216864756620028 0.11866689073237778 0.08450010650419666 0.017560933712530796 0.02082554355764957 0.026941533789044216 0.6571878569899697 1.4853685909098702 0.9263338388381647 0.9787893133410505 1.1670056539042022 0.9306752951395962 1.061533546302611 1.0523252020121179 1.1941605930706052 1.268688318342639 1.6687107013642668 1.6801324698644102 1.2302795896221022 1.4113012727713077 3.1736196575877265 -5.487755271648785
7.247064020933695 0.029016537116729392 0.005112660925719391 0.002734092924491934 0.048638492801223725 0.19850850152103347 0.11613183978918332 0.07227872781545015 0.021287878892761916 0.02225852315144033 0.02797841790953616 0.5794288001263658 1.5088403795966547 0.9356043631042836 0.9992019626070391 1.1888799595440576 0.9545982564826551 1.0641401663430319 1.115622262665577 1.2974030623009252 1.4433210610503304 1.980666934935029 2.8097074209761197 2.125474395542727 2.4644221655545775 3.9999999999999996 -5.159236289363197
7.975984234321843 0.03126631297973301 0.007081925192809657 0.0039667426958007335 0.027908402982432967 0.1996030755931982 0.12658301463357327 0.08861912712805498 0.01822114066366076 0.02098200945269376 0.027729016667665127 0.6584695077319322 1.4563923343257805 0.9225059948271966 0.9819810284769241 1.1738726372309618 0.9399041226172028 1.0330714649277655 1.072934583468905 1.2248811861276452 1.317773152699403 1.7556968886224384 1.9593832813185041 1.4445437123244624 1.6675015379360703 3.771218758215867 -5.444286431614472
5.821426152772471 0.03106322502959385 0.007372516029346404 0.004001766208332328 0.029897285349279497 0.19969014595134477 0.13236039267321417 0.0912389245093892 0.01963385563483886 0.020712966381059548 0.02793117351620035 0.6276733516441337 1.7092063089837832 0.9532772242525587 0.990533633552064 1.175369636167049 0.9402419290889316 1.0337100362313152 1.0757923750817784 1.2307290768777557 1.3296303950708432 1.7789085588679994 2.053466048709955 1.5175127189037374 1.7552691322154859 3.9765424968884275 -5.447330702510934
4.459404737947598 0.03141009358686772 0.00818587340251632 0.0031964722904193007 0.02871062851430487 0.1999944241397461 0.1420144699113665 0.06757180297085885 0.017813661037525085 0.018998176777672578 0.02746586263799975 0.7664820623343479 1.9493473460933601 1.009137955876302 1.0118217714287263 1.1819076139723876 0.9337834953929428 1.0701169747272963 1.0662161084392567 1.218675589449322 1.3227324488532357 1.7612960082029232 2.004083378323278 1.4798130785715882 1.7121227943101638 3.999222341421114 -5.451556837380735
6.156005635926236 0.030956671985901234 0.007502996592238321 0.0026579660506086105 0.014616166057064915 0.18328691499174973 0.11799921477182813 0.04526293096902972 0.01994987843780572 0.02029913795450646 0.028767890808596673 0.7306356937123933 1.6640371423584635 0.9400742136710252 0.98124252359629 1.1588456397831097 0.912287512334178 1.003516405252865 1.0260720222828479 1.1569589573044297 1.2111696051041092 1.5642873265834927 1.3814326166709006 1.0047766932650262 1.1422831493072916 2.6270196292607477 -5.669461563582294
5.582530809604499 0.031023615009722273 0.007649377911490222 0.0028083060518236504 0.030386601010110433 0.19888361360331602 0.1350667143633839 0.06278394668572423 0.019206589385788286 0.019882100514564488 0.028354321169469857 0.7424554018971886 1.7418514022521874 0.9596183617364168 0.9923454789587204 1.1758038830265336 0.9392557970255621 1.0741077382516466 1.073668519344847 1.226609635572807 1.325715188121549 1.7712574451930376 2.0283470383462188 1.499903295903839 1.7328784512977689 3.926518738429427 -5.520797346342985
6.17415988162586 0.031272123466905555 0.007593687506394268 0.0027438378560110666 0.02858471329743515 0.19989123721888008 0.13331136292595722 0.06116764263156591 0.019776636116656292 0.020319778518871866 0.028795232056933285 0.7301503349686662 1.665725593235926 0.9440324870219788 0.9868171560984592 1.1729161311859717 0.9349458797305549 1.0303020067111655 1.0693860101094255 1.2190858822455544 1.3171277585413532 1.750536795573303 1.954050173050935 1.4409871639297318 1.6616168460657292 3.755963262961975 -5.55455916438767
5.530521408321283 0.031130141824243257 0.0074420737222106225 0.004078910501991862 0.02870360533763852 0.19948862017468888 0.13241354212116183 0.09123600951996283 0.02004104214864703 0.020669817700441684 0.027766976137666707 0.6100321995345792 1.677653994898556 0.9618914390221301 0.9925921227669725 1.1749148545970687 0.9383886139159326 1.0312219656614108 1.072148140638185 1.2252902152030187 1.3211400383925258 1.7644227604233562 2.004783691512592 1.479995523563016 1.710190312803666 3.871632633930869 -5.451064872222777
5.84991662660634 0.030659049035869197 0.007695595105587162 0.0036615931034549407 0.029146898023330245 0.19887488288122374 0.13580660432041716 0.08481102638902105 0.019759536653473842 0.020081324333635877 0.028389686642552574 0.7306953719521112 1.7031549671493655 0.954087300897064 0.9976194212815905 1.1775230532833096 0.9346670393481494 1.0325934434086934 1.0693619373291714 1.2229502589243197 1.3251310038812896 1.7925476741475708 1.998347975106075 1.4748263897271 1.7046854373918914 3.84555577160135 -5.423471162001736
5.969575397991939 0.030518100059909275 0.007209351401584135 0.004185416422233386 0.030558833276816483 0.1999009330424457 0.13062992334620738 0.09429920639648312 0.02057968753699958 0.020874001499502293 0.027348118165655994 0.5847434125078435 1.6227589298426608 0.9513561606059336 1.0026499612943438 1.1756521935405773 0.9386773185100364 1.0354815513469438 1.0750870383390834 1.229597502187599 1.3383853486243966 1.8102131360341431 2.0591122788435783 1.5172336641629633 1.75434178950396 3.9941789590538406 -5.414692251819687
7.885309389896576 0.027668287540166606 0.0031719429594330023 0.004521487514280202 0.03490328481329342 0.17533355225503067 0.04989713838735348 0.09914228518152547 0.02152551297780915 0.022534520764232693 0.02658321610093143 0.5574737028716119 1.5185039030021268 0.9240205309682116 0.9894144948233047 1.1740644945339647 0.9358423683217362 1.070538211310957 1.0686385630157988 1.2236694976847458 1.3200726662482982 1.76812628099927 1.9530349343123776 1.1610873477696084 1.2061995067232225 3.7931441417142375 -5.202039450706783
5.227551936395715 0.031027203154627106 0.0076745222859233315 0.002982356551220594 0.014986990861286667 0.18403183460208722 0.121046542743138 0.05045808955796535 0.01944982888772275 0.019869622986494622 0.02794426612796166 0.7504461407811795 1.720198523494414 0.9745763653438845 0.987808071113084 1.1620542984354167 0.9197551040976939 1.0439202591112795 1.0271692079278512 1.157909513960161 1.2142459200512006 1.5725918240485737 1.414362384604757 1.0311023021369938 1.1716795186039215 2.68633487028289 -5.630677661275306
4.965910044011818 0.031076873026655155 0.007656950409725458 0.002953774490772759 0.01825879732490846 0.18767278943525442 0.12364922783918461 0.05286920724343874 0.019085273796228427 0.019982904132417576 0.02795025913459865 0.7423944498574606 1.7633019560925007 0.9773732569306611 0.9940307556172913 1.1673678179042646 0.9190409007494498 1.0497631055265522 1.0344563930788524 1.1701483179875285 1.2406347044025887 1.6145430171549062 1.519068263332805 1.108137813425302 1.263549909835283 2.940867416162755 -5.597183014991993
6.162615996860881 0.03043610612827628 0.007432050164885081 0.002713511283801142 0.030213064877197535 0.19367951832249705 0.13141037664208768 0.060696692946358335 0.01982981752900645 0.020198627662746063 0.028544986225010477 0.732644550492768 1.6674161345586482 0.9449626782556337 0.9873247797433894 1.1736767594754323 0.9389076226435493 1.073348492810529 1.0718179377050163 1.2243568381687617 1.31899908964053 1.7592103596523199 1.979203375248204 1.462420665717088 1.6879587478551423 3.8200232245387413 -5.533762568734823
6.415353790580246 0.030196521675002846 0.006967264221010443 0.003027802791602099 0.03763724557785939 0.19893845318385933 0.13250141257981485 0.07359513438667437 0.02076312295736085 0.021221463902266587 0.028076287694464904 0.5822228200592523 1.5758059568429235 0.9453515703513291 0.9965183485403649 1.182794143086029 0.9436010033027983 1.046380117018827 1.0912889932956638 1.254996257967117 1.3814715748744004 1.8628572061235655 2.342642309844985 1.7418085754567367 2.023889919108671 3.9999999999999996 -5.362103196584261
6.659779366737409 0.02866506717635203 0.006825869503230768 0.0028356359412193164 0.034162695688611334 0.18491632743350664 0.12488293043181363 0.06435630260249295 0.021469951832033932 0.021398521675100906 0.02809953641137335 0.5729029102642487 1.5523578375741223 0.9360998836211415 0.9923111975216135 1.1754796948156985 0.9347705986832874 1.0369620471404672 1.0760191166299715 1.2321651891373417 1.3376815549366554 1.8134652911828197 2.048317707201643 1.5332736356046968 1.7722061651526846 3.9986978229352608 -5.486541305721204
6.141483074376429 0.030409099058212513 0.00709914503788528 0.004298738442624401 0.022363127323674195 0.18705687173976362 0.12072943027499175 0.0864237447168152 0.019968757738566868 0.020941911262856962 0.026730776143740833 0.5893786077265779 1.60050922731172 0.9429428748277778 0.9836253119992838 1.167112489144242 0.9303720105499317 1.0602746364594853 1.0515613797688204 1.1935515122774851 1.269032623921556 1.6706922519012557 1.691503432004065 1.2395251071329936 1.42227754914812 3.1995896834569835 -5.5053399980934845
5.416553640813112 0.03126129908776665 0.0077718025754580505 0.00409812228150328 0.02756816670090634 0.19968267910846582 0.13611012401603856 0.09367160179694667 0.01934788201279684 0.02007763484433503 0.028326095930542777 0.7411674361990795 1.7661063274264373 0.9647993137267498 0.9934278143920326 1.1743986933594912 0.9345643695210656 1.0298633696043622 1.0696049904599714 1.2213591110383482 1.320379798579584 1.7555707110314769 1.9705414389659879 1.4539316105485531 1.6781706751566332 3.9278439167449712 -5.42406170894447
6.287362109173883 0.030097746960865354 0.007377468123768551 0.0027398754930711543 0.039102008441581994 0.19999203973822985 0.13914620471840838 0.07068208224264973 0.020083765866391264 0.020284876684547298 0.028705909460593242 0.7322557346594418 1.655236400427856 0.9465844498704329 0.9915187147828771 1.1821687500072338 0.9496293874027035 1.090602761829539 1.0986242833772655 1.265799852120387 1.3907137747702678 1.879797576167678 2.424141541263166 1.8069442912455183 2.102632764697214 3.9999999999999996 -5.3626893487029905
4.8418236519422475 0.0314430867271904 0.007730006720646367 0.0030287318238340034 0.01770455740153155 0.19000849519809226 0.12474151411512403 0.054118368320441465 0.018934608005680396 0.019839062913065062 0.027857312227185058 0.7503945840170588 1.7864618951795483 0.9833037037585894 0.9957723166285797 1.1670749605697908 0.9232134121517257 1.0492642850856146 1.0358897390938109 1.1710738464629014 1.2344704016540597 1.6116241667990112 1.5229840627805622 1.1125856636917302 1.270040478034851 2.933544164064653 -5.595860868082728
3.6394962303579015 0.032810396077701795 0.008224859960097598 0.004718723638790976 0.010896256553867206 0.19740544836003998 0.12854022771676063 0.08513298427301876 0.017180182890542912 0.01908429417807916 0.026383166298029156 0.7782535321921167 2.100180481724866 1.069766567604911 1.0384590525366961 1.1856101213059542 0.9176915901243283 1.0373740047520685 1.0212484699779592 1.1524202792533547 1.2074810591507545 1.5783727362914748 1.417434704035654 1.0145371352024226 1.1565465831363557 2.659443392002324 -5.393097848395309
0.5241397981341119 0.038275146061808346 0.013319406363456406 0.012894135814909299 0.010456127930709335 0.19999999397985777 0.1999487662443075 0.19356759527424858 0.010520337690611897 0.008571141530078534 0.008356795406911192 1.228777608767384 3.941063757332882 3.896815540395329 2.989633629699973 2.815500386232464 1.6673042399194813 1.5520245242858137 1.265649421294835 1.308736578107803 1.2714665669406968 1.6380994200498569 1.87660123438065 1.3710621619366075 1.5943863634040893 3.7554054936688033 -3.7646571072777872
5.41199930951641 0.030651322236945083 0.007589521197727673 0.002834229538278255 0.030133033845200257 0.19530522647210954 0.13393557110476806 0.0624428478561418 0.019824132819153226 0.0200609810475621 0.028268719700947968 0.742974900701158 1.6945843251745196 0.964778008011521 0.9937689617524964 1.1751724811135638 0.9381443127216376 1.0724635148810404 1.0713294245487714 1.2243204609815392 1.3199931340375455 1.7619718343456263 1.9957536400928186 1.4755615542585023 1.7033860617196355 3.9828034558125154 -5.523357054211388
2.054198516023944 0.034237181862397284 0.008937102777103257 0.00644700516600416 0.005912332603690525 0.19769740125519084 0.13600628419024152 0.10398111004007074 0.015103205482257638 0.017234906115018395 0.023462429832588165 0.8552314633304249 3.134038935528847 1.3967896794978267 1.2352138066126659 1.314558449990137 0.9504264598526225 1.0237224166106333 1.0090457714789889 1.1284715541685029 1.1854139027812693 1.5436787191128554 1.3575921847775339 0.9785066103800879 1.1151998610870264 2.5281203281028506 -4.8454756193956845
5.5691268693892395 0.031132527215153347 0.007572528698956517 0.002827514650529722 0.011815004290650407 0.18193321838292137 0.1160300347926419 0.04494257225978443 0.019170130770329318 0.019882361543799257 0.028239551531925637 0.7433233626551878 1.7389381198019946 0.9537979690246409 0.981935283834476 1.158965248965556 0.914753505818691 1.0382612983212016 1.0179818359732589 1.145363936871229 1.1950797365716002 1.5331679240860363 1.304614154154727 0.9465448648952722 1.0736296872927606 2.4578813160972772 -5.671352853663458
5.670870154241028 0.029878815340773284 0.007304817624106509 0.00445650793335661 0.026094240819352077 0.1898347827277862 0.1267350454161441 0.09519779799581689 0.020251017416229013 0.020645467855814552 0.026803649074361627 0.5906732789476468 1.6577374196636547 0.9557084504952936 0.989181575579285 1.1711509294909581 0.9341876929630033 1.0663394228937568 1.061318159265756 1.2087664152285773 1.294740720904999 1.7456405108384085 1.840022092462302 1.3539171109034587 1.558514819401028 3.628151834817198 -5.44522559438306
9.507137134817722 0.02736195191012531 0.002731266360897888 0.004412060541425399 0.03500608051495247 0.17225130012672782 0.04326923673677517 0.09657181625146422 0.021534339264248057 0.02312601053610253 0.02662424598671704 0.5580364780470174 1.440691262145164 0.9147237987333499 0.9884037015782577 1.1732714157105388 0.936186809006563 1.0700194642752319 1.0677655961959236 1.2208379441932415 1.3232533430768751 1.7576333664892325 1.9128508425228206 1.128316053952653 1.1822844318051096 3.71673030405748 -5.217325142468204
6.611718534237771 0.02979728887873343 0.007137611415663111 0.0029123681056407694 0.041726846267382586 0.19988672692664788 0.13772126117061137 0.0727320704374491 0.020362442804769978 0.020856823912950774 0.02772003066658482 0.5893813001266769 1.6234148145138616 0.9422746827232349 0.9925179879128248 1.183156490501847 0.9494016268363445 1.0959393330585938 1.1053654301156421 1.276505866056412 1.4094637926671798 1.9146973065180632 2.559329202893255 1.91404143461799 2.2324845563855638 3.9999999999999996 -5.344800198362408
9.841632625744344 0.029871263322355634 0.004820045985149098 0.0029982504276508575 0.03151370908921658 0.18937031290751632 0.09426008236576643 0.06229635708196997 0.01893913934846795 0.022409104787508745 0.027651634111108107 0.6148297393585194 1.431800885145852 0.9134609577157321 0.9877218811925494 1.1788597216155667 0.9357217730421348 1.0357028797323558 1.066984710546655 1.223139616973327 1.3243669666851337 1.751491744937551 1.9080063433580994 1.4075766585718075 1.6221320435714974 3.775638706453951 -5.4914796003549515
5.345031954840958 0.030857896627124976 0.007434603005579708 0.004291030739143313 0.02935557999083904 0.1977217698120848 0.13268172460307123 0.09448780574594162 0.0196603207145353 0.020418575347066464 0.027023212657637612 0.6659729350053355 1.7046015727001746 0.9671726510878182 0.9949605316731837 1.1759999360588718 0.9389098758140473 1.0737118508639552 1.0733682510790128 1.2278387036592886 1.3257749952117426 1.7715627165391326 2.0317635440357633 1.5041265327576525 1.734863513753379 3.929896024507671 -5.429941241130373
6.539069802742624 0.02983965342993729 0.007400708947678587 0.002602889213061984 0.041241073909805435 0.1998991454686711 0.14111791849549918 0.06903993924913673 0.021198610051980232 0.020563958295117327 0.02889391463895642 0.7222080993200938 1.5653412434559344 0.9439806154380433 0.99610846260083 1.1828939933435278 0.9478916191491643 1.0520338405765914 1.10202167659733 1.2732785450808624 1.4049632415731377 1.9073468521037886 2.532284782563547 1.8918472712870318 2.199215563712585 3.9999999999999996 -5.33791586825458
8.750989178513755 0.030884961055141616 0.004851285782677715 0.0029990959164006383 0.03345685421482213 0.1982301024799366 0.0985287497201702 0.06578117020234438 0.017344015781182873 0.022032284127926384 0.027535678476023402 0.6474049653821884 1.4179687781873318 0.9192008951959918 0.9828129532209431 1.1766084410978344 0.9439674991509933 1.0799564216283244 1.079845578269939 1.2354198981750608 1.3342706176765324 1.7843033201543308 2.0539014510572082 1.5215506923634035 1.7573134652885056 3.976998228402635 -5.483975365355944
8.476680104420584 0.02926634042136197 0.004749709431243191 0.0026776548124463804 0.04837727127955235 0.19994869749855057 0.11026309503882019 0.07071907427589916 0.01941957550446067 0.022383143987284145 0.02763709627505285 0.6207972663911863 1.4353391585000568 0.925018881081946 0.9978396519727339 1.1901014592097359 0.9558424353269637 1.1045953267686037 1.1163567469226747 1.2992852421465482 1.443570497591574 1.9780268950357058 2.7904041511341537 2.0994123146713815 2.418359314347037 3.9999999999999996 -5.176190678002075
6.89840893946225 0.02764593655071038 0.006991737291817982 0.0021667574186528963 0.060978908558781596 0.19998865499115914 0.15274012426426925 0.07729566138910884 0.02153049456142832 0.020788354460237496 0.028923578548885262 0.7107371116752619 1.5395010059182408 0.9445481606318121 1.0078748273810316 1.2059011346490875 0.969997356053749 1.1268444337091184 1.1543590309802838 1.3620223337623225 1.5636097350239462 2.1843626373453637 3.7652962903196365 2.864120103414625 3.3927536151569977 3.9999999999999996 -4.822697255923641
6.352777009502266 0.029814776866382592 0.0073377114194617 0.0025217779484802087 0.041875599324973464 0.19999999999999998 0.14101303121047115 0.06778328695625722 0.02016217680960374 0.02033309367403986 0.02873494744799615 0.7290066617212217 1.6487661092485122 0.9479342097779507 0.9967803386093148 1.1841997130467716 0.9486382286424784 1.0951158149468592 1.1030845407061225 1.2749310546484938 1.4098869031100312 1.915520954372387 2.5518780579333087 1.9102956008331775 2.2261018715118666 3.9999999999999996 -5.334719820907141
6.059439273478069 0.031257275916778716 0.007201347262564173 0.004182159551192765 0.01317318127953425 0.18613545778750398 0.11424013614115527 0.07629511825699764 0.020266206923966117 0.020970433689319785 0.02721658499624271 0.5855524135208307 1.6075172974766032 0.9418520596132377 0.979335977427445 1.1590319367653046 0.9186774649138282 1.003485725024101 1.0264615504598953 1.1557206533127622 1.208282217105165 1.5651052983359603 1.3869377264191167 1.006553283807779 1.1455564867668928 2.559095547529718 -5.596836357058382
5.739401608364379 0.030782575089906346 0.0076576173294142635 0.0040182036876846424 0.030042034873287982 0.19779642679488724 0.13621874874238646 0.09146175335096904 0.019420378733635908 0.019830889716890926 0.027694987237836977 0.7551930797504275 1.7199493953388398 0.9560777037423351 1.0061991839788609 1.175691926821578 0.9399161234815724 1.0756401304705745 1.0756900724534584 1.2312374779869484 1.3309128864011424 1.7814323636509974 2.061176336556675 1.5235065568690482 1.7625094869057492 3.994681046063493 -5.418320201912879
5.566867952366815 0.031116020330026688 0.007614651434380934 0.0027237324505280667 0.02903068426772822 0.19854541261838454 0.1337797585997284 0.060474621288916314 0.0201181947403564 0.020310646702998973 0.02868810742858102 0.7294036178143184 1.6724137576612432 0.9595427886139636 0.9917074008841708 1.174013147065947 0.9373884728204144 1.0296679177017305 1.069556278536854 1.2214106829780744 1.3146768899534074 1.7525919522080813 1.9627675266094091 1.4494887494093156 1.672391866988083 3.907755426550022 -5.542572508583244
5.386403427975797 0.030764674403024814 0.007612777637983935 0.002859345752173539 0.030990084249839348 0.19729466838653242 0.13531300961436354 0.06396762734766273 0.01977774829494509 0.02003900326151177 0.028252566063593484 0.7432160163295871 1.6986181231127047 0.965928869515212 0.9946379352746447 1.17616837474833 0.9393798471665692 1.0743893802843465 1.0743852717147753 1.2290296749765313 1.3277212758516088 1.775877836664954 2.0448485154764215 1.5130139095499509 1.748786605480263 3.9623886441812024 -5.509263560217835
5.6926823046439505 0.030840120957483626 0.007360792845149479 0.0043406570988588095 0.029403613545765355 0.19759687200429138 0.13175821180192082 0.0951441097318503 0.019315620021828593 0.020560728675749835 0.026845776517341734 0.6160896352550284 1.7262285574334455 0.9564768647237275 0.9913524682942265 1.1751256274651143 0.9395167773021181 1.0745699529521067 1.0741248634124851 1.226058929279325 1.3282429250811112 1.7727682878769198 2.0340837231840876 1.5020195468695337 1.7390825081711803 3.9343729267395084 -5.447273246074051
5.948116113902661 0.03147795586020488 0.007664398622173723 0.004053407551961037 0.018709448503166182 0.19343242009754438 0.1262795952673283 0.08361870726659978 0.01965673885353389 0.020096192458408643 0.02817799402797658 0.7425167224397912 1.6911042356233639 0.9460822807751196 0.9984263710612057 1.1654330997218705 0.9271331598605881 1.0144915296952983 1.04411659727253 1.1839406798759242 1.255453246585215 1.6400333921637562 1.6055043993330689 1.1736440927634766 1.3432044699509573 3.093907564463043 -5.516059704221747
