6.963419572718279 0.005321553290544032 0.002087965662465522 9.547670104348206e-05 0.08749847961936032 0.09349382279410226 0.10055957867524726 0.056540682405261125 0.08262861354447708 0.03094091674167564 0.04502213969725131 1.391714031789899 0.8431809198662606 0.374131572253707 0.3041078740393932 0.3601325613336645 0.7751169014431982 0.562505236104126 2.3745509437725842 0.8240684923793559 1.200104818749812 2.172940338962117 3.5346716351399388 3.8533747653777177 2.909359169809149 3.2080518351657803 -4.965610116992186
5.891108794641514 0.00976611676204838 0.0008672104961874731 0.00016045342017495263 0.07324394895096391 0.11117754720673 0.06346188940017716 0.049161088955836076 0.0779235423076539 0.029783548753415344 0.04752923704973274 1.481515326297573 0.9008599784014518 0.38059436471313396 0.30396992396951655 0.35774711705304635 0.7676409239962594 0.548485434129457 2.2949085940507374 0.7891200836699637 1.1220605630525176 1.9868620896344014 2.7159769842250783 2.9259928864731624 2.1882397533773603 2.3858340809097753 -5.086982430809812
3.0736895325946687 0.016625995392321194 0.003255372739375746 0.005327107142553522 0.06570786204429296 0.15848505689341588 0.11082352951406182 0.11410623896165936 0.0705562972530106 0.022914470719102117 0.031074120607944792 1.6699266983374974 1.2961366546945747 0.4606924004390264 0.33454573850997593 0.37408265350534475 0.7824632136044859 0.5500546517182838 2.3076520933227056 0.7964438813864082 1.1437912036981135 2.0603899852259184 3.155633375540969 3.4393950444656376 2.575144374239826 2.8452832755049235 -4.726254553123255
3.9002351550157255 0.011753180988530775 0.002187984279979632 0.0018727141542615323 0.07798300385439241 0.1326824149378562 0.09545449881956716 0.0719142066903927 0.07624923862752755 0.026211088460548065 0.03434064412871079 1.5167569878351612 1.1215170101572347 0.4217404009663336 0.32068540869834083 0.3668043826336789 0.7818574619588203 0.5621324649220819 2.3450908953428122 0.8141374364042421 1.1765126722750006 2.128952173116108 3.4087201525868 3.7022831539167433 2.7857462817897343 3.0835045413935274 -4.8393164734955
2.8306494481524744 0.013876842602648926 0.0035069394337466178 0.003160967775334611 0.04777587948690365 0.1195050303095601 0.09172483465896698 0.06180608959107922 0.06945638896637873 0.02180101895018233 0.029738306599456733 1.692640908762864 1.3643132262282487 0.4715287168986028 0.33723980356093936 0.3713465923390029 0.768885805245965 0.5317290292485901 2.2973324033441602 0.7345027580425252 1.0112750089800873 1.7347490864690291 1.8428347399376737 1.957572109672346 1.4384911644204623 1.5431992144019508 -4.872624905378197
5.516066497595291 0.012090130541631796 9.937347887239273e-05 0.0032652389756857698 0.07602546572192423 0.1329086563660712 0.05846384048114154 0.09424678018626687 0.07501138321670175 0.0323801649968851 0.04301727104441489 1.1970684676901684 0.9241196500221831 0.3855906778631558 0.3081144880484255 0.3593793912032889 0.7774137686874314 0.5536075183011872 2.34475772190574 0.8082278464181211 1.1707722131206397 2.1104050584488125 3.2359529331280554 3.5285117626678386 2.6427931259595088 2.924035296504821 -4.982457284392982
4.246358413665389 0.017590218974794163 0.0009491308092414898 0.002577551108146647 0.068613004202428 0.16371689152132096 0.07094064291681501 0.08239439969738784 0.0674492799206398 0.029910928336274414 0.04093456785116373 1.2723966346756004 1.0543884069377512 0.41775900290840895 0.3175433157923653 0.3598751557408525 0.7717292526850426 0.5634718004622159 2.3243261049796926 0.7970798525745342 1.140154794980526 2.0611015948698928 3.0939276081922276 3.3726389540014363 2.5167170900337084 2.780352998100315 -4.8815680329550135
1.0369902340704675 0.03291730504303697 0.004274482511828491 0.004642979947215876 0.005837657621540859 0.19796417457191143 0.08284978931703646 0.06123685339386955 0.058449953031585386 0.02245643256322588 0.03676413420366695 1.98345082053993 1.1668942153617836 0.8735860864224314 0.5384363377836525 0.5267391357970131 0.890022094605204 0.5752095388568418 2.102242538734279 0.6741721307930613 0.8751808975524452 1.4430445910264371 1.09630207425941 1.138305047605496 0.8226601030095179 0.8632952868115457 -5.033096804766174
1.4601297010631984 0.0254018348147751 0.0028135838591673125 0.0014411990477638135 0.059025934357758776 0.19912257946486647 0.10162563660931694 0.06689492037160452 0.0662726302567578 0.027146299461015103 0.044502786695031236 1.7588582959365064 1.004638818432261 0.6883876011602597 0.4475287407795333 0.4565206016365138 0.8274030353747571 0.569001755378709 2.2546987924592625 0.7689039740396192 1.0961105869474046 1.9622430924562815 2.894465304012146 3.137595094431561 2.348861010017933 2.589010656993416 -4.915147547189264
1.8142115894081616 0.0204511022360685 0.002268732859819941 8.468978352334549e-05 0.06404565983922568 0.17655218394434594 0.09291219722315683 0.04673925561342653 0.06465232904186093 0.031209840184553788 0.044333344296851915 1.1609665398095046 1.0056320988067642 0.5970329065435847 0.39680443742459387 0.4175406366372383 0.8009217292312826 0.5609543719942166 2.383401269499213 0.7688574066995826 1.0977470723316851 1.957602032667578 2.8083650025411524 3.0503178259064314 2.2706009129150013 2.489785154642649 -4.968660373740871
4.602094670760217 0.011371847734067344 0.0018625461092074166 2.2091014732832686e-05 0.07297028424412715 0.12232044502661664 0.08343331239405836 0.0442806635142624 0.07592495603130818 0.027485903269201667 0.041841405225021375 1.534453941120729 1.016154391824727 0.4000600040157116 0.30858965661056387 0.35841674445504956 0.7814629522207759 0.5488391874567145 2.2996248337844083 0.7917923968629743 1.1315215269941887 2.011460856369718 2.8507860938521206 3.0779582599184274 2.3075470606442616 2.5172419714826937 -4.972274232370584
3.308526939279231 0.01364975230126351 0.002865915772065695 0.0036298958478362445 0.018188135961918345 0.08961978615707916 0.05114921995528339 0.0395963103229785 0.07365198330419488 0.02368130458841794 0.03191417037615571 1.5925979859450903 1.224819257580974 0.4360742317547678 0.31811326590051897 0.35385483778934723 0.738806729026181 0.5026209903557085 2.006248388449593 0.6587078271818225 0.8539516453933776 1.3821563215481558 0.908536068910937 0.938834084888302 0.6673353017785639 0.6974384173675708 -5.1326071365495
2.3068227105961037 0.0177485438725706 0.004145094920947637 0.005520793585247529 0.053003923525273056 0.1537612507927648 0.11358209158398326 0.10343760782833446 0.06533994104410007 0.019193857012439062 0.026915976409352123 1.817916326872183 1.5809710705142046 0.5212720129014105 0.36199363240666865 0.39119915136130434 0.7826873436366929 0.5451338949622301 2.35539176039009 0.760389855301839 1.0731146872342345 1.8894483456118618 2.4346958345551224 2.627785910385041 1.945134403816485 2.1356674131541067 -4.6364402366765125
5.8230924639517765 0.007263830813512727 0.0009852158518850699 3.919016451592873e-05 0.08601457687590876 0.10391357717029714 0.07690942179692642 0.05759625689635954 0.07559684475696427 0.029972716169776474 0.0473277113007025 1.5390392897933123 0.9070086023824323 0.3831773207639152 0.3051186816197821 0.3606927038875492 0.7931974410964274 0.560733936768316 2.5037195757472483 0.8205570535188043 1.1942224496639808 2.152602688224424 3.465050849164641 3.7724698190510533 2.8569832985197734 3.147320629036208 -4.97979118438865
0.9300221804296938 0.02771186724206205 0.004993846930604083 0.002517303237189791 0.03465044228950336 0.19568518629310164 0.11674680679436816 0.05542079502537697 0.058041692503940825 0.021668368105087352 0.03659052248322841 2.0163013713034514 1.1759384313047514 0.9505461174517825 0.5829384850396289 0.5673451472529947 0.9540772485668807 0.6189150902655419 2.3671290023596834 0.7237481215584891 0.9712998133204682 1.6714430187234541 1.81641227774164 1.937420910674613 1.4200172319257072 1.5247545030520797 -4.8878300676749875
5.246294366355792 0.012152519398653236 0.0014824396186458725 3.306066271407059e-05 0.07369105496707135 0.12888600414899348 0.07746308339681919 0.04929288652147958 0.07470864021430076 0.028095448620827267 0.04591635153237577 1.5484179655190329 0.9505661088813142 0.3908338298555439 0.30737716779783514 0.35826963455207095 0.7831395909518195 0.5513630082453653 2.313180923919288 0.7971828207040336 1.1410635288020694 2.0351248296782773 2.934678707131685 3.1718676702053283 2.380790330916101 2.6028880733220285 -5.016620637823737
0.7912801825987887 0.0268691119285197 0.005817914766405651 0.007497488271944634 0.04158142169959931 0.19992903624381683 0.14167344911256716 0.12695589913726196 0.05401406995561888 0.020413224708946177 0.033199366532817846 1.9534355961040195 1.297043131333979 1.0805951546709005 0.6625695483162418 0.6330778858920414 1.0474534009862362 0.6572908670887453 2.3556182064042326 0.7542606560184909 1.020026415183082 1.7809982932599908 2.33329608078148 2.51866539460242 1.8710973381747276 2.063616219274586 -4.6449842811514355
1.060591018222069 0.02887393914117431 0.006113720032783299 0.006584218555828618 0.05512911172688281 0.19999006033675423 0.1612407782280116 0.12816181679688415 0.04995384534577456 0.017026595954619993 0.020546918680234876 2.3310462247337815 2.984618900340787 0.8660383442769625 0.5437554637601056 0.5401103919364691 0.9440108962001267 0.6151058511710664 2.4556939025857276 0.7770656945695353 1.1119851738243771 2.027189514727396 3.3732416083101966 3.7105146987487507 2.793433916872283 3.0932232478867383 -3.9938715608338478
0.9963950685013443 0.02365241279261506 0.005004172310340305 0.0025918669752161973 0.06733927964405807 0.19976411098774938 0.14609331035869763 0.0860350288637816 0.06086645333472478 0.02268348316689654 0.03832951344611814 1.9089295525060908 1.1277573093988678 0.9042201714946728 0.5632931391936395 0.5536085796279901 0.9514295903056136 0.6411486506025307 2.4913364136606893 0.7875462719709158 1.1251390517619477 2.0510798257267298 3.523418542345239 3.8505271778979897 2.9263167828784473 3.2361334297903936 -4.722901912581259
3.3567591510783443 0.025689740343458597 0.010834112513805642 0.0021267258802803164 0.013655268784765449 0.17507914838594527 0.19662671554737018 0.03461106051958326 0.05853620527407183 0.02539135678041098 0.03483341636394722 1.4938759477370187 1.2117175434420984 0.44008403379854577 0.3231969332818689 0.3621414053022942 0.7288585632556306 0.5145819021553859 2.089316518901396 0.6881150357413451 0.9184258827269565 1.5441746468242514 1.2802449218166885 1.3242488367689067 0.9437031345420566 1.0071584354910126 -4.693639004669084
1.222830844914843 0.02476692172257715 0.004261058418266436 0.004606793554611963 0.05805335357780633 0.19999998515840253 0.12656942642709632 0.10035539995708281 0.06299079959316559 0.021147803252578957 0.027260393157008116 1.8442028021034509 2.616189181251394 0.7741329580855605 0.49656749123325405 0.4944683965929051 0.8901964828853618 0.5994729678214651 2.291470129686166 0.7716003668782845 1.0971016164735312 1.9892506402699717 3.05717741660476 3.322759225237373 2.4804924692994077 2.7291385753182253 -4.345575686661524
2.2863044177095047 0.02361038499520146 0.00420827084910731 0.003550038941173739 0.06322330914321825 0.1976603080033705 0.1290638609314683 0.08982409601584959 0.06274027375406178 0.019236728054993265 0.025504162192864856 1.8988568256698024 1.594656365999791 0.5285469993569877 0.3630594527158526 0.394772665898414 0.7856662908676613 0.558754068958643 2.3102026298485843 0.7986844356263909 1.1611314299696907 2.1032217102158017 3.402443725527295 3.704335682525663 2.8022409025513344 3.07963897605647 -4.603128543074263
7.151008115625379 0.00750974655336909 0.0004953302443094574 6.507491296205792e-05 0.08618825789567323 0.10846988891524391 0.06827584239328484 0.05875420104822382 0.08059966165573142 0.031406094168442505 0.04844295636116545 1.4410772696408591 0.835633556166577 0.3724987782980655 0.30389859192442226 0.3596794535695149 0.776413508430442 0.5623572125911294 2.3744766455193727 0.821765624618155 1.1948008742947043 2.163176654356906 3.480181504055491 3.789841450249151 2.825782911034697 3.1624028506231077 -5.021806955572513
1.6107954587456486 0.02671163251724071 0.004898316328587066 0.00480500538444553 0.03558930057195618 0.19339025945422772 0.11724840499461422 0.08191288214413182 0.0548990397417705 0.017345790633438645 0.02083177420282516 2.1853961910676514 2.0859484390086194 0.6452024065379997 0.4238798522832159 0.43781728070095555 0.8106236819860483 0.5527778024285991 2.292103559236066 0.7298666347846543 1.0094068808833783 1.7487988302419983 1.9734002978914205 2.1059828929211784 1.5465581667686026 1.658232888100699 -4.50277907823902
4.635688932635838 0.013057561940660335 0.0018072906886404435 0.002447619200759609 0.06802788310710191 0.13251184272096006 0.08088686772527588 0.07134000997030428 0.0737096194054365 0.027204736832604045 0.032861199335972625 1.5737180396133168 1.01039091135744 0.3992968004012071 0.30776297296818167 0.35809582262882506 0.7703511895613939 0.5482625655882264 2.296251397789006 0.7875975541837962 1.1239432557455709 1.9973892249520044 2.7890330428427177 3.0249216157128855 2.249164062069055 2.4650158685321584 -4.846315860516103
2.572004130681819 0.0218361984889027 0.004286731084397454 0.005064489812829942 0.062552092545549 0.18943971673385873 0.13086682211923817 0.11127372029904814 0.06459619458847762 0.020714754424440842 0.02792867333931114 1.8242719426009215 1.4565230942744496 0.502461980121344 0.35428116026097983 0.3894643992065869 0.7896911387020606 0.5496178056843954 2.3148784904110458 0.8016316283425571 1.1596791375534523 2.1028018228487184 3.3421318937658664 3.648104929379164 2.7461734090240517 3.0256692464424164 -4.621301686402785
2.2667978730415337 0.023654198684165406 0.004355843336754648 0.0037023388881780046 0.06252837091205114 0.1979263154006209 0.13023075164628303 0.09170864476445222 0.06293111493207144 0.018951155431824893 0.025663946747326843 1.8819440185261302 1.603454006003994 0.527606223843479 0.36946141240222996 0.39801321076438806 0.7813881626478522 0.5591473449130119 2.306015781177836 0.8014066492629044 1.1593917347420137 2.1046650444583883 3.375890160700945 3.673057707589116 2.7774913497221263 3.0615262347080217 -4.594718986544063
2.556817246895694 0.012799595262961695 0.0019951095036070104 2.8173726934277035e-05 0.13390569442908526 0.12713909003788643 0.09987781345011468 0.041089649733087694 0.05864558206388968 0.0203338491025251 0.026629067130681253 1.946627531547637 1.4781803568038188 0.519800679210069 0.36341104947800523 0.40699766801153026 0.8317386457852525 0.6096669184406607 2.6881374201188275 0.968022356926241 1.5668284158275716 3.1892399304174903 3.9945741771244663 3.9999973026692484 3.8258986495194267 3.8631678065441215 -2.9269635928199054
3.3389387150821404 0.01443610266472358 0.002905530834567375 0.0026025147968308324 0.06166254932842457 0.13666156391852344 0.09558826478633306 0.06882030654519325 0.07300781118837212 0.02403565655271824 0.03192505261275045 1.602439713500787 1.2252711035450867 0.44268308760418656 0.3253540828047007 0.36656993410932903 0.7760407277976961 0.5432833138683781 2.2557635973374754 0.772902727021324 1.0936385366823662 1.9286386279303547 2.5317303681199217 2.732645569082319 2.027577975324637 2.2242133326871443 -4.878634182762083
3.5306412008561425 0.0056675176705859665 3.9725528074512514e-05 0.0034703678113477683 0.13821261793924128 0.07612322893255799 0.04246233243431812 0.14011891140920316 0.06275100247468794 0.020824563141782448 0.030314546720263416 1.8128947133389306 1.1866371853642268 0.4549961399920999 0.3306791467738006 0.3907148869205215 0.8292039351755168 0.6087566878828374 2.837504928113261 0.9830110468222382 1.586071438648735 3.214521735071393 3.7346049922162963 3.999999999555867 2.4583188002817424 2.379142302903727 -2.8145996170912193
2.802788329437352 0.013705536841939077 0.003360853628992731 0.004635269368325415 0.054680077173679106 0.12624941580070978 0.09671259501015138 0.08923994024481012 0.06980729645328485 0.02202098233425659 0.03006989706871881 1.6921483422667467 1.3746752957283734 0.47373645913911483 0.33768862498049174 0.3732240905612509 0.7504263568643882 0.5370207207210148 2.345932604173143 0.7546943796592523 1.059078693094545 1.846273369966482 2.222674259080093 2.3952958416901584 1.7782045162494273 1.927732649267657 -4.770410696610816
1.0743800678912667 0.030892103700314345 0.003783970428561027 0.004480014008350854 0.0211269037126323 0.1978022949031699 0.088339229373485 0.07357173684356637 0.06065376770175795 0.02421971638711305 0.03903608742759421 1.9367768047336424 1.1078663984489872 0.8498319595244912 0.5293266614724577 0.5200918738275567 0.886619623016608 0.5769048500104125 2.1488416087622535 0.6990978257309926 0.9325776107138977 1.574144568967462 1.4676907044502367 1.5450734268725124 1.1273964490316495 1.2093402099441648 -5.001985080794807
3.6372496105696777 0.011679521861629464 0.002503026495403321 0.0018997410249021584 0.06518116548248859 0.11915336409134959 0.08877954560770471 0.059583830547549024 0.07653386149599273 0.025350551459638326 0.033604770550283075 1.5258880748910448 1.1613676344884827 0.4277296622923165 0.3197878794756139 0.36262450275385205 0.746221198785145 0.5408951179105824 2.257272067086722 0.774253003849036 1.0936105089063577 1.9271284434561737 2.5182594540592227 2.709602507335385 2.018259738407428 2.2046327639735632 -4.928143983147073
1.6780973080722896 0.023884018109888865 0.003475592780908461 5.930095091348845e-06 0.06645925571375806 0.1969847352357623 0.1165975104396029 0.05646956209568914 0.0656142262792331 0.0233901890103499 0.04913659555962734 1.7718567846175792 2.0254764224220483 0.6293221232696856 0.4151825611549868 0.432531224310799 0.8106525158889326 0.5612828441367699 2.285365807508979 0.7869193795166577 1.1367113353322023 2.0577856797675196 3.2883274498309065 3.580192415784726 2.699642994915413 2.9807416220456617 -4.617438333798775
0.5411069057304719 0.03204514852208095 0.007831110807768129 0.007321376834876832 0.008192702489270048 0.19986246745270683 0.14441556405235464 0.09384761005179701 0.04110804163648919 0.014886583186623744 0.023687070287582313 2.8448026010628915 1.6774824023661525 1.4850788118235847 0.8718636269239826 0.8129170722999948 1.267456211207602 0.7597930851953002 2.5006583411531613 0.7468664879462295 0.9116049209811374 1.4699760044201378 1.2404125616838881 1.2988570736923966 0.9439698038337517 0.9991447132396012 -4.5871961131405365
2.4338199051727676 0.020456027069032285 0.003953699949932298 0.003995141282680892 0.061216021756403734 0.1774009889906309 0.12043891201633786 0.09298603150802079 0.06613114459578445 0.020004851750475592 0.027646057378230008 1.8024672213714557 1.5135113918204766 0.5058881376002425 0.35022661939072913 0.38443260864424894 0.7800944594637074 0.5459848770692892 2.2844699440916285 0.7842964259505183 1.1247210242095553 2.0247059467321433 3.037530399692681 3.29978573035149 2.4728417892117225 2.7265426241349733 -4.655564525959891
2.583527618337318 0.015621345574157933 0.0018678313754796245 0.006390354706968619 0.047977409364828374 0.1337399073391254 0.06675419434707973 0.10641603386876043 0.07237561179139243 0.02632487314408724 0.029466796150392768 1.6191347265273177 1.4550629116641407 0.4915966986893143 0.3442935571112231 0.37675438057191846 0.7528344956980894 0.5324177048719635 2.1855386471297233 0.7405051739210364 1.0261606776665007 1.7782303403804702 1.9965504060078272 2.137665411210759 1.5717248720438928 1.7002944592195302 -4.768025956438717
5.544265627531164 0.011735445832432571 0.0015486086580791263 0.0021081914138298273 0.04632768655399194 0.10146719613192996 0.053182690418159144 0.05093958832349629 0.07498708208373922 0.028286958184730746 0.045201643495587675 1.5496640682162268 0.9232447036670735 0.38076298321331287 0.30311698219181965 0.3498396048379226 0.7596953344684271 0.5297562563332973 2.154734938417451 0.7251589597730016 0.9835827594727872 1.6689384281027007 1.5930763998102655 1.6850054995377077 1.2258135288354315 1.3096742991873782 -5.1689133093351005
0.8661885542980153 0.02936238446376516 0.005009768561741846 0.007690904383873288 0.022598446111616953 0.1999952752697537 0.11019359404831766 0.11031234196573807 0.060526244919657836 0.020284348805645044 0.027784162534827215 1.8860041044598437 3.550034038530905 1.0065307554178353 0.6108778210133741 0.588740093756517 1.0071022680006685 0.6214151720219522 2.242261141955253 0.7123257473848088 0.9416947556790589 1.6043447477228272 1.5999861941170277 1.6946677848738454 1.2342124142307094 1.3209285433166704 -4.400367931695106
0.930787884364571 0.02989074126820125 0.006930570906929729 0.007186262150687056 0.018230832685863587 0.19992506987131506 0.14127245265586705 0.10029825118910805 0.04683157273921491 0.016582591746043353 0.01892373944422399 2.5025731631931536 2.3738800618165428 0.9526084418870452 0.5818876426224303 0.5676288762915381 0.977465490946274 0.6057354254313232 2.2018358390622086 0.7040744765181823 0.9329282673894073 1.58067074520187 1.522099748720958 1.6117800674109455 1.1699734884015087 1.2485652290148743 -4.326648118390737
3.2559746863499677 0.010928046938448508 0.0029372666424065394 0.0026291189568217552 0.07697490299207643 0.1260562877867613 0.10806683754101885 0.08080264848995805 0.072842596911758 0.02396771292036559 0.03177838106218662 1.6056232041419287 1.2473285357889896 0.4480401400091154 0.32890343370415265 0.37044426225715704 0.7866090810500646 0.5550662336681141 2.464655088920309 0.8074276366055827 1.1707555930014117 2.1105639171188555 3.345174551503775 3.655686926689964 2.7629991982181834 3.0490312667457244 -4.76808143903988
7.0514215459974166 0.012918251366297307 0.00042066588694988585 7.887837398449191e-06 0.0604611087050425 0.14672662809282652 0.04712770957580437 0.03817639317063408 0.08062617781938806 0.03179029161316925 0.04897795835531558 1.4459675105429002 0.8373136045493665 0.3699105632986057 0.29931747139167525 0.35264586152700605 0.7424082119532411 0.540168624264237 2.233651351273647 0.759686992704954 1.059574326386014 1.8375679039090538 2.1331412449742255 2.274545060432445 1.6835884049307384 1.8162143337233048 -5.17203326129625
1.9194612000930835 0.023421106455450848 0.004407197421796442 0.004059877802073271 0.06416549444871897 0.199999636370837 0.13407486450862133 0.09760296220762103 0.06026425960839792 0.018579437369563745 0.023544495180361502 1.9927201931742495 1.8133598553559254 0.5780114782605744 0.38633916935024065 0.41165810259054486 0.8067082175840796 0.5556468581867565 2.4042828083111405 0.7928665984048646 1.1542508457811498 2.103119094635807 3.4926800304572247 3.8336094755048506 2.876290685314088 3.2059853523170263 -4.439599451787794
3.9527590833026434 0.007140921120895571 1.0143103522058299e-05 0.0035635054416131105 0.12687509947561637 0.08679398572587396 0.045839443742532175 0.14064545841289622 0.06644705966966369 0.022776621978647486 0.032911658414865305 1.7005579067802665 1.1134198231658279 0.4357163256108816 0.32721369600778505 0.3859785012179904 0.8233937298305151 0.6072455615231717 2.6551197101953843 0.9490927279842312 1.5003870530484422 2.9866045125991882 3.7348894803631056 3.9918569021301336 2.47175680349954 2.493465026380783 -3.006129912956675
4.521877427385744 0.010943601601690748 0.001957621501488239 0.0005253717207326292 0.08009992370234377 0.12730824645710714 0.0917448265117948 0.057949261774031 0.07218830340153333 0.026703168156673944 0.04043274372884785 1.6089700165653678 1.0174856605917855 0.40233787072497285 0.3114376082313412 0.36033025114880485 0.7836494242792492 0.5587922921769205 2.480922139755875 0.8113022987935438 1.1812477863794324 2.1242531032158447 3.396908586294576 3.6932583349699284 2.774211101482957 3.08845623778541 -4.837356190493944
1.5188057729267912 0.026360400520186886 0.0049551519058118505 0.004685486999008449 0.04420844179752274 0.19920006682818459 0.12505953688089447 0.08835537225429166 0.05527969976800226 0.017513655544274753 0.02138478919446206 2.165532946154528 2.1942089706463723 0.6706208240246448 0.433942639311003 0.44726272293594543 0.8307459684307299 0.5711060869801037 2.3362486466159713 0.7481473436150871 1.0523389320298053 1.8599418092077278 2.3757006167615895 2.5557862690122275 1.8997084165628797 2.060564037191892 -4.4237075767868985
3.51161772995204 0.012778383389655637 0.002609883692122372 0.002258633113719037 0.06503556862664658 0.1274336331717417 0.09140791164661297 0.06529582516298973 0.07486946653565008 0.02492618047853721 0.03289899796416973 1.5583739519617439 1.1881996894282658 0.434562891364445 0.3242816722942975 0.36613708577479365 0.7769837254129769 0.5466072328862037 2.2691614999312786 0.7791539803298647 1.1030950465292784 1.9506731370363815 2.607245072363657 2.810476735849341 2.0998823257752024 2.2866376411654636 -4.895622047338903
2.407098551721244 0.01770622902028962 0.004108310043855989 0.005788976136216798 0.05169835353260862 0.15244753286961105 0.11238609948655957 0.1057605747541361 0.06489547666714784 0.01977287942328592 0.027429751427319116 1.8350658784235616 1.5329716021626272 0.5105557611271677 0.3565548049635822 0.3861068073858736 0.7818710275459947 0.5418975058493177 2.3526616040485644 0.7590474130681976 1.067992709134643 1.8765926709673304 2.3745554188815787 2.5605009906142118 1.8954216254440435 2.070127985319541 -4.667293322990195
4.5791028668279505 0.008990016756650072 0.001775843141821075 0.0021280451938753267 0.08165212738429212 0.1162807886726119 0.08994539911027045 0.07644004349790605 0.0746913084981782 0.027736029737205303 0.033892375408934326 1.5406538560078407 1.021273676654078 0.4047178648877138 0.3132523511649403 0.36202053717110005 0.7734777815713567 0.560807940632327 2.4903650046364616 0.8159549262908032 1.1894960490724138 2.1476455338917804 3.4716199617700525 3.7818098105373332 2.8578901464268496 3.1455979077752065 -4.782351240434953
2.768514735680864 0.014053950435230817 0.003582209447532065 0.0031756834559500966 0.07135182609740476 0.143240432493241 0.11695530498462298 0.0857232795120524 0.06950328326670735 0.02181072908763241 0.029842188800033906 1.6962060916169426 1.3901165018418449 0.4781564037032721 0.3433453938393818 0.377433612141167 0.7893495098998532 0.552476338726385 2.4439285925693826 0.7995394524828497 1.1560535568193502 2.079604021301692 3.2363507557015962 3.517720810914082 2.6472582328097927 2.919172906353739 -4.702764895106128
0.8447973851459878 0.0282725789475389 0.004451182958708749 0.005643354599863254 0.024532230689037083 0.19192493981324524 0.10125427072961 0.08649459457613119 0.052872363464873326 0.023683006619684248 0.033261120961732234 1.5456514423008256 1.2640402385387182 1.0291147868969577 0.6225439731579847 0.6008637085538768 1.0335289509987895 0.6270924328693557 2.2386454564498663 0.7104203731864422 0.9341159594805469 1.5808869675756472 1.5357804441240626 1.6185320897035644 1.1870455268145566 1.267852190342238 -4.877237536778537
1.5988846765440914 0.024187650882243797 0.004489310816228243 0.004468468118310927 0.06024699448605133 0.19987882773170138 0.13144680816332893 0.0989346298505554 0.057860968163020624 0.018365892467952033 0.022116979495950952 2.0795572300727097 2.108112464093542 0.649879662030808 0.42727435167122224 0.44488135507697113 0.8314596514787032 0.5727617828542652 2.407804159101618 0.7838516392358112 1.1280127913635256 2.048206575164053 3.2333833711541233 3.5396746569869983 2.664449843197351 2.928554973954052 -4.381121927028757
0.6006916396415177 0.02951190707990868 0.0066947993485615195 0.006468802958194285 0.02721952364038401 0.199999999954321 0.14279633122131363 0.09950689229603175 0.04412299922274305 0.01918344053163648 0.025939542556124552 1.9497442055176197 1.5442323676674539 1.3617654254811926 0.8095617434154863 0.7612130695376178 1.198187817585844 0.7330557555896298 2.474352778388671 0.7608483172736162 0.9652635942803781 1.6131772422925676 1.7348974660943077 1.843558175829535 1.3524314073575237 1.4623471759823963 -4.645298625825319
3.4502321757784293 0.013405805936794557 0.002766381379724902 0.0029274987007035097 0.06939760329048678 0.13754493374319263 0.10049443451832323 0.08116022299350496 0.0747220434583816 0.024689065986198355 0.032731554956075784 1.5573754679561496 1.2014443062823865 0.4363471209115923 0.32224943547673 0.3652074779065344 0.7791705420781592 0.5480413977508606 2.300836043229976 0.7928534179786724 1.1375963521663341 2.034473584599944 2.9868808970146286 3.2455548073203375 2.4213177809974114 2.6738707240294772 -4.836944395130835
3.4931849155365997 0.018957176203580218 0.0071950740088298154 0.0042578500039831485 0.05981205681274882 0.1716783009972485 0.19701477633842993 0.09907327004192433 0.06608241455694558 0.023263497663415303 0.031092165713255175 1.7388549912439 1.1899334382092785 0.43975109123415174 0.32659357979866444 0.3647270205588514 0.7865960714484582 0.553654849123374 2.3213389655137804 0.788978317123185 1.1289741871176469 2.0573548370861143 3.1232074562987897 3.424253507328578 2.5654086102271876 2.8008420140918187 -4.427678833199758
6.0680153820062115 0.010058513447563665 0.0005186174429759464 4.419977810710644e-05 0.08541033206630798 0.12765454248906494 0.06870476623326596 0.0569579054222988 0.07842016834487948 0.030139289852718083 0.04456249656913591 1.4692998046273404 0.8923546382858617 0.38062437858607107 0.3052378461578657 0.3596244650852592 0.7720052310733745 0.5635318130944683 2.3773416867152197 0.8256551919912153 1.2024893214513996 2.1885852993278907 3.6338045370355774 3.963032794539398 2.976108084470277 3.305603107150857 -4.940744628533997
1.6216977338239318 0.024745044009740532 0.004073479825286856 0.004229154599533513 0.062097334110553924 0.19999999676204075 0.12660646650372215 0.09855288502497013 0.060843696758787535 0.02067285548716718 0.0238839475499617 1.9590239140169736 2.0915160834431474 0.6437530013203475 0.42207447495937006 0.43910929904946044 0.8293211435849606 0.5615912009516988 2.2949515316952036 0.785600269246992 1.1373412932099825 2.0689182452485495 3.3833619335816936 3.696716963462222 2.783669951233386 3.076088254313481 -4.3969734700338075
1.9498887068698862 0.025440815050139464 0.0042345069894262 0.003954044798368239 0.05529110589435903 0.19999998291253115 0.12300490774389011 0.08916460120716602 0.06128083651412732 0.019237964539835714 0.024016114094306106 1.951024149313266 1.7977668925047963 0.5744243724794087 0.38786104689739515 0.4118275853365136 0.7936100198995343 0.5536785199104032 2.2658085374854857 0.7800176070362571 1.1175976026774876 2.0003604739892835 2.954546474646824 3.1920349860742534 2.4042065713993774 2.642182630314908 -4.56964944983837
6.580429005393328 7.39074603273507e-05 0.0021845386389478523 0.000767833026325832 0.15388265663957007 0.05293661295518767 0.19572239780097223 0.15680376368066692 0.07342303196007322 0.03702299567291564 0.05137763595730609 1.0286392362250432 0.870708473344281 0.38781258970882987 0.31650102263589164 0.3811643517523079 0.8476544076028647 0.6307609508817212 2.8346977010911396 1.041881452573757 1.7123546739919746 3.526442712302682 3.7208286665561903 3.999536073346527 2.233106526827354 2.246005023032297 -2.1442671888178575
1.9893045171211232 0.023863254595078997 0.0042348291436581755 0.003870260333269865 0.06260506688143137 0.1986549029317692 0.12801028311864923 0.09293892454605371 0.06282628504795155 0.019711763962534545 0.024313634302477086 1.9229269575328631 1.7847972412610829 0.5718940227655459 0.3849723484873288 0.41348378106004896 0.796391652182072 0.5691792188368346 2.3048857825494613 0.796153270672988 1.1519134911461897 2.0951241623600825 3.3785587717880015 3.694630086172094 2.775802449664745 3.0632874281450224 -4.511916629913364
2.1644473943839375 0.019244306018080075 0.004360219071524092 0.004104887293527829 0.06666446519129494 0.1761181241555025 0.130534770741305 0.09752900366744754 0.06378480166242234 0.018469139797044856 0.025808118648400494 1.8725275343518755 1.6612063603149712 0.5417984395515818 0.3733666401421854 0.4015872964438318 0.7939570685782915 0.5572183878474032 2.4366695130763167 0.7979281274757599 1.1566207482100388 2.0974169633081976 3.3803566825259557 3.7004850845050656 2.777527289039679 3.0807906485178496 -4.523096945002492
4.528370643929889 0.016264170378443077 0.0012514387379479546 0.0013507830591958222 0.039313548272351055 0.1504641266709767 0.04489279775911267 0.033050594959998125 0.07012096913879985 0.02936434158102452 0.03897574371920683 1.3125888629367402 1.0202662799179114 0.397507044607141 0.3053282560476624 0.3506171901113405 0.7546227603486559 0.5235577783525754 2.2531778277229635 0.7117517471895412 0.9634581432186002 1.617164507828421 1.4627819484287083 1.536425648057258 1.11852803378088 1.1872747081137307 -5.061390710157933
2.932924036124041 0.01437303059543846 0.003346534909280709 0.002938175440206993 0.07517243626663532 0.15004872362385416 0.11684890637331931 0.08704885766083743 0.07116014837883125 0.022728031464422763 0.0311267543721311 1.639008427232899 1.3368219053067503 0.466961848837457 0.33861989639581913 0.3749175701860067 0.7697061277603227 0.556672156811543 2.425316891139042 0.8124368253074056 1.1812936072869937 2.143025773102401 3.541344025723625 3.866820616331614 2.901759738841822 3.223054611163184 -4.6800024491875
2.9728424833919367 0.017583680992243195 0.0031564522260006654 0.0031635891174299825 0.07070765112758304 0.16854332126947416 0.11195785824994801 0.08850191541866982 0.07002831757373783 0.02276834728205319 0.030266643719475968 1.6757859137640843 1.325090656694029 0.46462597920988635 0.3348310106400063 0.3751034108961154 0.7795556873311227 0.5541286076077181 2.3293654293164714 0.8083016157878369 1.1720774711495487 2.1244018789337815 3.4344924335928537 3.759502772279499 2.8219492615073913 3.14871604546198 -4.7156558592255955
3.1161610056958056 0.016778330861129415 0.003273865051213284 0.0029035207810118586 0.07220195527404101 0.16345216182774935 0.1156099410314027 0.08558992238653375 0.07039608578440824 0.023043326887795056 0.03062384635183324 1.672185758297799 1.284496320670735 0.45533728789700795 0.3318052599344607 0.37242216447294324 0.7876493874932128 0.5542289344390656 2.3353410610416963 0.810419918428995 1.1762624024010382 2.1343412494567215 3.486701212487375 3.8121029710478265 2.868386771085177 3.183879257832927 -4.738966249187033
0.6513491478560035 0.029213810845607674 0.006581345599160012 0.005369783935187559 0.029649506023178628 0.19984486809102056 0.14081064317238817 0.08734580303114345 0.0467826107849468 0.01705899920052005 0.027794575502136997 2.4944552658484276 1.4726045753950008 1.2737807540890822 0.7573551633672801 0.7160399049783961 1.147755963066774 0.7039465014545632 2.4189894211384817 0.7490843805810046 0.9691868063258957 1.6325668180816866 1.7850131718533309 1.89520937172803 1.4028991772534418 1.5065821964723582 -4.625014455397232
2.2496028689679117 0.023414560747125505 0.004478262790412911 0.0035997383100143964 0.06119521453281905 0.19398680345707847 0.13185468306133458 0.0894228143061052 0.06356445644642214 0.018497461384915564 0.025902763588364193 1.8758136140978996 1.6137236008389055 0.5319706296556614 0.3651949182269037 0.3954820568803943 0.7760903351014781 0.5554703275490305 2.295053701516152 0.7956638169607888 1.1487873599114895 2.0696851928275573 3.25029165385927 3.5368056450114342 2.6632846846185263 2.9478894823492645 -4.614372156035141
3.6886988155429985 0.012504777028047125 0.0024369773643821376 0.004975926970599727 0.0654377601058995 0.12845544177579696 0.09159053053442903 0.10490250260572913 0.0753031594122523 0.025499502825128254 0.033578910065194256 1.5416682659552745 1.1535641456487131 0.4268036928795532 0.3206046501785598 0.3638279914940621 0.7782665184477606 0.5490907561384097 2.2845286730495027 0.7869015680231 1.1185706964495683 1.988870995674004 2.776156727458793 3.007773237793791 2.2368838045087345 2.4708797638400273 -4.850694996581328
2.434065190891683 0.021852763479256875 0.004090452521894359 0.00346601022644233 0.062220284205814026 0.18621343269345395 0.12449836654682617 0.08753900940371506 0.06546000072243534 0.019601742541671758 0.027224033058778015 1.8295632349391397 1.5206292126547298 0.506010769481617 0.35099285302698563 0.3843514391615839 0.7711046492434886 0.5474585544329289 2.293810890378976 0.789902466459883 1.1399353865998092 2.0551254364105227 3.180439175196856 3.4638025621536634 2.605686425926443 2.8781619087741763 -4.639150443498836
2.3060883960835437 0.016866174424456187 0.004235231394945689 0.003833667155091106 0.03182975883347877 0.12520434075642958 0.09084406650193588 0.05721737752016819 0.06599505045841647 0.018962797516816843 0.026737714459993792 1.802304803765738 1.5755915010749977 0.5173726846430501 0.3553496224669151 0.38513924227905216 0.7416207174666588 0.5208997228175325 2.2168356350319223 0.701408090393087 0.9417166577195367 1.5839776274833552 1.3962386287504875 1.4677741262275847 1.063543556695657 1.1300251591114296 -4.792699865250456
2.167950814496838 0.02332081259457847 0.004215921798750071 0.004288929578266957 0.06341844811562945 0.1975718991589074 0.12929119147889223 0.10087575319513162 0.0638327551283679 0.01950122649998831 0.025692152002034285 1.861546454921952 1.6547865776634765 0.5420062469529996 0.37141537744465214 0.3999075766618498 0.7876851245730527 0.5545635974512716 2.314190836136673 0.8000552097435486 1.1621830067453418 2.1137326846522173 3.452719477737198 3.7679235757807485 2.8477613646026874 3.1363536665498564 -4.564595203694135
1.819324292705012 0.02478470186590087 0.006965802999622157 0.011842572041828614 0.0255518554120063 0.18901611306460536 0.16359228947830362 0.17233000744556554 0.06195223822646324 0.02818658888075421 0.04340286975113388 1.2157845475904343 1.8884870215700549 0.5992883347818942 0.3981836851439079 0.42284015234686834 0.7984241701070328 0.5417479314447028 2.2050091463251795 0.7203325061221995 0.9841301917871464 1.7196498799846862 1.8830952048433314 2.0073957208389452 1.4314555975081722 1.5019275403688344 -4.3322335911692385
3.2821157522799935 0.013494074771934228 0.003002484776898972 0.004992160020463081 0.05430139332941643 0.12468022522756184 0.09131780334821268 0.09470158593366461 0.07425110094076816 0.023701599427339015 0.032026639383196887 1.5844587811098767 1.2377515361719993 0.4437000409079266 0.325121115000925 0.36493920428530247 0.7425414486759362 0.5364409511792145 2.219214127890113 0.7572124873854562 1.0576300339420723 1.8431760367881969 2.2060362298309983 2.3635144256188694 1.7463336611359201 1.9071929266249454 -4.882898001043293
1.485129681839411 0.018567457547702764 0.0018515113840544993 0.0003102548970319407 0.04460734233303922 0.14187714916286853 0.06251176333285352 0.027615487216473205 0.06689382529749664 0.029748251003505966 0.04341896979410045 1.1742893616813916 0.986798813002594 0.6758943804726321 0.43654146808428584 0.4448143891063456 0.8393528277990924 0.5476508787236541 2.2632533823076297 0.7125176596840995 0.9721811117276763 1.6592090749716557 1.681430081937398 1.779666290591011 1.3036621390699472 1.3949840897356716 -5.196481281036739
5.004525302249243 0.008828617164598589 0.0017712962371657782 0.00024912024599640513 0.08149977128991459 0.11238578663248334 0.08698387703842882 0.05289096830221686 0.07402874832022585 0.02740808775392869 0.04130743070021232 1.5732884647474483 0.9710772931633664 0.39843584518466324 0.3120325284760843 0.3640444538360056 0.7802586032175107 0.5652557291468988 2.4809077854167776 0.814360161912437 1.1778257630609736 2.118182890683969 3.3070704100419777 3.5923982770862577 2.703096517092657 2.974460971061951 -4.896792407812048
1.6798751227997673 0.023913978556831878 0.0037946188995978147 0.004549379885686599 0.06380605269057207 0.19995237880049302 0.12304000108608948 0.1050213425326348 0.06328815029111098 0.021179892585014917 0.025902595558914384 1.8429041300150375 2.023305767255921 0.6271346430399228 0.4144166828507764 0.4334358826009091 0.8231741940233002 0.5654633065422221 2.3010842304669996 0.7922445811713237 1.15034637380508 2.09422176879914 3.457704200725484 3.779623598839686 2.849586622325745 3.1775603997193747 -4.432642709534197
2.3029358589251787 0.02377694155638926 0.004289540903111839 0.003992732589565223 0.05520218197932667 0.19111427589197524 0.12281639630659456 0.08965603615703042 0.06268871775828967 0.01876803632963463 0.026091915634084438 1.8938217969853144 1.5846994474884772 0.5238879245281817 0.36231456251456257 0.3916676828534142 0.7943349042583697 0.5472374022185044 2.2660616978642154 0.7803836078397771 1.1156237236024111 1.9919515908950634 2.8628368875613823 3.104124184162312 2.3181542540898876 2.563113149928 -4.668390438623037
0.9136905480465299 0.02597684135109043 0.005084695943400228 0.0027978079895903487 0.05214665637803423 0.19929801618758775 0.13431032119480865 0.07534707576049465 0.05678955789667939 0.02082279631804596 0.036302737521909746 2.046815340230598 1.201464854653184 0.973666311092314 0.5945491194172957 0.5820633177444104 0.9755304473964719 0.6267275290935798 2.3125262817882053 0.7526834266305782 1.0476847622647558 1.8516443057511882 2.6172566061996925 2.8356469376378985 2.113358092012641 2.3306320077227096 -4.741039170040591
1.250943748005686 0.032597381734819214 0.005559980334020955 0.005530405429714194 0.017787774189539543 0.1999999997863595 0.11803553554785408 0.08058543902049509 0.05292663817276203 0.01784498067441664 0.02143678054824322 2.232289573604432 2.574100930349453 0.7606601164277775 0.4795774838380615 0.4810725315230958 0.8595160955009165 0.5592595871368726 2.1319698553583573 0.7001167248022662 0.9430242427195656 1.600737167880447 1.5183085922352364 1.593637398752729 1.171327844701899 1.2463504368734226 -4.49394678756744
3.5888419008323726 0.009492258457458798 0.002584484980021262 0.002343328375996115 0.07910369584456456 0.11793882941778142 0.10248108791816819 0.07795827905376922 0.07431597117141496 0.02518889647097852 0.033095765404648314 1.562181763578662 1.1732256500963452 0.4329702394133096 0.3231872476444111 0.3675555438284998 0.7829658266144783 0.5563450360300066 2.4697698591912003 0.8095609236686817 1.1751394067843512 2.116837848496996 3.3673405727352237 3.6761505128458967 2.760099839793085 3.069690531871694 -4.796266793038996
2.949953821792763 0.017066425295202595 0.003444060929057779 0.005955429659597217 0.05025171113417217 0.14698195367444183 0.09932111964682118 0.10683031688303819 0.07008580966701343 0.022280961123062406 0.03051693426308827 1.680418667934159 1.3250271453204567 0.4613462018946057 0.3297140906146324 0.3692335522508331 0.7715191763500623 0.5344450930185908 2.219410357118656 0.7532992688774494 1.050796423454362 1.8461451545793033 2.2524805722614953 2.4246881587034066 1.7854380081782233 1.9571903285093155 -4.808658298736484
1.2473796663415397 0.02809364366139523 0.003339578599175552 0.0022232699434591072 0.041945438659984326 0.19980194218300207 0.09690193708062353 0.06154270812332916 0.06388675736225706 0.02566341217203744 0.04104815710137909 1.829415878088218 1.0561095752712246 0.765987459433698 0.484495651810126 0.4853233969354373 0.892103986834184 0.5693533314932602 2.1974995916658226 0.7336422393703244 1.0167825688126748 1.7698154554337004 2.1123034219731713 2.262155380212399 1.670961996883727 1.8120728478913584 -4.985995445411609
2.0808100619577417 0.0264161161589335 0.0050049847149578 0.004331529161739407 0.03267163331956818 0.18790532530417822 0.11635185346753192 0.07422971552085078 0.06003339998766535 0.01746806258424885 0.024449887124094134 1.9722318925102178 1.7052110057485208 0.5504781894308608 0.37408286376549565 0.39685427401564854 0.7665620193951979 0.5325171875424448 2.1553074095176585 0.7277984248001004 1.001371455887444 1.7227794510449708 1.8342632222721627 1.9492705644048416 1.4281832108491213 1.5483273816213867 -4.726344827312838
4.6756063792873475 0.0035314003464881386 0.0029130878498800908 0.0038624310818754053 0.13504549294242674 0.06889682071271169 0.16448055695739724 0.18529173449686742 0.06858466389610315 0.026285889894217034 0.045019015681554635 1.6415741709968448 1.016025724541632 0.41493229291307065 0.32687683965744996 0.382767498633919 0.82839453125637 0.616472653532054 2.8523328064459186 0.9882314313177735 1.576695327164597 3.198441959521724 3.7264871252659626 3.9915728855857933 2.4446595579231025 2.456093455411324 -2.2389150332236185
2.0245423316772384 0.023707782420754032 0.004111234700034658 0.004872014360319102 0.0636636330450548 0.1990212091528782 0.12847573469864965 0.10973397922567273 0.06194052529172062 0.019490749236467042 0.024451716711803552 1.9365643263605696 1.7528501393363973 0.5652963597976944 0.38220611125865206 0.4082949106003658 0.7989823370100257 0.558066231984985 2.312672885906166 0.7993532792172485 1.1627313101839485 2.1242122199508047 3.520602164494464 3.8431560544137953 2.9078754619094425 3.212723189992268 -4.521083973737702
5.3033310268846465 0.011497485687847057 0.001497503624909504 0.0014579603728234812 0.08146490682185822 0.13286438178280285 0.08677976026787455 0.07736236685107467 0.07554035347578392 0.028306592881626156 0.04589083811382399 1.535918567516322 0.9468099278287281 0.3896145980481633 0.3070115281852501 0.3605458348162994 0.7658195362298701 0.5614538005900077 2.3700519899080468 0.8241702749311238 1.1987442106053612 2.176648696164845 3.595163351222116 3.922973896620354 2.9664088100326698 3.2866147347998997 -4.923110963219735
1.42948500199226 0.028617569689548622 0.005094084441453755 0.0059590655749270395 0.028975078481945363 0.19859859130147692 0.11695923776095117 0.09246809279311545 0.05326362651445199 0.016927541826621775 0.018494185636842405 2.2361353030079676 2.3021624816032946 0.6942840382639854 0.445991747726114 0.45478477385033117 0.8433349120796501 0.5518770085666367 2.278642602149815 0.7181392227357049 0.9850766239343456 1.6967687201231267 1.8107552581806936 1.9273376868482313 1.4132110481964957 1.5175597744878375 -4.446855079859349
1.5772775402087118 0.02684124329839124 0.00464779145147849 0.004586719190826465 0.04962073075496628 0.1999999999998085 0.1273425146641928 0.09368454941155069 0.05913255595249284 0.019362304591802736 0.02323153362924477 2.013917019600356 2.127761713763802 0.6526639179053108 0.42990995911539814 0.44142500254089884 0.8244592176602429 0.5613816848728846 2.2424543593326476 0.762336455887887 1.0837819980267203 1.9327839401947569 2.7100067565826955 2.90524839099593 2.1967846819003998 2.3999885460415764 -4.456520056189739
0.6438148223674095 0.030515722037823816 0.006155051565569283 0.005788027596843761 0.02070729350283692 0.1999999876221727 0.12761556842154073 0.0853446066777821 0.04535826446843536 0.01974658961180348 0.02685412678339667 1.8829313248828004 1.491591863247447 1.282522695146357 0.7622021088547188 0.719361255208176 1.1453818824578657 0.7010557075652738 2.389965986783613 0.7358288394953459 0.9344582390371172 1.5531767130356608 1.5037485694298858 1.5898309469013079 1.1610333347926034 1.2485743272229552 -4.734792897261815
6.873078755109081 0.008331152264894282 0.0002447710497097618 1.3647463055278573e-05 0.06171870087873222 0.08849819349462072 0.04025982592841773 0.033948784830819013 0.0789483026647134 0.03201795695449308 0.04785258488182692 1.480416634944453 0.8447734865114865 0.37078787918442413 0.2990059819812514 0.35208833247537114 0.7706763398039889 0.5358829370120616 2.2108495940215085 0.7496720244125372 1.0372621319460782 1.7873243499809435 1.9617756965303899 2.084403269469128 1.535831067348189 1.6585668801321116 -5.2237305110516035
4.926228952415941 0.009479662038647278 0.0018666459830438097 0.002979189748897211 0.07990979711282147 0.11898046902068402 0.09163180392793553 0.09409945425718072 0.07333217478246279 0.02746192766625925 0.04370730024162985 1.5718081861643571 0.9854489379909946 0.3955598998638475 0.308291170825074 0.3607523872839133 0.7844041446499198 0.5578012701335535 2.491663622552353 0.8156452721488725 1.185887754332027 2.139877253298823 3.449837749772711 3.7743248446184348 2.831021759347481 3.1611170184551334 -4.843837267982523
1.4503234527921136 0.02757367519419354 0.0019485915475444572 3.8787997774755254e-05 0.04453690320033128 0.19774548299201394 0.07227891506695873 0.03203584706480356 0.06322925407202873 0.02909747260962746 0.04337956585252963 1.1797541422524647 1.0300672367409605 0.6898014561361628 0.4460879446802676 0.45382429978098804 0.8166692981795869 0.5568507321699875 2.1800359103801794 0.733795574146054 1.0174493702828158 1.7691647118251033 2.066473211125218 2.2112302500549426 1.630156901396631 1.7619790505216644 -5.0836720480223825
1.4625590878891976 0.03206912256229736 0.006553086203931631 0.005505110648072828 0.006797753262187158 0.19884323810530763 0.12402219511316667 0.06925658620093182 0.04709437739200249 0.013531013153750361 0.01878356082770258 2.531187004411526 2.2529567864697304 0.6810801015518616 0.43741596196076193 0.44450428439739165 0.8283200810605643 0.5360976845487857 2.1871436821818087 0.6786852788383132 0.8991657340175974 1.4932624293418368 1.1997159905793668 1.2551091815822517 0.9034855151429726 0.9522978970074301 -4.587548048208752
3.8486312977155297 0.008100964005453746 0.002263409076032632 0.0018262787396544392 0.0828441123876723 0.11032609124489164 0.0985305275041561 0.07271523601295224 0.07590306724099478 0.026151182739474126 0.03428579502804722 1.524736875946625 1.124743734447585 0.42139827841108024 0.31720703865438804 0.3638757624561005 0.7877791305756913 0.5561998246266275 2.4866229833112574 0.8147971187957856 1.1881905370195267 2.146548613280444 3.4976435883497405 3.8114386450878643 2.881470336328447 3.181154561332414 -4.807273273057684
3.631551175636838 0.011895363667684131 0.002504487207363927 0.001978346785505871 0.07537984732072195 0.13080502079699352 0.09946597103235846 0.07127070261547935 0.07608903016810173 0.02531422845382004 0.033587971508523794 1.5257473329399414 1.1663127128964033 0.4320438273018739 0.32416420919291233 0.3680696378780463 0.7575005027562739 0.5565814259907323 2.3222215164698348 0.8083973880243885 1.164023473270166 2.083211883104015 3.2313576126213244 3.5146333808987213 2.65016633875132 2.9245778641021483 -4.8461549035559095
1.0923497343989987 0.02832346024138424 0.0050215192162675025 0.005918097240863135 0.023901069467198187 0.19286423823711926 0.10956981752469672 0.08667560842275612 0.05165714035418986 0.018899548493597953 0.021124235910146706 2.2728786019772924 2.8922672064771344 0.8395551187130632 0.5226615194857483 0.5172800474995247 0.9162801046732743 0.578643049198304 2.1624633803251383 0.7031690415531584 0.9441273294679624 1.6070171870512797 1.5705686407149049 1.665877460775915 1.2097016732517958 1.289944530783342 -4.4082514212832615
4.054437580850725 0.01109800806916704 0.001756767949269929 0.0030915026119052364 0.03211898674695431 0.08442915091654345 0.041997287316764206 0.044338813105372556 0.07713603246901055 0.02677360293059148 0.03562947100762082 1.502253680736995 1.0836113898493596 0.40796336488579915 0.3067817442961727 0.34936804690276735 0.7152550218477075 0.5117051618978995 2.064898781716122 0.6845076197825797 0.9062189048916138 1.4935199279006095 1.1480589079530363 1.196152835604902 0.8594989302092482 0.9056922730153926 -5.1371764464785645
2.2874554554838062 0.023992989085418866 0.004317041532039244 0.003671080473185201 0.06294235179369599 0.1999753589615186 0.13097433532728953 0.09203901407586511 0.06280810778907728 0.01912431522657626 0.02549402869587728 1.8935837932569253 1.591146032688258 0.5270707853933104 0.36374833937573825 0.39325580011795963 0.798426925315117 0.5536121694578017 2.3125464278530763 0.8005625544918432 1.1628710320454447 2.1159224689200937 3.436658687366998 3.7400110685899 2.8300227819717447 3.1201363077312494 -4.602653379813794
1.7145724824314252 0.02507217250994026 0.0048425049087618514 0.00505367308566576 0.049088526620744206 0.19613965961224142 0.12836963952977432 0.09807495538882198 0.056502608329264625 0.0172251933550057 0.021874438400431562 2.1285618837630027 1.9883427306967163 0.6201424299028367 0.40965631001844377 0.42785456312931336 0.817274533035222 0.5529836050082304 2.3604995960958526 0.7603893870281851 1.078449468631767 1.91740451092845 2.6192378270867724 2.8344421373527378 2.1085401012784346 2.29844743075476 -4.465801356505135
3.9962735662372046 0.02625516991659159 0.008635508895457604 0.011314742411473216 0.028613534607739143 0.1941137474192307 0.1990892572146956 0.16581817419510642 0.05795523701152264 0.0294362825242635 0.041968655272614924 1.2368273785759654 1.095363925638777 0.4178124311614589 0.3151304137476062 0.3679717044500282 0.7598166131777587 0.5583378814863882 2.223940918527368 0.7552433430114254 1.0403614811642714 1.8480132753664833 2.1504401595032947 2.3309875148448014 1.6954918155626097 1.8623532271245535 -4.472391214717299
