0.2853576443886985 0.030057661275757593 0.008268959436584993 0.010477074579453526 0.0647082307417928 0.19819810419688658 0.16728637940312532 0.19288809413418737 0.010842586578775378 0.0064144812812391185 0.01059831933758174 0.872807934037672 1.9826219703834562 2.5697977258040763 3.7686823153322577 1.7735324418251297 1.8361534679459097 1.1378689128054313 1.1863125742959006 1.2273009640739911 1.3485773880237701 0.8403734130092101 0.6911391985306896 3.9196267531331093 1.3677707605693266 0.9087661138407132 0.5822792768197155 1.6511181757023699 1.4315115028105545 3.475982028310114 -4.0787783178703485
1.828243633479574 0.0226708849700066 0.005056980117703295 0.006949595997028922 0.060156159709597944 0.17924221709694754 0.12364189066034809 0.16042672019418486 0.02123999896408823 0.008972500282595362 0.0147962980377444 0.47438623911681665 1.8151908321764485 0.977119700801123 1.6109930058498645 0.8135755069746772 1.109302976478755 0.819313394807829 0.9803233351518816 1.1144751625003173 1.2971093500591817 0.8551536605720423 0.7282062288919681 3.938092146214025 1.4832249383217915 0.998449829988685 0.6434790503995476 1.82569715699147 1.590606653969223 3.4761600564039306 -4.620247147476199
1.397332468613079 0.022595133786260643 0.00462958911236382 0.00833488699082355 0.04511223302568602 0.17184749435329652 0.09979044608768299 0.17133034408697995 0.021799725625165217 0.010220616634570958 0.015745477203540935 0.5007250222571269 2.05191577436509 1.0305783973680565 1.6875641035807998 0.8156160492810172 1.0702269305708398 0.7742731184634054 0.9193886978045019 1.0201619883861204 1.1668629309565381 0.7580901342002323 0.6312099094074535 3.607049423110129 1.2653730505685181 0.8364838279566801 0.5311109189883516 1.480896457302397 1.2668507782822482 2.4596549207810603 -4.619100856280822
0.9905202893988287 0.022637286068653673 0.0053025799166974 0.008197907694068795 0.05350216796916611 0.1773359467449622 0.1214224104534633 0.1753024644680794 0.026890776849199462 0.010515406822840995 0.01659916199489628 0.3661688081448405 2.7812901972871504 1.2033982077510843 1.6766114229843567 0.8913828392214795 1.1169847312790726 0.7910051959470854 0.9296629841857544 1.0425244388444386 1.2029419872740241 0.7816818242239622 0.6619710802750338 3.8242072882495965 1.3441805748952516 0.900527018712796 0.5717871960488127 1.6244107895552164 1.4049308569708037 2.941049823051156 -4.540448203577519
2.552782977189421 0.020821584466980073 0.004855960044936836 0.00729726268588582 0.031249360591458483 0.1489981952546346 0.0936532079102416 0.13783170968088915 0.02289740453154463 0.010555106754994294 0.014675895829151728 0.41056013810566466 1.425396547014798 0.8769108505600663 1.4943271993873022 0.7607808655931624 1.0332664171218546 0.7440428734489618 0.8649146514831582 0.9545804195788532 1.07615100147806 0.6898772011340685 0.5668593786569435 3.1835205866876297 1.087937237914849 0.7138577104304471 0.4463909489559083 1.2195724560940133 1.0240786276436606 1.7139753192269658 -4.909506959956334
5.5920535667802715 0.02016009277758239 0.0035671663244942653 0.004831460787158154 0.05368296043152419 0.1628831870171762 0.0862719067646553 0.11352497819543558 0.02269584452921255 0.013069583828030208 0.019130324927405816 0.46347261759666963 1.1073756745325356 0.7739383862328523 1.3330317509659027 0.7947161750278385 1.1012689346146145 0.8097436172146796 0.9566550717230616 1.0776453405488478 1.2336286899405366 0.7985781425125509 0.6721652518221672 3.8478482456253484 1.342132501665828 0.8961025624907022 0.569454361462397 1.5860984240197242 1.3722276174305612 2.668809149189063 -4.894983587944053
0.35515928980611544 0.028397976194437943 0.00883191163371333 0.010455469054273182 0.062424383851333594 0.1998987875547536 0.18284264481929333 0.19954548257395507 0.014310518782668365 0.004782258226822781 0.008275749575942641 0.6769155659879958 3.977754633168235 2.5434046927007334 3.157272915504793 1.5070013965993327 1.6144912427651157 1.024529148170488 1.09444144140314 1.1531852192957277 1.286183502804427 0.8178258844098131 0.6763702755448575 3.9024801467875236 1.3700032347467603 0.9243015994963477 0.5906105943721243 1.6999813403195148 1.4775468792445106 3.6118572739589543 -4.074882438627643
1.243182804936469 0.02078951798442611 0.004478174315677854 0.006811241289835173 0.060692120508435615 0.17125007744025114 0.11074392018586737 0.15656403859037768 0.02946412626647748 0.011891225249115572 0.018841764974913938 0.34554022267760276 2.22874053259163 1.0688935051052615 1.5460069437574266 0.8458611374190989 1.1044557096612435 0.797875988638296 0.951731408826182 1.076632166456204 1.2501570201711387 0.8131163846409262 0.6886958884430817 3.997890668542714 1.416155552522371 0.9515020243879606 0.6041716717710455 1.7219069709601535 1.5017321808702013 3.2337498577668216 -4.592326075661216
7.473046677467424 0.019728145605608517 0.003996332109643336 0.005315608046562788 0.05020757807389058 0.15457546206296074 0.09288292126162383 0.12124997159850204 0.02143201621205856 0.012205310579389755 0.01863144876501428 0.4485667466191765 1.0668661785168732 0.8287384041481162 1.3327486744320949 0.7904566324460909 1.0955067890968297 0.8031661194752264 0.9467835478395457 1.061683251141296 1.2154615120952617 0.7753764317569064 0.657906374226605 3.7491439200316776 1.3045942917765827 0.8646578904291583 0.5485184372526437 1.526001722073589 1.3107782880269203 2.496269610539037 -4.935366678502727
3.023314005070666 0.0189748785952514 0.004216375635822986 0.006732668098146197 0.04642433940061493 0.14289216790280618 0.09093723355201952 0.14016235310359135 0.023637245110811465 0.010900694266677544 0.01542955634401692 0.3810514452277605 1.3248483269833713 0.7996143396131209 1.5118972932850623 0.7799685125717285 1.0706623262126287 0.7822296049588522 0.9188466353641667 1.0269238852952027 1.1691089021606353 0.7412779663725305 0.6293483112266454 3.5880073498940113 1.243453740774695 0.821588308499924 0.5195422084221515 1.4472028030465915 1.2357305640323317 2.293049021063485 -4.861581925756145
4.041685063218123 0.020189953926612245 0.003945234003199861 0.004912711926668168 0.058134470918161145 0.16374601324090413 0.09787924905538238 0.12054191148970884 0.02058626640119126 0.0117136329317637 0.01958804288122055 0.49864009890674793 1.253093449375277 0.7860093635228982 1.5283606667682437 0.7963205788574746 1.1103624592131722 0.8193969629339556 0.9739298256685646 1.1010452457162463 1.2679268182445385 0.8155046112728129 0.6994316850050241 3.983335731944381 1.4084290845948981 0.9425596482280744 0.6024538044431305 1.6862078086789305 1.467735909767795 3.006182440712504 -4.801083224709334
3.8568202890756385 0.019444422706606877 0.0038571601982229724 0.005398307970563945 0.05848581810033995 0.16059045861394275 0.09705023530683177 0.12942788162972352 0.02557039831798544 0.012590074841883306 0.018463398967972524 0.44730009530914583 1.215136519747607 0.7867821164380867 1.3375218535263607 0.7947257108645792 1.1080121036806572 0.8187327533330633 0.9731681106512066 1.1024498094324127 1.2671847037120791 0.8088742516160667 0.6964261081601031 3.999705885128252 1.4061705467363577 0.9386835829379094 0.5986106838476323 1.6854230631742144 1.4657150700369743 2.9956868879198506 -4.8500883244964585
2.841249731028129 0.01737592027434802 0.004335305022774754 0.006605833508109464 0.0362105255837964 0.120998497009915 0.08179441785990303 0.12690961570432124 0.03088796720844435 0.010987275091688701 0.01626141789518174 0.34398631337275287 1.4208374120300094 0.8615085763304895 1.3077832534153488 0.7625668531756327 1.035365046253879 0.7471951388958427 0.8685972996079196 0.9623067338835465 1.0806685120121335 0.6741676882403649 0.5678035901270572 3.196670157956204 1.0941675193732991 0.7143068953234561 0.4442610107732201 1.2294358510327952 1.0362934848832623 1.728781352032909 -4.985399549340361
3.7588426447009313 0.01755919550639676 0.003945403261752706 0.005648707614081517 0.05835608999095275 0.14329342587353494 0.0968777611802513 0.13212470820695704 0.029372489386555137 0.01236719014901497 0.01770057271110673 0.33236229328109074 1.2232098621010108 0.7857481732694022 1.3323416084830941 0.7907646544263692 1.102442189618909 0.8123940843102053 0.9652365548914481 1.095152196521804 1.2521651934783915 0.7959673444105876 0.6858948552112932 3.9425235533320637 1.3799104915851115 0.91934041346624 0.5845855721738533 1.6476588355310622 1.4341931987693668 2.861790888577316 -4.890955263032649
3.222024119448644 0.01769998998269865 0.004238111465302745 0.0061351591610814766 0.058375537891961954 0.14526008298152368 0.10255004656999839 0.14092648082733017 0.02987855565433268 0.011411621260398842 0.01696479364448291 0.34144874525510377 1.3597570679226791 0.7981478078250404 1.3356623896623252 0.7899776489897445 1.101060465834143 0.8123610792843646 0.9654661338667769 1.0951997211236566 1.2553325852798716 0.7989775257194108 0.6887314498311026 3.9641839483767174 1.387925016137267 0.9269498849124732 0.5884206892813602 1.662750964992237 1.4473716086483175 2.9158980090289335 -4.8539180181187165
2.150100209614117 0.023292973311669764 0.0044960940516375674 0.007707192881753212 0.05725866664030745 0.1765593455926906 0.114215638719035 0.17407651276909297 0.022939132404495608 0.010515323504741776 0.01545149623599613 0.3966477796629706 1.5717580607263468 0.8682331224138031 1.3777741235259235 0.7999078989654066 1.1058676904935296 0.8180153430188382 0.9790142233237288 1.1127812448599157 1.2893186864668804 0.8290135601151302 0.7167511403922397 3.004296514137409 1.4645025627690986 0.9842925463701352 0.6259866677813054 1.786143464136147 1.5633917668811264 3.3335510899760195 -4.652154313126363
2.314488140945416 0.024187542229789756 0.0042319837685802966 0.006374881299664949 0.04470629473013278 0.19827689044804583 0.09480212172206046 0.13688204344517546 0.02466426814958635 0.011646488905997019 0.016704234479330966 0.41514766931037533 1.5828641586219645 0.8423907119704737 1.346985106923806 0.7809247701819311 1.0711585627601663 0.7835400473684643 0.9250049608687199 1.0408891563467753 1.1861139484272452 0.7519529731223815 0.6411192882636959 3.669799779469443 1.277024930488772 0.8468612118540595 0.5404553744430423 1.497905346935154 1.2890051390383634 2.446078330999292 -4.788080640898682
7.727428686651634 0.021537324104063213 0.0036517467639783706 0.005244424241996954 0.05384150220757429 0.17841625295525784 0.09038839308533524 0.12460046982526446 0.019914257407533387 0.01263592885139509 0.01834500950885751 0.5259122915083155 1.1149284592634354 0.8328063434491756 1.3409925405520349 0.7978978479076635 1.1115700801227217 0.8180227300676204 0.9704721587321783 1.098793117436535 1.256289475369319 0.8406924115785687 0.686074698605911 3.9425906249644376 1.377111344395231 0.9175107994645239 0.5835766131814052 1.6391236804056337 1.4208516040488657 2.811899746936299 -4.88261433765847
5.761624729625243 0.02130674914122442 0.00344039006264507 0.005168303521062662 0.05348716670994006 0.1765015157022686 0.08600360324323614 0.12195856924895482 0.02267147982858578 0.01375533023415159 0.018462145568754133 1.716938723361089 1.1018079054980414 0.7740750130488184 1.3345922291195196 0.7935973252025423 1.1046628173083741 0.8121606543566559 0.9628323445965575 1.0892039685133286 1.2441582023207962 0.7898413048006648 0.67823616782112 3.894675802817841 1.3591812849581546 0.9037294082487448 0.575031397372529 1.6136595950889907 1.3975395866809155 2.743665274110518 -4.8674925483812
4.126920980212447 0.01746593638709193 0.003885932932266463 0.005562325563298086 0.05277459848226127 0.13676931378109897 0.09007953681812093 0.12472892140346553 0.029183429031825768 0.012476559705678581 0.01759735362423379 0.3171588123587967 1.184183265225901 0.777008460778747 1.3202483496626998 0.7840653970045991 1.0871869802614 0.7949913942274505 0.940894214075265 1.0620891450645575 1.2063853420646755 0.7620867861650495 0.65083145354599 3.731536479597982 1.2982421048285189 0.8598767704883651 0.5415964246309313 1.5315289075096934 1.3171592700379091 2.4956302812545235 -4.938221425867769
3.7040012335734387 0.017529342833670122 0.003969675960589255 0.005250004198302508 0.058390890428126334 0.14272973871146002 0.09699006461221851 0.12436697894271367 0.02953430735051746 0.01232009882284024 0.01845184174861917 0.3176861810582095 1.2290552156887773 0.786403785279269 1.3317113237931109 0.7900826148445275 1.1009837534329825 0.8109768586952817 0.963251433386383 1.0928042557537698 1.2487692675175146 0.793379007923772 0.6831964115465934 3.927776098417637 1.3740701152886492 0.9150140947826201 0.5806357047366141 1.6387655409185355 1.4255704355725713 2.8364956075660825 -4.8926001932432
3.976211247269842 0.017267877266046505 0.003973715661650061 0.005619616583381733 0.029621858519159844 0.11233440397265615 0.06780790643295143 0.10211730745996113 0.029625624568328384 0.01190898995888819 0.01729651283499661 0.3077949167462281 1.251847757674621 0.8254630932267278 1.2835128340604365 0.7524727580294793 1.0193231316594422 0.7300031705384988 0.8426687531401358 0.9299481426973687 1.0307637496594275 0.6363939220940973 0.5326246362408052 2.97423413991442 1.0121345063089877 0.6557171786354694 0.40295656016308984 1.1068344710014704 0.9325498535704679 1.4359624737417738 -5.093041253901688
6.634009527789038 0.017612147796007654 0.0037441287085094783 0.004916370458657237 0.046331940798593145 0.13086553447694982 0.08036733389095702 0.1065838230940824 0.026732817255263407 0.012491423102872627 0.018819646417773648 0.39019372001106367 1.075030706927162 0.7658618261578409 1.3170468219194829 0.7794362609759373 1.0733594298496993 0.7816024008091373 0.9159162145470435 1.0260929167845942 1.1579248211272855 0.7270932378361681 0.6176846050662563 3.5078321572945375 1.2125513466581959 0.7984121809799091 0.4993344561152299 1.3921573638121747 1.1936471937913937 2.1251559843302252 -4.999278758481338
9.94133742155667 0.020982034762918687 0.002587695051009282 0.0037528639551156332 0.05814998677627698 0.17334282856412062 0.06766540533932393 0.10019584627006396 0.018938380487450657 0.01479740918079913 0.02200165777983733 1.5342063535190609 1.0540090406635747 0.8344422409372114 1.347280183748348 0.8018227567775322 1.118282673323606 0.8235261894700034 0.9788187831625654 1.1062886132606917 1.2702640533227323 0.8224343292883383 0.6964140161063515 3.994482107714589 1.4022123559960424 0.9369227557822414 0.5935264874255812 1.6722688692922283 1.45038967477089 2.901407399031906 -4.848847423201626
1.0793372985343823 0.02271877446553762 0.0049002103325145735 0.007823282993392872 0.05565818551599935 0.18624552783916187 0.11567201268602635 0.17015467527776845 0.028046511198565296 0.01086060058209219 0.015902504987522038 0.35051004299517285 2.4702516993221524 1.2379237072366103 1.6223810274038715 0.8693323560626901 1.1074395653676696 0.7938841216561665 0.936355044394458 1.0568922461759158 1.221115291576224 0.8075901057844977 0.6752344886345177 3.8989978591629377 1.3760163017047313 0.9232758726371458 0.5926315742570102 1.6692216465345597 1.4525769564104096 3.070152678472922 -4.545780660114363
9.368595375900679 0.01751329582220079 0.0037505709212786384 0.004043021445724028 0.06006554778295984 0.1429377312284298 0.09344254025197307 0.10484954426543024 0.026259017011548758 0.012310982806918813 0.020978299150122816 0.3467089235105268 1.10405101733699 0.7768544422901794 1.3452973377438633 0.8010705075055871 1.1173046665937179 0.8238175127909441 0.9779840406713401 1.109422210677212 1.2685229935322562 0.806297832581774 0.6947895349463175 3.992017396938944 1.397124756131616 0.9306341972469063 0.5920139628180245 1.6680479825938623 1.4507409209627256 2.89186875302174 -4.905732424594828
2.9452699547783596 0.01774818353575556 0.003971643424043843 0.006330508910592026 0.05256499497562898 0.13971701754733434 0.0921088950254527 0.13875595339680605 0.029992052069600834 0.012581400315407708 0.01702637682626628 1.8870007140720118 1.3407085679274355 0.8046490278048081 1.3295383969359362 0.7814127425072448 1.0813847736074342 0.7926414778047366 0.9370689879620875 1.0554739168246823 1.2041992127272472 0.7631548073933461 0.65262289427353 3.7375327070936706 1.3010044257204767 0.8629334548296042 0.5449288062507628 1.5311964099934274 1.3210863515856344 2.5334498567562425 -4.86763381515854
3.5930836268745208 0.01969587032154711 0.003906823449052198 0.004339744859795492 0.05948650775409265 0.16169702794241791 0.09750910102549336 0.10994037038928778 0.024579005108617966 0.012494152712675762 0.020604327352657905 0.48363367319031353 1.2456622125181174 0.7926143391501741 1.336682295960972 0.7986292428294911 1.108583062567687 0.8162499330083604 0.972308397961496 1.0998165660380408 1.2664928372518311 0.8119805014470483 0.6940729364974637 3.9954486293241667 1.4081367923010104 0.9417588614927046 0.5976358448337393 1.6952787037320167 1.4678733562347754 2.9915688042416653 -4.8311890722109245
2.6002693530499355 0.017574953284414496 0.0042747975999621254 0.005555235728638015 0.04846486187522426 0.13379572652672994 0.09213004930185552 0.12082594380922061 0.03109601358370075 0.011474007202662277 0.019403969636192772 0.29478560914546376 1.489148212008163 0.8807515631711458 1.3287590035011083 0.7804148461812334 1.064646831797296 0.7775771686098351 0.9128387068645318 1.0200471334273031 1.1639578514734863 0.7352223426035683 0.6260692660320627 3.5570545147876595 1.2305506967642577 0.8123252598337004 0.5143311088830701 1.4341609388468386 1.218670616461405 2.258065952924239 -4.877663240979938
3.4101138301338714 0.02088393653754818 0.003947843851495168 0.0061313890158857616 0.035011064074330724 0.15491995919476956 0.0768126239384047 0.12054550716253201 0.02604574646289348 0.012278324278187046 0.016845305040844166 1.9604196385911972 1.3225609623096182 0.7805531344390676 1.3017047143164913 0.7644211608652586 1.0433855028331567 0.7538085674770445 0.8779754241894343 0.9756426893943997 1.0958630302148957 0.6839723062551384 0.576737719468824 3.2545091067308154 1.1166908168871745 0.7300761911351348 0.4565925938089193 1.257723626678425 1.0666887839950279 1.7980481239421697 -4.952314752556315
3.7326112306993555 0.018689608512648705 0.00396649146406531 0.0059230395265993585 0.05194489388769516 0.14692316242758355 0.09209244727448558 0.1320867257066116 0.026174956050572677 0.012229797002845693 0.017646538197210078 0.40341579034389335 1.2642390177614156 0.841782962410554 1.3254545344684145 0.7842785008050595 1.087493894926336 0.798030257940876 0.9422224816987005 1.0595375024424578 1.2107566861007957 0.8043386669383503 0.6582389686821049 3.753064332098953 1.3091927231964544 0.8686884486648839 0.5490454334731072 1.5389212857500678 1.3264873285798169 2.546872729390463 -4.903116494848679
3.0858276407189784 0.01756308626925069 0.004296361419593473 0.006313611830541408 0.05891444768401683 0.14482903181365447 0.10419868035441263 0.1446352063660774 0.030434743013772355 0.011239968742062552 0.01672542277539493 0.30250718369519247 1.3843272260516153 0.8027543886755264 1.3377316724260158 0.7903104734751288 1.1016553766880837 0.812669526763406 0.9672241796352928 1.098688816179409 1.2591680206470701 0.802130715623563 0.6913556467448342 3.983523324838782 1.3958855732158009 0.9321838422679561 0.5921992127112218 1.6750713442891956 1.4602780143187104 2.9571559082910293 -4.8439022305213655
2.870719230382745 0.017478791029971654 0.004242770495319585 0.006279088927420164 0.05059948130054554 0.1357272228114293 0.09472609679936853 0.13577572797440712 0.031018604998556104 0.01154361199554393 0.017023584325915764 0.2980997670934532 1.353948301407843 0.8684338256932318 1.3270192439052715 0.7786458260904396 1.0749715304318757 0.7865493386057175 0.9278759456981744 1.0456686311928625 1.1875053320990403 0.7497111929849528 0.6413033039292797 3.6625458950609597 1.2727364757878885 0.8439891756393599 0.5309977313881535 1.4888306504584796 1.2844668249922946 2.413256748593314 -4.914286870721062
2.03665386327705 0.020041697374613775 0.0033085845899627785 0.004459711751639395 0.060311148512893036 0.1641615322624145 0.08338684145124979 0.11320671181356064 0.0272404931650342 0.01354104028745093 0.02195439752051488 0.42380157997656387 1.6222680726820904 0.88001239388415 1.380399932673757 0.7957664713358442 1.0922296278458021 0.8075318817365711 0.9570021707849204 1.0822921120806026 1.248167988765142 0.8250604472298563 0.6929510730858174 3.937096669707641 1.3911146559655885 0.932077113157562 0.6041104462434549 1.6727656431854339 1.4501812732348254 3.025623032933989 -4.694186995245058
3.7682917217540224 0.020562379045453265 0.0034864024544480187 0.009056230276002768 0.03907510427648105 0.15527766789113995 0.07509203841757378 0.18784840148219267 0.021654124318533065 0.013854207838705935 0.014183651142792741 1.529365139444015 1.2202775493109734 0.7811779459484188 1.3127201153356818 0.7734890800480482 1.0636126818135168 0.7717342186456552 0.9057827903143214 1.0085201006981048 1.14513036498834 0.7436993753564057 0.6104281638179817 3.467183073332381 1.197387969661516 0.7876497850151282 0.49860913132696927 1.3723450973196518 1.1664620042319638 2.0886078465119517 -4.82520969187649
4.321728354507539 0.01739974438254368 0.0038408246944833034 0.00553569971473376 0.0429740578374305 0.12644862495795045 0.07921260174673503 0.11434386985999395 0.028952039346698055 0.012506586514929861 0.01754971444641827 0.3255408269447613 1.1654954030120537 0.7688923040666356 1.3062941735709972 0.771079620975819 1.0586585267689337 0.7681837477357767 0.8984095747118317 1.004437944486612 1.1289946994995128 0.7062690626986946 0.5994900853794176 3.3906481697190105 1.1686488702707034 0.7667554093338316 0.47882362925917615 1.3308345046711048 1.1380207395251625 1.9732071576671864 -5.012287853679787
3.372735189338556 0.02403626221052491 0.0041931568023819 0.006240571138225596 0.03725488554047955 0.1875053075489273 0.08632193156042117 0.12841962761391384 0.018255421417028416 0.010868625017073858 0.016763707205292157 0.47503200485586633 1.265303747429604 0.7854153424362396 1.5009613998167917 0.7723179367224489 1.0592453043702172 0.7694698153293664 0.902255956440919 1.00684522941639 1.1390683399801214 0.7157862788134947 0.6056108479223931 3.441406405676189 1.1894448883208641 0.7826806623986079 0.49278582623404577 1.35669858398863 1.1635640952769788 2.0608935040841176 -4.895073249967159
3.179686529124154 0.01750597051988314 0.004217806225852495 0.0063261435889762595 0.0531168533644727 0.13866763675764351 0.09693647170721124 0.1393609779137199 0.03039596445805945 0.011445976815856592 0.016837555583917176 0.31674459877212036 1.364961954577972 0.8569750679876975 1.3275721383593462 0.7839395582362229 1.0853199202447128 0.7961889850650986 0.9417588527489034 1.0588901962596038 1.2111925185474381 0.7670411232947703 0.6576008860976132 3.764856496061371 1.3109000591348712 0.8696710276640925 0.5493441934447147 1.547746315598681 1.334182892218081 2.571377503021524 -4.891798625341357
2.749256243773374 0.020446205499992917 0.0042434328970724485 0.006286902578817763 0.05618750617766508 0.16712039792875938 0.10164863177578473 0.14212266737602205 0.022632565061731433 0.010589353791677338 0.015663688284048797 0.47338572207515894 1.4539835613707706 0.8196618900731151 1.5361679653529219 0.7907123060020502 1.0991100545455759 0.8109348391583738 0.9636696533577115 1.088841784533075 1.2555588249919791 0.8079362369494971 0.6899836075161387 3.9597194743763873 1.392713688176166 0.9295801468520284 0.5910681011654493 1.672923043764629 1.442668771011048 2.9518696019766404 -4.742945037579719
0.37615078738570384 0.030072655541939497 0.008780340211110623 0.010100892547983811 0.0628930789665544 0.19474397471726146 0.18843610652698653 0.1994707052673103 0.01410317980879627 0.005192097004936695 0.00936908880118528 0.6157212445029152 3.9989152619016473 2.4388866277981776 3.04346010700329 1.4627016881465482 1.5667816809246218 1.0052429750116272 1.0807287588002052 1.153017549640384 1.2844649456642578 0.8257544137306803 0.685374966578926 3.6534736823447402 1.4020451379767693 0.9488992942206879 0.6059950742989245 1.7609169030216445 1.5408063424389622 3.8849632892379287 -4.039292580197281
3.8460664821174726 0.02035089032030119 0.003898505221140776 0.005433047970389997 0.05318789400063736 0.1665204660301203 0.09333381939052453 0.1255607216731221 0.02531587601692961 0.012480089096655442 0.018472477362854213 0.4273637612698217 1.2140342394602401 0.783989084330071 1.328290415681129 0.7893690197635507 1.095241929439263 0.8035026177973101 0.9533956955934467 1.0740986317648673 1.2299188833270676 0.7845612740777204 0.6672480321018959 3.848825358416251 1.3430031681935946 0.8934202202081083 0.5639776125084585 1.588991870573974 1.3728008482485499 2.68905682634426 -4.871541622811896
4.380723102659607 0.017484904221513595 0.0038232348079216753 0.004695501694133362 0.05992779824084622 0.14323299689008118 0.09528006088824367 0.11621165095984995 0.028837888306155322 0.01270026683240287 0.019956348016604078 0.3211628618446741 1.168812666220914 0.838419898390023 1.3342455702686749 0.7936160099766889 1.1073330257942733 0.8163185236963856 0.9702753730491178 1.1015731201447094 1.2599714041330552 0.8011407396504993 0.6903991464762924 3.972182287729188 1.3902135063513188 0.9267794838414144 0.5886758321294735 1.662683340483286 1.4473473795844707 2.9005803818825777 -4.905666392333224
5.141468627552128 0.02247183867086109 0.0037587663769438283 0.00476271530946628 0.05234898538698718 0.16892015201351304 0.09122763225101031 0.11708775174112272 0.014646196904962001 0.012488295360407508 0.021042880953802252 0.7388464981268437 1.1260082676028944 0.8318089451493381 1.5254853267518607 0.7935493077032891 1.1027507649901716 0.8108746139575148 0.9605119625077096 1.0829915028759127 1.2433081928397254 0.7902375033790535 0.6781579024284641 3.6730294336950915 1.3575450813700873 0.9040356925048041 0.5717052187220217 1.607948080614188 1.393601400883613 2.7417469643425787 -4.88641993336776
8.97827272261086 0.022899940439993795 0.003543909101198696 0.003501748828249813 0.06300252779794706 0.17917674831322758 0.09755057356963982 0.1042563274023067 0.012754011124519004 0.01305214657198082 0.02279549304908795 0.7717190255385716 1.0593961661367433 0.8407629722247898 1.5576213405271209 0.8136807204161901 1.1415259381804772 0.8480601975515808 1.0138181415728325 1.1607259044188778 1.3356635295822443 0.8542949348099341 0.7441057945766936 3.999999994305092 1.516758092944229 1.020350573520624 0.6519135497873784 1.8548036976916715 1.6281422178682323 3.4684161431935316 -4.862571334977353
0.6138586000703652 0.026066794735342284 0.006978493078395683 0.009396894146423349 0.053443006551905675 0.19821613020662862 0.15559183809815652 0.19312184669031687 0.021021373778951923 0.008031147743849469 0.012786825028709163 0.4506653184545078 3.89488130013593 1.6470436630650975 2.1507339121138953 1.0809842845649067 1.2459927515962625 0.8410156016276418 0.9488603239332326 1.04578323190479 1.193532507160524 0.7786835717675975 0.6539679880793512 3.7993866039825326 1.3416279037277696 0.903613447522763 0.5770105489680224 1.6478266889886026 1.4351528929457293 3.1698495567329377 -4.373538278448223
5.089930833797588 0.018841406387655645 0.004068568482141331 0.004497547370579077 0.04958892267648487 0.14253795370735473 0.08972966544857065 0.1036442567655522 0.021091610133424636 0.011101422130473366 0.020544022723353216 0.43892141945215485 1.1781907342958196 0.8280001890078387 1.5127288397282186 0.7832875435465319 1.0829766944438606 0.7911681660734994 0.9318800653506779 1.0447214609913429 1.1889658774595513 0.7518151644225456 0.6399652142207368 3.6490326631204124 1.2667099251575011 0.837449688771698 0.5269554764718031 1.4739513828031923 1.2657026729708485 2.352961167986794 -4.9067870657632096
6.77612188411631 0.02153596158527722 0.004831642539946755 0.007248279731620636 0.047198918261501924 0.16716132619709792 0.11296087403512013 0.1541230197533948 0.014730754339624895 0.010273041508373434 0.013021635227661893 0.7763534883680654 1.123615105557623 0.8266322440035624 1.5235060563202236 0.7936199343161151 1.1009399096680945 0.8085925943295991 0.9528307868940844 1.069181099507564 1.2320234597300788 0.7890126104051257 0.6700034510311091 3.7872587584484623 1.320842022235812 0.8836941314389205 0.5635135871950716 1.557777909092526 1.3390164678247016 2.585892709781306 -4.807107872858409
5.694304736600536 0.021356384934781574 0.0034893138600884032 0.005410271383389289 0.05094795041846009 0.1680216788313965 0.08374020550436459 0.12444988521113108 0.017183448873145615 0.013223724093656766 0.018666653648442444 1.8187889102470032 1.1541476880321828 0.7743619919106226 1.5226599844499826 0.7897234646725602 1.0975430121191514 0.8066965193538693 0.9535672225490046 1.0690811517003245 1.2248420175997239 0.7859038423235217 0.6666936225823387 3.7975016678936164 1.3285146833883774 0.8815208050529822 0.55760339287569 1.5697874528365485 1.3400577442623043 2.611428264591502 -4.842362806151751
5.300068881668984 0.02021583964519714 0.0037858616795067215 0.004816714411187367 0.05455743112943887 0.16685450626804768 0.09181068922929178 0.11533497748208509 0.02510784883357952 0.012535578551217806 0.0191978780240669 0.3798721868092575 1.1719233732556367 0.7742349492534265 1.3315717595611858 0.7927903875214333 1.1032798038727503 0.8114153961501065 0.9615005909523552 1.0856548631113945 1.2425354510342432 0.7885981768785382 0.6783123337690573 3.8888742534319904 1.3572240260117654 0.9017486789077498 0.5754454963793831 1.6109943528327113 1.3940520924905073 2.738962032622431 -4.877516297766938
4.331135930769452 0.023967916295377478 0.003934067755998997 0.005558580792574992 0.0478295847950398 0.19995043910377489 0.09226775922029638 0.12590990802815702 0.021465262592444974 0.012160615477286342 0.0173223867546997 0.42524496232123166 1.2294075771052455 0.7759227166096612 1.325209258992804 0.786897422228386 1.092792418872401 0.801687245973259 0.948519994266275 1.0743918670618506 1.2201929710563215 0.7711620779508733 0.6629761065968116 3.793692593398281 1.3211702208789584 0.8752172381216767 0.5604777388644709 1.559318177114633 1.3516392102349815 2.5969757726043134 -4.885304910518745
1.2367471110650536 0.022212439582760243 0.004817182439064705 0.009324710828445106 0.037663688851124894 0.16365581408149812 0.09808211778525379 0.1809958539317351 0.027946187694583378 0.01127412844000702 0.014111249717681818 0.34455020229705585 2.2263168228299284 1.0579085049827044 1.5187794293353312 0.8276893479567956 1.0607459385746467 0.7534182105915127 0.8789306142997483 0.9774700312733242 1.1122353744261306 0.707785636404452 0.5953345691636397 3.3823816399013045 1.1703061286255032 0.7718460501594582 0.4834561166551662 1.3483105686441887 1.1474472553100397 2.0923201343272217 -4.694898402808743
1.0196929852536611 0.025597783871738364 0.008571001879850153 0.009379885233501062 0.043208362170001964 0.19036986855987276 0.19481726913731828 0.19159990702130303 0.018585014648471492 0.005987799913995346 0.01135831731838154 0.5112029026849153 2.574467128523943 1.2084609885753104 1.8889270274601524 0.8860793872728459 1.1119795926637883 0.7778304406918233 0.9303564827963596 1.0395329189175326 1.182189424388784 0.7737367531378468 0.6543111686117752 3.5826344588204884 1.3054052493895327 0.8729250190508243 0.5520752597960437 1.568610581889141 1.352979360487019 2.810673315277313 -4.456228074395376
1.9239060550538385 0.020418808467570198 0.004883507176150152 0.007539218336789665 0.05136811658864331 0.16275055371369807 0.11079144254354878 0.1600125249826923 0.024229848381975953 0.009536306922860352 0.01353174807561016 0.36913739075597424 1.6720214915698888 0.89274685909026 1.5819155767284996 0.7956314938670062 1.0829305524461035 0.7925678813252048 0.9376083753642035 1.0558003230516566 1.2138129964419067 0.7831109903049351 0.6623374381118496 3.8073459952115316 1.3327503154824867 0.8869872681879984 0.5657407998895668 1.5823977959464481 1.3597292764847655 2.717035701719806 -4.716788180483742
7.314137495870707 0.023098775350072168 0.003785812355017899 0.0038498214007321595 0.053726771987600515 0.1906116928729396 0.0929665448804078 0.10150083022169355 0.014705735582159905 0.012286658875492606 0.022344352464683706 0.596627869355701 1.069683727091051 0.8332057034246945 1.5350289546928297 0.7977451849476405 1.111574242711502 0.8182457746256455 0.9707840654668992 1.100757996577485 1.2573739983660182 0.7981482057166379 0.6870920985091484 3.9477285575450645 1.3789744241305704 0.9172739372780748 0.5851297743340454 1.642790041298507 1.4263140689252567 2.8236100859898605 -4.8891431203907105
1.5534213157856853 0.024818780371011928 0.0050317424240059975 0.006975321096925927 0.044647095747175194 0.1999984062764743 0.10992200461178865 0.15043054551906934 0.020874844240669772 0.009602997029135925 0.018667518322014593 0.431690601091337 2.0042459409733127 1.0321482183005937 1.6446591317309702 0.803094351363212 1.0703768421968747 0.7783444409448803 0.9168872064113337 1.0289073137097868 1.1793979193439175 0.7569919400806112 0.643540074075271 3.6751770536367063 1.2789325130957712 0.8494595825071211 0.5444682984568743 1.5165871456769182 1.2905667463014943 2.5168561332612165 -4.652839171931552
1.1597444083435196 0.023998763356010706 0.006664722259769077 0.008973888892078195 0.048725149510421145 0.1798604459606784 0.15137470875359862 0.18652471887046895 0.019714648282425615 0.007705100791486067 0.011545373336186587 0.8982153020889242 2.462830159800849 1.1289258955614976 1.8012001524513845 0.8555956742119458 1.0976013445411248 0.7885594423839316 0.9343913143339403 1.0464580422375633 1.2127875314219687 0.7900195354603987 0.6669887078535585 3.625653684983771 1.345931598027122 0.9010131175006387 0.5756936769425673 1.6280245143911316 1.3975462037482689 2.904693645060143 -4.457446718878696
3.0735781427140987 0.017665553855079855 0.004176287366209727 0.005912270784958076 0.05722937004566126 0.1435240759887331 0.1001639317501194 0.13545071542525497 0.030319188464573505 0.01174727267126985 0.017453186742558857 0.30833868086002775 1.3181879412274515 0.801870857274205 1.3344929018117724 0.7899261573483144 1.0957081310883254 0.8066223012526393 0.9575855374999988 1.0845172453626526 1.2411555626324273 0.7890148995995796 0.6791587214118066 3.90263866654038 1.3648031250192532 0.9094393118262989 0.5767681634471087 1.6283238607310606 1.4146309027699921 2.81194780708718 -4.874539273155904
2.8471659670261826 0.017571678444661027 0.004298891325784175 0.006441840523915215 0.04814545532525245 0.13418449045935932 0.09374048983092709 0.13658131043931024 0.030802098896044627 0.011394742280142351 0.01675507261413479 0.30082025445074656 1.3582022538531393 0.8056865230137414 1.3239733822677437 0.7758948139711541 1.0686797366538783 0.7810135177131179 0.9186284932431132 1.0319471841754961 1.1704137863938828 0.7378330433067828 0.6306154399346504 3.5825403414649264 1.244197730619686 0.8213332483190615 0.5170216320440908 1.4455165207745158 1.2424147544542745 2.2972427222371707 -4.923258481067463
3.2441458289560163 0.017651568964845415 0.004109165992983069 0.005926072668298051 0.05763858893457064 0.14375579840253533 0.09934572194075125 0.1365472051336826 0.030003910131774628 0.011943618889559592 0.017458247509297867 0.3253748302604306 1.2899152130422464 0.7966409824244483 1.333519958450653 0.7885330802323689 1.0978914497497891 0.8088229919214017 0.9606611369142969 1.0896967380169642 1.2460488439940713 0.7918742236604425 0.6820474705358021 3.9210632674520958 1.3712105084106092 0.915396850028544 0.5801256690106003 1.637271100608674 1.4236086334653264 2.839383053364506 -4.878839426640584
0.7589863699431938 0.026187038422254515 0.0065982862191932235 0.009395446799657028 0.0571458264145486 0.19543390466292956 0.15714879565845385 0.19994929506318376 0.021965435956114016 0.009462736798459409 0.01302066532606651 2.48376601741831 3.2631911444387622 1.5396315066891915 1.9129645926563739 0.9943043544039916 1.1930190263105032 0.8267211524670182 0.9555275116101867 1.0701963471247293 1.2378878488980514 0.8119216956519286 0.6915769144076018 3.731190759435587 1.4291139053026984 0.9662805617082262 0.6186756552314183 1.780753620080944 1.553810631953652 3.5477403091247712 -4.403585609181979
4.514063227805274 0.017664085336811287 0.0038705626580479353 0.005234621888263444 0.050237409619722076 0.1356182731284367 0.08702593939176279 0.11646229360441356 0.028145982736563047 0.01234278521479577 0.018494659092199925 0.37385089639603897 1.2133429366438588 0.831799772993544 1.3192694325799803 0.7822488606142882 1.0809809355506352 0.7897118888654505 0.9303551353181383 1.0443760584001542 1.186624086376826 0.7486899991257652 0.6390035913073351 3.63895061458431 1.2646743454357512 0.8363674917741877 0.5241390873510439 1.4736589953105736 1.2666036162084555 2.3521175132464562 -4.956491564466566
4.522914603575432 0.020176459088324654 0.0039014487940214784 0.006144735711978649 0.04298446141764111 0.14908458921300083 0.08224585669922896 0.1294448375888908 0.01969010318863024 0.011545861425497591 0.017489923539418764 0.548235771237274 1.1586804133001987 0.7794692764492439 1.5013310780527527 0.7817862064530711 1.07035353998706 0.7773196518887334 0.9115375075926764 1.0163925058741106 1.1542293692194834 0.7312348937905383 0.6166816760160782 3.5154392182307324 1.2115027270489647 0.7980924811169333 0.5022929886812464 1.4000707683904534 1.1851409144128002 2.1455595079260115 -4.90407784890973
2.432086783126629 0.017841978730872926 0.0044475025250682405 0.006191899686239466 0.05130567714440865 0.1391879251723885 0.0987402352394215 0.13525438951568194 0.030400105975165858 0.01074579246033022 0.017821749617810894 0.37414754080858853 1.5412915785676757 0.8951964511684244 1.3435241054573093 0.7804432421361502 1.07355911294248 0.785821636059044 0.9279672031289662 1.039867277604229 1.191724092173294 0.7589844208702898 0.6445991025407272 3.6852359281132845 1.282417552785928 0.850019996527726 0.5392216439838019 1.5062874691642412 1.2892203861324412 2.4716547766033807 -4.829875554411036
0.8829582863050107 0.02502417668649535 0.005616505986021907 0.008954136100584079 0.03396456085299483 0.17745034380839295 0.1093418694399209 0.16942247782253722 0.024387612851550555 0.009568839597665689 0.014039001809895924 0.37792270730268873 2.8775967482340485 1.3813662063745096 1.7399155249435057 0.9050027559617385 1.0954537832726674 0.7580366905685515 0.8671335904861052 0.9563661619876267 1.0836144790288924 0.6870688442043766 0.575115887214919 3.266119785947447 1.1340409649046599 0.7476872221791168 0.4649888724531962 1.3134558763912976 1.1107701749821808 2.0191829970820803 -4.623971694535592
8.293670049359708 0.01996914472239136 0.003539708474359675 0.003721532770114155 0.059136918564476094 0.16415254816353478 0.09049930589308017 0.1009727217231715 0.021790972276588296 0.01295049325680231 0.02226005563639484 0.4649696075780211 1.0620371418221077 0.7780033835490037 1.3473668907960075 0.8050732497787995 1.118724032179478 0.8264173051051542 0.9814115571844767 1.1098962271583996 1.2770584462858732 0.8152118969963078 0.7040635565321408 3.9999999089141114 1.412672362515058 0.9429762834101088 0.606505980221476 1.6895577852588828 1.4702047654611405 2.9724745910611006 -4.882235608129214
8.708349376615088 0.024470310340814785 0.0037040097265725507 0.004003375182909434 0.04254868485913025 0.19660303787948724 0.08181757090880455 0.0934695151264624 0.016175986354559642 0.012484721741387617 0.021150198079534683 0.5699519030108328 1.104123226532883 0.8281396018938734 1.3232843177473652 0.7846033686961226 1.082623110997341 0.7892438424578219 0.9273230365810265 1.0431906835334692 1.1777092141323728 0.7398255440856 0.6316859320761475 3.5897267607667 1.2428058115507965 0.8186667403759474 0.5211331345694914 1.4405535719417049 1.2359961672819515 2.2398289146514907 -4.983708154735416
8.743979229253027 0.01782806681624212 0.0037380465561626065 0.0042430866168601 0.05671663785389817 0.14244383127282859 0.09024491237625047 0.1052086942086804 0.025479795554130262 0.012447895447374013 0.020872211447794293 0.40874945201983154 1.1057997522129457 0.8323538351440837 1.3399861106834163 0.7978291239062066 1.1079334254658555 0.8134777105248208 0.9630401963909339 1.085172362100629 1.2429790070304592 0.7880268223223724 0.6762968914728661 3.8806484314751315 1.351201655605674 0.897657185452694 0.5691110114913063 1.602565405183485 1.381778368495503 2.7018036069995985 -4.932184358779022
1.654403510563159 0.024862462409035578 0.007520626204552311 0.008242810118530154 0.049768033837326295 0.17863310220276388 0.19748134541087992 0.18413395999319257 0.01969206419634083 0.009520633812622668 0.016271394786462317 0.5222788102459368 1.919755317497121 0.9641893905996174 1.4357637138366994 0.8090413282752088 1.0922824507425724 0.8050558894724918 0.955981332299793 1.0841062325510988 1.2520169044643503 0.8229689493001473 0.6869745690794629 2.7159707095531935 1.406141588967403 0.9404793500550477 0.5907550460773514 1.7055605927279653 1.4769686010911274 3.125121318074139 -4.455106017758088
5.327942600667149 0.021790427527424293 0.004020559027054045 0.004624397041319485 0.058801477125885 0.17302291197368963 0.10642185731933407 0.11841314400305201 0.01694780675813338 0.013300767581922269 0.020285667381179324 1.4496946973560458 1.1608288031051375 0.7857452588913004 1.3453418661226184 0.8030823310715705 1.1224868256288065 0.828539990109361 0.9909007520123168 1.1192639334649919 1.2927252715827215 0.8594607712950137 0.71891428919228 3.9479866853221997 1.4506201437020307 0.9731433697128956 0.6237175144536422 1.7493226151078898 1.522203430824354 3.1772649030376887 -4.784644368137683
1.3653362154965032 0.024354921972497535 0.004641509418014217 0.007193912381550908 0.027046462279059387 0.17932517397298223 0.08424660432516855 0.13411114515931102 0.02729303320962333 0.011351000199735414 0.01777251127222727 0.39714408991639777 2.1871876983844327 1.083590974302847 1.4568875335609273 0.7988257379843995 1.027321518418706 0.7283137290899032 0.843084446205968 0.9297419614536475 1.045661131618946 0.6520485805482827 0.5455696316990167 3.081110706417277 1.0520318151112924 0.6861912065746619 0.4303787351420121 1.1763252690737809 0.9842968086878433 1.6353692989580062 -4.793436465562581
1.0886073815939568 0.022492483820192484 0.005950397890425082 0.00845740282228252 0.031382467159069595 0.16208300055428082 0.11801567708237264 0.1594915694397003 0.027704529568042646 0.009836746244993953 0.015385925246156682 0.36098035865582245 2.438838940488141 1.2170164551801184 1.5824153872781905 0.8417135389802513 1.053482236560226 0.7396461095452533 0.8544292305638366 0.9425142316621152 1.0653873958984663 0.6770575106520017 0.5640624935886571 3.1824450880684667 1.0959445282790472 0.7186903607203147 0.448563541689299 1.240658971470321 1.0475056031787298 1.8237701207515717 -4.7023958560475805
4.400795276192913 0.02004491100620196 0.003737329510699825 0.005221879126429598 0.054807838424257044 0.1652394515100946 0.09115870268458194 0.12288963686202217 0.02598357809657433 0.012774985672521777 0.018481549279707195 0.38252759246952284 1.1666331243118446 0.7780800557574388 1.330679818918262 0.7906541907966681 1.10085897813536 0.8099173520307 0.9602521257454739 1.0863601885151866 1.241770421576443 0.7885791072681311 0.67776094531842 3.890883531137316 1.359080242917963 0.9045036436250257 0.5754389184155838 1.6152078208271485 1.4011767115547107 2.75934211608104 -4.878347436673273
2.4431751585956007 0.017638887629067092 0.004496662019125764 0.006926791298086753 0.039860089549192845 0.12694404217102326 0.08925410446437769 0.13666342758593625 0.03130720057670198 0.010697849585311817 0.01594953185130013 0.3107745921346314 1.4564173140804104 0.8244985783402115 1.3242267925898261 0.7668353030429979 1.0438792160592203 0.7559198888145364 0.8837686155180666 0.98616398945276 1.10859592087656 0.6940763111916919 0.5867982948604678 3.320886173112274 1.1446289846493227 0.7513725305583168 0.4674457198658458 1.2980767980665202 1.108698022552315 1.9099095694110284 -4.943447450253718
3.172482321284324 0.02081728898052929 0.004161672290560961 0.006992462260315007 0.05516620072904468 0.1715807932692176 0.10131954351291969 0.15668982546523677 0.02158579868398332 0.011200946856271014 0.015361346180011913 0.41541109988749164 1.30905495357713 0.8584335273910446 1.5290201021998273 0.7920954034648955 1.1033687806489632 0.8144074349428201 0.9681302364891256 1.0939741810854187 1.2599158602570835 0.808275659468637 0.6924034054206762 3.9827394250029773 1.3995110892494746 0.9347384052355452 0.5969916632977981 1.6764609907654706 1.4533106034477963 2.9660628610226754 -4.774356542377828
0.7748322980073112 0.027623941143533545 0.005779590518740997 0.009199023735198316 0.0472033470417716 0.19615702693942275 0.12830730938722684 0.188720592491389 0.019230123294581097 0.009487937646208134 0.014114603729239589 0.6669294176459533 3.2036524855019706 1.402192871529321 1.8817224980676892 0.9670086991163422 1.1589101348682855 0.7977369585741497 0.9245074858364309 1.030643436887304 1.1770609887280854 0.7689502307552817 0.6432752451635958 3.4215106489888774 1.3103426760451442 0.8810383207327518 0.5546786293176125 1.58746753180891 1.3715313219516403 2.8660990904694463 -4.477289676574526
1.8677809485571206 0.020959387146114363 0.004424836011782372 0.006628513304790473 0.044630602940502175 0.1642955237725693 0.09515380692798985 0.13886314454202592 0.029382596844185486 0.0116703562558785 0.017700627408164863 0.3612747375221756 1.6967787437847972 0.962092166052468 1.3781524133468608 0.7852068699727088 1.0592513630281069 0.7701100856415561 0.9055257087155394 1.0124892137307437 1.154795817821971 0.7327884349501331 0.6186909728744964 3.541200676139091 1.228080569302284 0.8120019359121725 0.5120091604928063 1.4356126612860782 1.2194818279377633 2.268661805380535 -4.785830671199135
6.049421547558912 0.01915793692288059 0.0038656066460178253 0.0050010994413703155 0.054429456126251934 0.15258845391714132 0.09310345581067711 0.11843552477859477 0.023128371695766634 0.012481216919463614 0.01917913283041631 0.4260152394161454 1.0939388333711604 0.8303744713922235 1.334596973332757 0.7942069976961439 1.1041939157334688 0.8091469948474196 0.9590756035265287 1.079541512891353 1.2371410809586816 0.7872154307275424 0.6750580612356651 3.852340560729952 1.3460983022309565 0.894700101927444 0.5687952818550015 1.5985874917520924 1.3734554910187418 2.6866397932873065 -4.921324198993662
2.32438038737112 0.02357753074817471 0.004599916107549731 0.0064667191131599425 0.050874904353120774 0.19909991542411865 0.10728029867975172 0.1447930673716838 0.02591192879514991 0.010273301543308968 0.016836766615078446 0.37394246626590016 1.5815185288060813 0.8458732918939963 1.3577750308373466 0.7895637005518801 1.0880660387304315 0.8015113971455137 0.9508145106158605 1.0746059899452902 1.2344265290725374 0.7869989896742509 0.6774990319980405 3.8875491008846215 1.3600220164147512 0.9063868063754815 0.5812359937636851 1.621188043971434 1.405205110601858 2.8279165976413547 -4.745215933087724
3.979025633997185 0.01743996079315877 0.003879571448394228 0.00517634331806319 0.05441711111867778 0.13779678821794256 0.09115684516526569 0.11953010796799007 0.02934784620120021 0.012546720645398095 0.018803011792772318 0.31569886010923626 1.1992480867060349 0.8396355033056053 1.3242683423426538 0.7856752301109187 1.0900135872024685 0.7995281466588154 0.9457037988691166 1.068099957380556 1.2156257941442152 0.7694567392007414 0.6595054075349498 3.7737533358621524 1.315452547481298 0.872805232807803 0.5509494881465262 1.5517829992976193 1.3413007739144704 2.567370379776336 -4.9352160592470575
3.543631161776412 0.017384159071872848 0.003981046384178542 0.005076386412035186 0.04738517967100165 0.1304201366210114 0.08554969723717633 0.10938058006279403 0.030037844617925146 0.012240074990987395 0.01865056233022441 0.3059852080706761 1.2427498890789894 0.8431310766969928 1.312599862388202 0.7742710485546663 1.0666438328546055 0.7765296131487043 0.9124917074916271 1.023880758696105 1.1564283841498646 0.7268310233308299 0.6178359401898057 3.515031946698739 1.216729475060333 0.8015881103191758 0.5020271302158398 1.3998471271513324 1.20463149655245 2.165556439256321 -4.9748173857600575
2.708105961263421 0.021521711596066223 0.0038846912854738347 0.006508076092582521 0.05830876788000539 0.1733056876638757 0.09857379360261233 0.15138708553000305 0.022833651773941258 0.011863578274968593 0.01682370002575991 0.49612599221489134 1.4648211569827003 0.8805896491292874 1.3517336416838763 0.7960095657119803 1.1070596566990598 0.8220158994118959 0.976987456697795 1.1080137574669962 1.280335352098665 0.8373891136488804 0.7157351474826426 3.936760292413263 1.4393535596569758 0.9677788020157322 0.6161770474579018 1.7439646672397693 1.518783849548353 3.198576420780606 -4.742615755301898
2.826524605096134 0.017915619314850074 0.004262041867169365 0.005895877420955634 0.05803229036591673 0.14676566054927656 0.10259438899732308 0.13591305545742166 0.030499366566602744 0.011596502706091378 0.017602705288076212 0.3181558738152044 1.3678032919081025 0.8741647533575945 1.337950083725194 0.7892713781467348 1.0972736825955087 0.8076780315231855 0.9600785976205114 1.086565277986432 1.2458905378985572 0.794469491938714 0.6836199575057407 3.9356932513480034 1.3773109923519402 0.9191006061181548 0.5837989564124539 1.6504765718913468 1.431070592218626 2.882073976657075 -4.853702887173051
4.885938545358401 0.020628964247797223 0.0037246983601144017 0.004197502503319914 0.05589828026207631 0.17162206047590498 0.09182734832693466 0.10569093740146522 0.024900644599187036 0.01279079832177436 0.020664042304725752 0.3911145193511824 1.1373840755997822 0.7759772276497746 1.3334036819111983 0.7930404367016559 1.1050079323050614 0.8133968669358371 0.9651964713024027 1.0945490448952264 1.249898510942863 0.7936273338047332 0.6828437564753712 3.923683638365202 1.3712695637777887 0.9129562173714888 0.5807942764763107 1.6324342679707013 1.418181760778879 2.805272780261144 -4.875110392909951
3.4883551612030406 0.017554507253234236 0.004050711700762877 0.005770644699477909 0.05613324639130177 0.14123672374092128 0.09638121378383754 0.13192979566124854 0.029706352250579535 0.012148095991304462 0.017744077831973636 0.31773897745904534 1.2542545769587663 0.7895067003995475 1.3259651144695095 0.7891663103041564 1.0956774342341207 0.8053969265562476 0.9540596743043663 1.0772438907257018 1.233673700468287 0.7826556715406046 0.6738623283864114 3.8604682007857614 1.3463833950294453 0.8950101360098736 0.5691759378885749 1.6034348219862404 1.3852470483322383 2.723830257437576 -4.8997398464773765
7.4043743884566595 0.017632438008455372 0.00366782593689643 0.004376928424807486 0.05883822006738327 0.1428104741510972 0.0908252113866291 0.10990746922037013 0.026305682882873233 0.012640502263053008 0.02053926208264138 0.40163830300146214 1.0688855329679878 0.7750161029542578 1.3406436938678048 0.7978459403202166 1.1118205234795515 0.8187803316683995 0.9713907896127091 1.1001193993080687 1.257902829971945 0.7994843653013588 0.6885915885908843 3.9487643381838544 1.3802858142384635 0.9196800026018788 0.5826866862002316 1.6437499369963862 1.4271585220010772 2.827214763850233 -4.91620589778222
3.9227466923021006 0.01752035982661067 0.004031976181290199 0.005738809857876658 0.05877273171792784 0.1436616020908721 0.09886459530799059 0.13420015072283595 0.029318859638247364 0.011973678367945557 0.01743610392128942 0.31124367392619307 1.2671950131138718 0.7837881267363939 1.3334425746649639 0.7922013931102454 1.1052056881361114 0.8149272699280931 0.9686691555141576 1.1001003119340687 1.258161235148848 0.7998353057901427 0.6899534429795088 3.9684744627603186 1.3894180649896515 0.925992602803336 0.5890521922187024 1.662405185754327 1.446948252182212 2.903786633058817 -4.878636607128201
2.0318848875564104 0.020650832414693027 0.0044518192083242486 0.006689184670036899 0.052669013483745815 0.16863717806817224 0.10296934232294529 0.14744103388699695 0.028937142728499548 0.010808481850644161 0.016840828265476695 0.34343788907980144 1.6186951593872492 0.8762581348117109 1.3746884095255905 0.7896011360742157 1.0809751847583573 0.7935292097006011 0.9412708576366574 1.060579270410744 1.2193507087915987 0.7832662597983227 0.6665203317913008 3.8125165006290853 1.339425450202062 0.8927062422326094 0.5669605552936765 1.5924241954486882 1.3736564470355235 2.744211316300791 -4.743655213519494
4.126265897767547 0.02382619989293511 0.003874361581633451 0.005714551388939035 0.05037636146596752 0.19999893382057712 0.09387837682702681 0.13134518300264386 0.020812249036685132 0.012474599218022553 0.01730382445985047 1.9556707872099837 1.2470273423905491 0.7799980592123801 1.3304052343559338 0.7902992907803718 1.0994472809334441 0.8068937632264691 0.9591066480456993 1.0875886678319833 1.2406150790485808 0.7867431389034435 0.6762739940760467 3.884898979349562 1.3581159755182597 0.9036812896395289 0.5786451270044173 1.6102793709857213 1.4012471593296427 2.753193048129755 -4.848837629078949
6.55728730908684 0.018177851497491106 0.0037574539319345187 0.004013581963543442 0.05984350992784711 0.1481012898750617 0.09422297952289638 0.10507771997214271 0.02516119271536008 0.012683858375873627 0.021691057037334704 0.41960977144940803 1.0830027593122846 0.8330747766484323 1.3412275388889885 0.7988701254830134 1.1143366791692193 0.8219073834717852 0.9757669156636914 1.1050172565293972 1.267098262914094 0.8069751054835183 0.6939442578297913 3.9924802547723037 1.3982030189924786 0.9330344510977765 0.5913846063162675 1.670604459436976 1.4515199467682953 2.911583342312833 -4.914823602369251
2.3023973965214743 0.02060089831781475 0.0045785910695979384 0.006871592548975234 0.04641446850166031 0.15744926301836032 0.0999120860541828 0.1434676659660796 0.02268354737033056 0.010171427543679218 0.01481383765482855 0.43832110384395817 1.5118299545372886 0.9051441317724389 1.539399259710625 0.7795337746890626 1.0673771278897248 0.7793528046610699 0.9226088643786987 1.030482436124817 1.1772716085278436 0.7585208226104321 0.6385015255689028 3.6041632920901283 1.2610809056323626 0.8356747137215647 0.5315560836961326 1.4691770740109467 1.2576878967033507 2.4100558728821393 -4.8078663431138695
8.604933454977477 0.017497745990532276 0.0037454287951783883 0.0041178696028078485 0.05852568223470641 0.14137143153711745 0.0918235182478959 0.10463195986051421 0.02645164506744008 0.012349362013284697 0.020853709267368386 0.3485082802594083 1.1077527241873395 0.7752029286688651 1.3410727313017579 0.798207728021533 1.1116542744356193 0.8187033638298261 0.9701548681464519 1.0971732409187804 1.2546803915425178 0.796359765699022 0.6870325080648956 3.9311749046401663 1.3737650051678199 0.9136818457357723 0.5820557467447596 1.6327371179224637 1.417594642097574 2.7898487129120024 -4.916285873278214
9.373252343972206 0.01944524918094994 0.003694167226595989 0.003767038771572093 0.05894520752399463 0.15846852920674634 0.09314964570388375 0.10098335543839408 0.021397233849876504 0.01255661672472535 0.022106908568218064 0.4753580855183408 1.0553185702748258 0.8349915995247711 1.3451856039734207 0.8027569064649609 1.1194038030289677 0.8266246289465804 0.9806446961345439 1.1075333369111433 1.2727252564982432 0.8371071240082103 0.6967963321724623 3.999857179028007 1.4087668087297776 0.9424502409408747 0.5978908416932611 1.6742939261855594 1.4623791081480912 2.9329161130989934 -4.902435106019474
4.518204439718746 0.017735682060516105 0.003800328142112227 0.004689169626794386 0.05508853248538055 0.14053750571978013 0.09011677744126374 0.11099530426646986 0.028005941289562256 0.012675744972548666 0.019737804091941025 0.3729262372314988 1.1576908070890004 0.7757895194865423 1.3268758044310418 0.7884396725851053 1.093931693929003 0.8030933303852286 0.949653078096093 1.070840551878019 1.221990719280267 0.7744193191548778 0.6645165540648373 3.7987370221696555 1.3242627956068085 0.8790173965445384 0.5579150393661758 1.5616201332181412 1.3504434998168797 2.600783735083292 -4.929577474748654
0.8264662188363213 0.025988940196553238 0.0060412136146121755 0.00917868942253576 0.04687572409192441 0.197638879002881 0.13323961584926533 0.1868822008901259 0.02308446854401686 0.009146460774466625 0.013650214952808796 0.48400649034626014 3.036025020127124 1.4470415157339163 1.8131432558928036 0.946679769371084 1.1451450092885174 0.7886479186927381 0.9193712508110327 1.021870022655251 1.1784789418705965 0.7607554423788583 0.6340230121641868 3.6792015509432874 1.3013909733633648 0.8696310786329442 0.5435410488255745 1.5573989135329043 1.350590620475758 2.78515419415327 -4.501341737270448
4.99385165280853 0.02411208481831841 0.004119544192332883 0.004698401504436226 0.046934940522907996 0.1964212868828922 0.0934426216579894 0.11000018724863278 0.015885249193394044 0.010883593270830456 0.019880627547047 0.5797814410857405 1.1850838583002243 0.7730269009758445 1.5183089452238625 0.7869347843868026 1.0913913920366034 0.799727993234847 0.9444954498122496 1.0656235483988095 1.212022260978012 0.766911166668464 0.6561714983815273 3.753312184402661 1.3065025174784621 0.8667025006979981 0.5505221045602683 1.5321493104687112 1.3239340505967907 2.5152229307496925 -4.8617496232046475
3.049640550020405 0.018804132886916375 0.004269569794355542 0.006990417122834451 0.044140352617935884 0.13951042571011438 0.08988835265634819 0.14270957810489207 0.02382666861705275 0.010585341651785785 0.014469695338955327 0.3918853091900848 1.3851006204429375 0.7973371824481836 1.5087637504188194 0.7734306276394384 1.064232527390628 0.7751367342369961 0.9106487375415288 1.0177927075278126 1.1552562998897773 0.7290688676323299 0.6185965522033264 3.5167024159581306 1.2176415678978343 0.803178977518523 0.5048764295789546 1.4043954450864167 1.2021561079667775 2.181184195333813 -4.866947197026653
3.7929109863483235 0.01754724222721526 0.004068305702534829 0.006041639517626862 0.057816764192007146 0.143218785702466 0.09893729532732706 0.13890282893971975 0.029350452569839394 0.011888062158048792 0.016970539280244903 0.3370213565631814 1.2808863091231577 0.7852156047233696 1.3323847823383335 0.7909358996559551 1.1025840684944754 0.8126224429626445 0.9651541893263115 1.0950028445247084 1.252135977528119 0.7958576546556829 0.6861331091357834 3.943292128161595 1.3793299853452028 0.9195529070179543 0.5840691128574349 1.6479046874059378 1.4331898042847298 2.860861317771523 -4.880095709672259
3.6880860745106396 0.02536301519276079 0.0038872220289140804 0.0055503069338009295 0.0351161013147564 0.19999789633938272 0.08003918200472408 0.11450638205454791 0.019056351303283148 0.012530908154603818 0.0178315207882214 1.973437372826525 1.22269859375498 0.8381022591697266 1.303669516933116 0.7695624398062746 1.0560499718642626 0.7676174085890008 0.8956713571295158 1.0026471346950991 1.126696508538142 0.7046193389380182 0.5985005504154631 3.388665604042847 1.1659779897196136 0.7646651906972922 0.48440178992772537 1.3311969822606327 1.1354475007141087 1.97492439155486 -4.978749313307986
4.028343791509356 0.018690675552762912 0.004166390756941555 0.005115290824518795 0.055545121183791284 0.14783096036484336 0.09781679066079993 0.12160291569335219 0.022570852643127248 0.010934590731651539 0.01968458832414047 0.4133548227300161 1.1973671935475594 0.7824666276359874 1.5215491550372757 0.7893741840543078 1.098231852029121 0.8073152064429289 0.9574028543364529 1.08140097275503 1.2375485713765684 0.7878497408302403 0.6743064866080007 3.8734608896102296 1.3540004771875196 0.9024024533825096 0.5697202145893929 1.6060229793490426 1.390424513620627 2.7337799595099797 -4.8428154790342255
6.001054888351011 0.017666585743928754 0.0034760188240159544 0.004400224706955538 0.051218466856867324 0.1353719928859421 0.0799323786002167 0.10309248123335533 0.026857401114019883 0.013569015318454484 0.02105379254448447 1.7649252764181158 1.091525539536494 0.8275106901126621 1.3231053352041418 0.7845582002733225 1.0846974016511761 0.7923069520283804 0.9331467756576302 1.0495090686063255 1.1896979805884755 0.7501077574495917 0.6399930287409313 3.649617847145881 1.2661915606928722 0.8371451309752201 0.5260557912482546 1.4726142715092014 1.2673659700068045 2.343292976263567 -4.963643043897455
