0.5971072008658861 0.07899059129426801 0.01156806068154258 0.016690574033104946 0.06170492267802086 0.199975679955007 0.08305600573521131 0.1977496104952223 0.06211779178724903 0.026189193865895764 0.016418449940204978 1.274408226848955 2.7337538028397925 2.1640742227235172 1.9590987916515983 1.1437405974904997 1.421699202890453 2.3138105459428853 1.0266133943159195 1.6541544333543177 0.7176897798356303 0.674546392457006 0.7621489453968344 2.519745398443944 3.9754391538163234 0.5915768403844645 1.6965181072247606 1.197184807762303 3.9999999017325667 -2.7063356753943895
3.5446911446832843 0.02919851431950901 0.003861233506802913 0.0004850893986287671 0.07782658128949825 0.07467978092097059 0.024975368086254866 0.044716851566068375 0.13090563242576342 0.0449680698272928 0.0430349526305638 0.5515755084292334 0.8760054612050541 0.9499987414315798 1.1453778903513867 0.7799797788808117 1.1601631364420484 2.009191676543169 0.936650503450501 1.439560824029164 0.6224630590741511 0.5627135883903694 0.9344660874815216 2.072595548692602 2.695670304412813 0.4171188959760662 1.0738957898175499 0.7213272074283704 3.9193327542498033 -3.665744246719563
3.528461126918883 0.029625751919031114 0.0035993311924765975 0.001778109120592359 0.07609549195816113 0.07659808980733379 0.024765341780075733 0.059587304216583946 0.13080692615685705 0.04574459310568607 0.0415092384688097 0.560855378788582 0.8730403729934149 0.9448784134097264 1.1446504221720535 0.7751712616474368 1.1552843669306103 2.0076971127358796 0.9308191283515763 1.4344313797290356 0.620710620496961 0.5631334486864135 0.9368075002409763 2.069680826551874 2.691013142589713 0.428577114398406 1.0875746281609588 0.7339730515203777 3.9733036675884437 -3.666723730027907
1.3086462099095553 0.07449467427601396 0.006081529487663666 0.008098824434657979 0.026826254758348593 0.18830117484707035 0.034097582202393964 0.13655820751785538 0.0907864120285429 0.03982703082751317 0.03199530719352087 0.8126591196197047 1.4667795263216041 1.234795348427974 1.302480311298488 0.8237492522310168 1.1436629729518475 1.9326439839291314 0.903605944164918 1.403414741562158 0.5997899083243289 0.5404290612224624 0.9027059557563594 2.0062873885820447 2.6795740165064097 0.4554754008121864 1.1899540404168165 0.8460638882038737 3.880996860606903 -3.4842433095661516
2.1395201826417836 0.051262382258803044 0.0062314018613440205 0.005232216709647196 0.03566655171647536 0.1196537887874333 0.04341014141709709 0.09564270727399153 0.10709060447028249 0.04526474055386268 0.039114889595835575 0.6891790457437573 1.0787665712395635 1.0915729652869401 1.1626729550057857 0.7639733458624525 1.1108575563081902 1.8774789250037915 0.8706784722226731 1.3254411486497897 0.5628267648995755 0.49577276234528783 0.8196454227066813 1.7888813107673045 2.280919177291084 0.37209615134488666 0.9630392303485523 0.6557302495742194 3.9829559303659687 -3.8411725047221035
4.360920422749901 0.052103654739534884 4.262683464111655e-05 0.00647709058717722 0.03000777792182345 0.1990981204082923 0.005544849140718745 0.11411694676294282 0.13606415466997324 0.05093438571653335 0.04139393679689729 0.5273991217925719 0.8449063222484413 0.9081575722316182 1.114513419144387 0.749827560438936 1.095783829274362 1.8588327702953402 0.8508652208214037 1.268200755376771 0.5383066592596795 0.4781329405958984 0.7695451731408561 1.6681245716600508 2.068087538090348 0.7860586956451728 1.3362858066403847 1.0168581565245172 3.9480569188140646 -4.036523190267564
3.672243540202822 0.05410748572326519 1.3223322159341323e-05 0.006512240264200191 0.02330491098657109 0.1999970085853076 0.0003425246152038609 0.10985099951431673 0.13630626397391787 0.050797457658901236 0.041652366431468184 0.5264575591906798 0.8376489399636182 0.9130024195148406 1.1070889032270772 0.7414178915957377 1.0753825395054737 1.8200050380287944 0.8313539232537643 1.2340783972020453 0.5193251398648883 0.45742317310429365 0.7360746651901467 1.588486137826001 1.9515051627456999 0.7342362462623279 1.23388912213188 0.9422610803748113 3.5193884574914507 -4.076429430470455
2.171278634724055 0.05591905073263966 0.0045624190860024125 0.00754392831713586 0.020560400277772152 0.13780832944037666 0.03735356638676569 0.12566501480734804 0.11055501061765131 0.04869150913562205 0.03975321268916593 0.6780098350201601 1.0647150219532662 1.0156106926353032 1.1371063893753206 0.7429951015988695 1.0699111934415841 1.8149880664402886 0.8251215415234144 1.2454684933194633 0.5240449423710398 0.46104826192280834 0.7474950084142065 1.6792769128637701 2.0315896452610582 0.3743753712762367 1.2641612478350024 0.6610848790215781 3.8865037523176698 -4.0369045202558596
2.7843055828217302 0.043034542349401 0.005134549689605032 0.003791465451070694 0.050491683854796604 0.1034314364233976 0.03578058394837829 0.07999995344042476 0.11566338226109785 0.045785715132991775 0.04029294823167918 0.6333307281174582 0.9594629828933167 1.034856994727647 1.1416839490779302 0.7668953761363595 1.1215057224912641 1.9265985530865415 0.8931761987970136 1.3586109622114013 0.5814277975906271 0.5195923713742719 0.8463265929654814 1.8851666827722071 2.418172263757079 0.3914676347002798 1.0063820425860273 0.6839196206915775 3.984347271063047 -3.781855173441018
4.507882959996195 0.053978938677744996 7.314197326959387e-07 0.007210921548647805 0.022108942631494228 0.1999999977271485 1.5715061554190757e-07 0.11596917566431354 0.13470906883826264 0.05082436168972122 0.04071351961838825 0.5329176342853704 0.8397092224342109 0.9022089929440531 1.107119692474826 0.7432150742437006 1.0757933385856213 1.8235245041936843 0.8302694211715834 1.2322673790768908 0.5192905106052971 0.45750027899851964 0.735134008949567 1.444831737828345 1.9444523534687592 0.734801246978859 1.2323033492686124 0.9403931518841472 3.487166568994322 -4.062622968234789
3.3667349439667373 0.04951279752966794 4.875277609573796e-05 0.006502066062658847 0.08792762583594287 0.1955818352994373 0.05235801763067537 0.1657223400568988 0.12182840711109941 0.0530715112569103 0.040925996167406956 0.650377507505533 0.9136805936212948 1.012169851087183 1.193994159408996 0.8239359396025894 1.270963329280876 2.2648563483592192 1.087324988251256 1.7420700740048132 0.7738335139003376 0.7201329624362063 1.2344958946898834 2.9015380997803173 3.947945025492372 0.8394423798118562 2.6699480807097093 1.625373337548013 3.999992031780965 -2.8832657499895955
2.0332117766332978 0.0607271147414134 0.001556824327243741 0.007285008641684888 0.048933781342512646 0.16755106792144367 0.01320222661696843 0.14671875995617395 0.10567428826857267 0.04799966411453693 0.039808665518628765 0.7139248503346084 1.1251905184172146 1.0553867542035278 1.186803410993524 0.7834280238112273 1.1553739052054253 2.007925937684948 0.9430900343097793 1.4648816948773675 0.6360262616297955 0.5771996349589881 0.9660306531612269 2.1691162154161385 2.8587227888168245 0.5016519066358359 1.314189331882265 0.9240243626803943 3.9998967000803476 -3.433362511037604
1.2655450262420986 0.07413399317780812 0.005210398203630945 0.008882326425646778 0.032661319278737395 0.19509742995819987 0.02970605253170369 0.1517264730015496 0.090693227098062 0.040010887050027186 0.03157902561768166 0.8131382910366236 1.510583777608109 1.2787539083624613 1.3192354484758504 0.8329039791168591 1.1536189785879405 1.9595732462568827 0.9107849579183982 1.4337243249337897 0.6169798947067656 0.5599516662052613 0.9325860544159381 2.121992315275979 2.840820188668151 0.4943465538313305 1.3132928434559903 0.9277552203328391 3.9999464883672244 -3.4097271692805746
3.862194839146269 0.05274262710603185 0.0002596784897470513 0.005902603672273504 0.03025090443862877 0.19890897621350237 0.008075306466021472 0.10746266775398605 0.13235940654828243 0.050870403628873094 0.04228363466596111 0.541499485108534 0.828476532079718 0.9922201485965151 1.1146199742121317 0.7488671614783758 1.089892460804109 1.8580025433601803 0.8517621201617083 1.2698253018771146 0.5388620743253688 0.4774432975656616 0.772083319587199 1.674247930376412 2.0793489389602264 0.7881512315102385 1.3248620769398785 1.0156569870196914 3.99995234538452 -4.04046315814249
2.7299347675855663 0.04069865659591575 0.005372813901733019 0.0027126083337202056 0.05546467992429302 0.09873594363577275 0.03666955810904576 0.06895240812671245 0.11863548491135266 0.044963789451353646 0.041518219149344414 0.607923777144341 0.9566043047230067 1.0404907209442142 1.1414754147805894 0.7643729382307911 1.12579687554239 1.9368520715804776 0.8981205351799767 1.3717386983462567 0.5887595783298604 0.527216270646162 0.867108116106281 1.9209025406752775 2.463565895031945 0.3965196285917333 1.0161484743042206 0.6877150072554532 3.994418010641332 -3.7653459344853752
2.129640715181359 0.03712928982072683 0.005322658177734866 0.008667103258357662 0.05761233221761806 0.09106267262482341 0.036245366981878246 0.15211856823469716 0.12214918790406512 0.045768347853862454 0.03791799884136267 0.5832736103104019 1.0963347869630695 1.030817056586457 1.1636623592929267 0.7795152120293446 1.1321015647056902 1.9468879865993411 0.9041117168227704 1.3932700882102642 0.6002256228921522 0.5393841368865474 0.7200764809100921 1.973343101778997 2.567591080097731 0.4090579985310449 1.068624408408903 0.7291313308514847 3.9998424681890823 -3.5701829180556035
3.7199408548543884 0.05416526373530733 0.00028934946301234477 0.0068061612037090225 0.022161854151338572 0.1999993883273635 0.002438155738900226 0.11285475882451317 0.13672475871696563 0.050800848122468024 0.041426352989316156 0.5246064870201461 0.8338845882156295 0.9115730233926905 1.1061289190310952 0.7409359329634574 1.0728331377954394 1.8167531869528804 0.8274218480201414 1.2281783969431879 0.5175473457647747 0.4561181373993305 0.7328818069233068 1.5810181695625023 1.9377316356991436 0.7326959596764361 1.2286361765968694 0.9366943262303609 3.4845345888110684 -4.077063848543457
2.692448056663872 0.041722248271917964 0.005602766251843897 0.003207157030026136 0.053347745001598196 0.10037639271568095 0.03793641077227931 0.07410696510758323 0.11719557620787965 0.0446463539305187 0.04085109972413564 0.6238789589090001 0.9614444679103414 1.0437024049026606 1.1419770347770075 0.766344427770772 1.1235445106380437 1.9339468001721658 0.8967866661037324 1.37406201930626 0.5880506876305388 0.5299993405033183 0.8708581656313997 1.9080616451399974 2.4495638374281445 0.3922410154526772 1.007720994414093 0.683943189191253 3.984798673793368 -3.7717325697507627
2.297580378100093 0.05564689821386018 1.7108682499215532e-05 0.0076435652299930166 0.020606465290133966 0.13151980225221382 0.0008404709161974058 0.12043556540028398 0.11123833579822028 0.051968563133101206 0.039091243932123265 0.6579172626783846 1.0243525706310928 0.9823613808391851 1.1281289541870656 0.7395555473318427 1.0624362943321923 1.786668106690174 0.8164444352535223 1.2168101499389357 0.5134271622023845 0.4525600429499999 0.7283795540726814 1.6025807162896386 1.9242095570927116 0.7266405936698374 1.1994615399980029 0.9314704393782313 3.467351846566862 -4.224561401246941
2.7964143272865725 0.042354822762907716 0.0003608162379489671 0.00028720604984984406 0.08175282215118447 0.1217276740277773 0.005504480148974245 0.041853905301532525 0.11565451656670164 0.0482880199793496 0.040516399901517085 0.6484764206658867 0.9905907885968994 1.0486422645539184 1.1717698815183617 0.7922939164959406 1.189236220286313 2.086464865581373 0.9927807486494206 1.541744402298861 0.6776845360080497 0.6217721839318459 1.0432386074502131 2.3321882082299523 3.1268090466690377 1.2224924320183155 1.3140170161658582 1.702667768962732 3.999985143302279 -3.495308393194085
2.6000259620713346 0.05265335740903507 0.0007904151552805222 0.007612155373905599 0.02836003188160265 0.13387959809068625 0.013181753038624585 0.12613037914846945 0.11410491597777407 0.05287957985485601 0.03951072386687771 0.6664206104372403 0.9790964371123283 0.9949572957446869 1.1243032816452803 0.7454307449735403 1.0832578038699832 1.8330384651836462 0.835148942297162 1.262244485648091 0.5319281785233722 0.4691775619247648 0.7595510839762786 1.7008444959696067 2.055144319620063 0.7842427834537139 1.0011546404027156 0.6831135101486675 3.992137994603705 -3.973352143903904
2.317526118160816 0.05000265780394411 0.00042087697204950533 4.693492625876896e-05 0.07667854649972898 0.1433818654517596 0.005574213944648213 0.03790514321276305 0.10952881309994976 0.048213044932115236 0.039723732005472606 0.6950930689817523 1.0661759396136166 1.0910746141416308 1.1852103675548618 0.7911561739668341 1.186629945798127 2.0862712372102643 0.9903011003320743 1.5481921732893027 0.6802382246827677 0.6238369194717994 1.0536164008034505 2.355353006344424 3.1858377573116146 0.5144595338538424 1.3774917641761162 0.9512044454018213 3.990249542664854 -3.5240505572245695
1.8059955125420666 0.065585050714225 0.0075761186821037135 0.008251619382527393 0.00753517715579909 0.15225476012153707 0.053812507215430024 0.13088400998157515 0.10125519085986527 0.04552260688832511 0.03793000224920804 0.739120454756701 1.1839250149902034 1.0650753238045216 1.1705539716306974 0.753081173106478 1.0753025612113345 1.8022857939673453 0.8255593999687694 1.2473684042514979 0.5210198402968076 0.4603850429098448 0.7465441276878331 1.6298965615921395 2.0242892308171268 0.35616106076757775 0.910329716956347 0.6261087398648897 3.8514820020068603 -4.006656174249049
2.0534572456567863 0.05876301436106584 5.9810180703110114e-05 0.007884350751718474 0.023576976956699493 0.14257457696984835 0.00663708505744443 0.12910028168188897 0.10702774269621208 0.05139705388214267 0.038955139406449193 0.7695835038117051 1.0885346668121652 1.015144475722148 1.1501588348441538 0.7491804634643169 1.0740154338721375 1.8197477574258756 0.8389077730996317 1.2534029475804336 0.532456731610147 0.47032790544843206 0.7674396654123373 1.6869942815746468 2.0583181274560123 0.7841780099878605 1.3083040348330754 1.0342488939263565 3.999853958853571 -4.222984159846794
2.0399256825778966 0.06170452702948756 0.004538228538584597 0.007725749772274908 0.016170987947292284 0.14766497629044975 0.037317228551475214 0.12589871812176934 0.10304285563135375 0.04802993736445896 0.03868141807380025 0.7357419572684584 1.1033154168422812 1.1039180060709632 1.1510782652039029 0.7512312544248895 1.0804696302823074 1.8200818092292446 0.8346269548421206 1.2604316614034559 0.531550203567962 0.47057602269624166 0.7617443767726421 1.6670776801352967 2.0614362238893937 0.771416010019792 0.9426006793885114 0.6448249035441795 3.987603674429204 -4.013105724071989
1.8846451904639472 0.06626979845663498 0.007385150682501319 0.008486510588832994 0.008229803893725528 0.15530074025852972 0.054290629537165604 0.13492710782770317 0.10094046651715473 0.045889660676541724 0.037839240727468436 0.7471033642035525 1.1539745713850869 1.0689255878579151 1.1648830165862565 0.7540564364595547 1.07292211365975 1.8139697081408592 0.8284115500903992 1.2510499063965699 0.5261144824468107 0.46455153755626394 0.7577629577417808 1.6577509634033654 2.0637052018729705 0.3599620213645513 0.92757359205142 0.6375846362756198 3.999998792518837 -4.002130942136696
2.3070276482520353 0.05590901511366049 0.0007505268819810269 0.007719963439699835 0.0253355093249629 0.13849320773497004 0.011790555368100645 0.12633184214496163 0.10870518175063769 0.0511443667686967 0.038919982399069686 0.6837725692814756 1.0287337811540114 1.0704490163256297 1.135242308982011 0.7467073145934003 1.077354748938285 1.826471928348151 0.8336327025122799 1.2547662671058226 0.5318301931174098 0.4703344326852716 0.7628986988749333 1.6982204777827783 2.0614616919917568 0.7822211294428596 0.9690825523549483 1.0143406160521378 3.984136718700293 -4.084567941279488
2.1634894600080283 0.05844953951996072 8.416003275494315e-05 0.007814201938038945 0.023315660606283258 0.1419531638075462 0.006624152304333235 0.12733198219810893 0.1087225530136539 0.051947532875306936 0.03930010165838744 0.7549563733903671 1.0614711964398167 1.0031829200492 1.1420300011647013 0.7472938230531959 1.0731279956505562 1.8203338749136724 0.8324939175346098 1.254602051851057 0.5301593473802942 0.47039274846117657 0.7634176080124495 1.6784403234029432 2.055037607820175 0.7836009742645539 0.9409924150254875 1.020508922433944 3.9485883859585167 -4.0981467442065345
3.5338254705156578 0.030505506467724805 0.006630021787984526 0.0009594235957676016 0.07265053047652659 0.07825260432919734 0.03842471733662076 0.050872119445116874 0.1300068782545348 0.03782577067950218 0.04276071922464895 0.5601089280174733 0.8639562717871443 0.9393774875313645 1.1448571030761956 0.7760170922239236 1.1556812543666777 2.003758360081133 0.9354791052603274 1.434832697744547 0.621019683010549 0.5612556050008412 0.9339921867873657 2.06342632540921 2.675688640481592 0.41538278851664534 1.065211808378072 0.724171201388932 3.9832455702063565 -3.6564931243126058
2.109482726303213 0.055543302807944124 0.0018806808378474948 0.0008359793249996521 0.06276995849124431 0.15214881462457946 0.014827076594251101 0.04680906627083635 0.10742407528375443 0.04762310373800027 0.03980567202445663 0.7105608036051508 1.0988558678021734 1.0420549820695983 1.1850406409044105 0.7863286081841148 1.1640746642780082 2.0303571871641215 0.9564115895050626 1.4884829088109712 0.6477638890225865 0.5896314761143913 0.9863242369355771 2.211040034992131 2.9561179121063264 0.48852121161560624 1.2930821515468605 0.8996179685594368 3.9999238746155745 -3.5616002351444394
2.3471160655565946 0.046005580588768996 0.005568946424806991 0.003968191257187485 0.04585488300071538 0.10983743105808205 0.039487331530994076 0.0828805658333288 0.1146162287110622 0.04660951642857428 0.04080605810966804 0.6432620834190567 1.0283046744583646 0.9973012155464063 1.149100283938708 0.7617113615189337 1.1101522046003993 1.9068111403113779 0.8782031231920461 1.3417847550270432 0.572774073669385 0.5134759289140223 0.8424551679026625 1.8614931958805963 2.378528020209036 0.3871767551852071 0.9921328065066525 0.6761719492585192 3.9917746718737064 -3.79338339900325
1.9231071256657843 0.0662584253902646 7.492655829469363e-06 0.008637597701775569 0.015460672853634432 0.15445231442374774 0.005745331040970685 0.13659231107707054 0.10109901205647374 0.0509470778321007 0.03778828868182289 0.8074542859319555 1.1283881789481818 1.0342024715358233 1.1605019896808977 0.751343502052333 1.0719631883564404 1.8132971995377096 0.835062122549266 1.2490196382364527 0.5310757718947877 0.471056721578138 0.7664603578540283 1.663075490943361 2.0588798724630766 0.7833057803828226 1.3063411651745174 1.0230621782795641 3.991939402516715 -4.252211100196972
2.8040470060900575 0.03880419764434173 0.004507766531052437 0.002525196665053108 0.0600463586215877 0.09468315491603163 0.0318673817287134 0.06720295282613464 0.12088752686788717 0.04636506576641975 0.04151361513441655 0.6077271905962941 0.9518752542816882 0.9664124759673091 1.142127657791299 0.7664950725354499 1.1345086058363 1.9512809089534677 0.9050774134890923 1.3902357894050779 0.5952564458735315 0.5369538544270085 0.8856832178640407 1.9489179811811648 2.5040960882914645 0.39790128491568666 1.0272885612898397 0.6970990700067279 3.9903038598216196 -3.7343592131244643
1.8715483974042504 0.0645144516694601 0.0072311942315053945 0.008528976199599388 0.010054424678710072 0.1530242565940241 0.05354111941709994 0.13566497744085193 0.10252795193808967 0.046125732657848334 0.03784022964825749 0.7288283448169416 1.1572584920885294 1.05226117055028 1.1657024444490272 0.7549026730558737 1.0726264896406221 1.8137202671669068 0.8245547725067542 1.250726089439971 0.5283373365521424 0.4641927292111891 0.7607839832206679 1.6655127885905392 2.0604330170594776 0.3641683793068059 0.9413048457297734 0.6474747088585259 3.9950227165618983 -3.9959144341424855
2.4382136837499067 0.04415395262641509 0.005223336070526875 0.00394647750100381 0.048984142361356516 0.10573577634435646 0.03700064777420122 0.08248864277322429 0.11663029379240265 0.04654239029007506 0.0403085324876732 0.6318232515515259 1.0087022323557608 0.9892241083222887 1.1461325316029636 0.7589167646462288 1.1103061087912187 1.9147154873859864 0.8807354560389776 1.350829794805825 0.5755108145775061 0.5149179458372148 0.8559072449197849 1.8756570609994208 2.403361777581023 0.38808308280145354 0.9974550745872656 0.6779047298681218 3.976632078272459 -3.7787024356490244
2.0345161130828946 0.06086292575584188 0.004014591883334829 0.00791815260126946 0.017232929105410407 0.14679719199491817 0.034294766294237236 0.1281651404260711 0.10590257796869083 0.0490445277091958 0.038792209184635947 0.732353345968233 1.1039477017772523 1.025642301496329 1.1515291320991519 0.7494178506576111 1.0768071650316173 1.8190016509999904 0.8309297279432433 1.2540399904988153 0.5287226926821365 0.4665713410107265 0.7577966464031201 1.6646253234847082 2.057396332233883 0.7772313163287973 0.9537631495803635 0.6529670073169893 3.9875837402911185 -4.003443680386487
2.0020568605161695 0.06466554930913597 4.0703210335000054e-05 0.007948659346309136 0.017714015149295867 0.15174976284489683 0.005973347183608281 0.12968529202641288 0.102560406079955 0.05125378067770017 0.03852590316521971 0.787151321784152 1.105099407280816 1.0235950577261435 1.1558370233564454 0.7498524116963838 1.0765489750217656 1.817787408097403 0.8366969839978183 1.2513976323618456 0.5308438075211517 0.4691734347550006 0.7653546469590224 1.6679928057680606 2.0641635983999533 0.7836648701853637 1.3085604334860268 0.6188275925144834 3.9973539342455577 -4.117763975741656
1.393038810317669 0.06984185400083934 0.009981125603139906 0.01046132758206561 0.0009997015676190828 0.1605554416130403 0.06746749528294464 0.1536785074390962 0.09636107896418356 0.040861924487451906 0.032441297151483264 0.7500399681276946 1.3942449220444 1.1766418483021037 1.2435824640927757 0.7805614661497483 1.0732944224619236 1.7960449754708792 0.8187636119211982 1.235431694295605 0.5218937738952326 0.46083404429212416 0.748746093647158 1.6392246403264694 2.0557453363455873 0.3527518501820261 0.9103280826478353 0.6298699850520083 3.999595555244799 -3.969719252314778
2.385562621730695 0.05166123311034052 4.2217665893139985e-05 0.005019157959034431 0.03909392924107739 0.12153614723697691 0.005490201076109311 0.09519050125793402 0.11110014857549529 0.05131351872429864 0.04058044108335643 0.675365476847719 1.0230315478650769 0.9868893523857285 1.1404876092562524 0.7583530115455908 1.097991214207134 1.8685179905337084 0.8605998056969701 1.3054703289129233 0.5552854199576311 0.4942047940992038 0.8071641197838842 1.7644314261413871 2.224344348913614 0.6027776821725866 1.416607482537898 0.6408671552348757 3.931422906123986 -3.889659581096477
2.9979625349487757 0.046228839801323314 0.0023528022297615034 0.007919449007241581 0.03252479742326851 0.1215326171813021 0.026095925331441183 0.12969223550165257 0.12262073197326846 0.05087132989639389 0.03943376680115715 0.6097275918242521 0.934866794145153 0.9430835043083914 1.1181517743223313 0.7419502835416495 1.0844868154244036 1.8373485172987567 0.8365380445729773 1.2649116225022936 0.5321715053691561 0.47091858519147106 0.765863517732611 1.6677870463686806 2.064619169328843 0.7812921973060201 1.299014279312299 1.0094305578737532 3.9588141042948184 -4.084283097771273
3.128679686647015 0.04525825736088874 0.004428788741830916 0.007166010723656832 0.02992234636769066 0.11943208227232587 0.03511839433462159 0.11932185089786197 0.12442268208238942 0.04912446336665777 0.0401504581285392 0.5933478635657319 0.9305900096429547 0.959555260161066 1.1051795806754403 0.7395888826857712 1.076090240105162 1.826993950527366 0.8272723889469032 1.242006818855694 0.5237965025679773 0.4597182031003826 0.7489137229246563 1.667028010190915 2.0179539761637004 0.3937069970196119 1.0215132497911683 0.6952564598150082 3.780762388468779 -3.9534699260578745
6.927922893301927 0.003477434582701284 4.083405976213618e-05 0.00717164291928337 0.07767410147168122 0.02933835884051305 0.0053839485742369336 0.12198034135014899 0.15541244730356332 0.05022339866114273 0.03930511109332513 0.4596854163907276 0.7321091071939249 0.8995273809598374 1.1209658922445151 0.7556400615531578 1.096920454434775 1.8689747064097972 0.8751169312338671 1.2757856948664512 0.5412688419036936 0.4788768466321493 0.7805402378331875 1.681734826309597 2.080593445126718 0.7904197139281476 1.318342512633596 1.0254134007759035 3.9696906453459975 -4.05582497388405
2.703693684360634 0.05649031044202958 0.0009329322447858936 0.008421428454221475 0.010433744454991484 0.1961146953725521 0.0003559166934586564 0.12154160300852855 0.13092336266684898 0.05082423063105621 0.03848458858983073 0.5539031324585552 0.9569581942551328 0.9445109740047092 1.1053206944263738 0.7295070442174143 1.0465039706224812 1.754784340725662 0.7951257981156644 1.1713166562992046 0.4893055612860179 0.42861638389870366 0.6820290691319058 1.4614119966947874 1.7692990273409597 0.6635756607138641 1.0992847229789837 0.8329091675477338 2.920585300950652 -4.145118969145972
4.296038681864119 0.0327570414914996 0.0035558763883519035 0.006486530554854064 0.03674396165054692 0.08884657517628672 0.04147739517615121 0.10412806953347542 0.1394616927302738 0.051142789423488565 0.041421913356154874 0.531722094777273 0.8060720850934144 0.9057700838428521 1.0928683192525472 0.7317972225268152 1.0620401160940078 1.8008990884985525 0.7989418796221068 1.1994081686727098 0.5078813050481041 0.44039704108179645 0.7094505302695179 1.5264855334372307 1.880351129750533 0.7016075069215698 1.1483809299512424 0.8827902978036453 3.1914230199975817 -3.975522585438055
0.8834942206780718 0.0716405473934752 0.013996223072482897 0.011608104295195413 0.00036106150884269485 0.15655264674007885 0.08338222217996685 0.15490244054438196 0.08739395415821713 0.031993966587230215 0.024322279718879708 0.8193365437236183 1.968383340463665 1.510165013232084 1.481545590635837 0.878991971906161 1.1282157129545605 1.8264788327040664 0.8122513289422781 1.2374930063904646 0.5188421913658735 0.4595048456956765 0.7516131307328272 1.6466941679169445 2.1160778067969517 0.3492015048624957 0.8934340131569083 0.6149749206204452 3.992882639618235 -3.7530106529919616
3.6093082823964697 0.03013075591408356 0.0033403606827703517 0.010455246447542805 0.06592221489250198 0.0762521847004882 0.022383613315242933 0.18945378151211537 0.12916171957055395 0.04638849649445784 0.03939797085461785 0.5659140345131983 0.8813031513488352 0.9500426440184818 1.1435129884489015 0.774936615989817 1.1542443780377754 1.9992232774481573 0.9295789989354046 1.4301200687181916 0.6168510821589436 0.5561219820977396 0.9220977034343661 2.0476491850454743 2.651429784456716 0.4268088745959451 1.0700662651078214 0.7188917623303434 3.868000514366193 -3.524922131228034
2.381709683834528 0.04652066433161711 0.0007175325426311142 0.0031620881349742167 0.07656392359715253 0.13436466077440792 0.007268680983967617 0.09479263960858285 0.1128077724165334 0.0478880888702018 0.040831700544299465 0.6771900360477094 1.0377921644856012 1.0752796374162559 1.1800751434182075 0.7918310969559458 1.1877580238497283 2.0882701778358506 0.9904835154120659 1.5497258031012116 0.682243064544946 0.6279045469485536 1.0566891100933358 2.3642745544004113 3.1800407143481015 0.5117680454879242 2.160966218341088 0.937328131236597 3.999845266741521 -3.3758345717766485
3.763266444626736 0.052431018444429524 6.962412388948207e-06 0.00648879298085528 0.03028401513931323 0.19999999503903532 0.005789328422460226 0.11428481016235623 0.13750965108972765 0.050954536399933754 0.04173294240994904 0.5225999343393373 0.8331824740926898 0.9154150084520113 1.114208016913987 0.7484951450271138 1.0892588194952202 1.8572726192256248 0.8502444997811981 1.2688683503596856 0.538326854598847 0.4770159977451912 0.7713406455402966 1.6743823692960698 2.074994814814529 0.7895014903343951 1.3289419177220294 1.0210462208949815 3.999999281072717 -4.03237660602352
0.8192916951525293 0.06194646548188829 0.011846804003353967 0.009195350735275538 0.02441009157725655 0.13009069580690996 0.06520210471170587 0.12157240290089588 0.07343518420641627 0.031107677098933504 0.024390178885671496 1.0817883161731692 2.076542095326575 1.7315260996650919 1.5614322574552357 0.9219681662103137 1.1684215114350776 1.8885614159853665 0.8490784840762007 1.2828960268866199 0.5422634379219233 0.4826820744253884 0.800883286066617 1.7699159025319173 2.3196128476212796 0.37614447158816716 0.9412059683128386 0.9884680117014727 3.9305683982240387 -3.569073128548941
3.7571294083116995 0.05249745149384781 4.822537812538127e-06 0.006572670957183101 0.029874390317379682 0.19999999999758886 0.005424844086323204 0.11554510764353249 0.13762033612614685 0.050940081537817775 0.041763615846848186 0.521730722083014 0.8331076811534204 0.9150146497232292 1.1137192730664487 0.748019135947162 1.0895254817451048 1.855049733432565 0.8499767473075757 1.2682035760340207 0.5373336091428397 0.4762430238926396 0.7697897847072249 1.6696272314134766 2.0699195280099287 0.7868113338351713 1.325073725685895 1.0170956316585886 3.969738705221536 -4.036074804423723
2.127268371359513 0.04918171551188688 0.00588301827582183 0.00509247845876524 0.038911522396336586 0.1162647019756898 0.041594881179698055 0.09435237575222 0.11161149756946917 0.046763176852448525 0.03955075399702262 0.6618750576825574 1.0799217818770022 1.0201508393451042 1.1585925860663444 0.761508904740385 1.1007541608290787 1.8834618276946884 0.8628232176739179 1.3189822347421525 0.5621688771250751 0.5001833900487535 0.8174127413246434 1.8152791858205088 2.312204274147979 0.37687710136130004 0.9703152220149686 0.6610801636186773 3.962247216801971 -3.824381038000969
3.7465762786508856 0.053065025737558974 1.2198881260487548e-05 0.006482780441859772 0.027330357101307858 0.19999979303705764 0.0035512479921465 0.11267213288032552 0.1371319060162751 0.051052072159177106 0.04171368519010652 0.5231329925358066 0.8334667535321686 0.9138914147048892 1.1109970329453829 0.7454159665592512 1.0834645473541646 1.8414329851416584 0.8412352136607052 1.2518947408545742 0.5301153077944293 0.4686128408388291 0.7562525338218543 1.6377125755468847 2.018982248196824 0.7660538765276812 1.2882785444192721 0.986751177726751 3.7907145893448964 -4.051525414270875
2.069708614819093 0.059250898987749955 0.002245946215501646 0.007161900322848708 0.05156386416908459 0.16080879116074984 0.01659082199350231 0.147057968425174 0.10315869773313509 0.046832683192937444 0.03946045688851539 0.7379511613625511 1.1243382173753271 1.118104175611317 1.1891122787691082 0.784462478373349 1.1588845570395974 2.0207324898712677 0.9494596067497347 1.478030266867317 0.6421081113425922 0.5837618024975546 0.9781407712131104 2.1961101143789548 2.935219545616065 0.4789569282861315 1.2857853113914621 0.8891794498394368 3.9998674028053665 -3.449710881108644
2.44592501098378 0.044876793297160884 0.004588675971844243 0.004084327237108602 0.04752342300164703 0.10823791377755679 0.03452562465583182 0.08498623882971018 0.1168667517670536 0.04812406933606674 0.041333532009805565 0.641450303392073 1.0109320161789923 0.9905965481063778 1.1438288452712895 0.764888959641594 1.1119234904411042 1.9065925825909986 0.8726561158157533 1.3402940254860274 0.5685500253429451 0.5052269225659877 0.8306301257166955 1.8600936003217314 2.373971004137611 0.39433750713811594 1.004967410759657 0.6827593164948553 3.9998512379748195 -3.797190247041633
1.983116069526636 0.05445736514526568 0.0019760096278200402 0.0056540318745489735 0.05914209717302401 0.14907963754114378 0.015037777179784493 0.1214788036531529 0.10667755335872171 0.0469906161711492 0.03857716835409711 0.720309906655788 1.1411979936969447 1.064052526320091 1.1941723864165066 0.7942620576950787 1.1627489017703487 2.0235816819381602 0.9510310543210042 1.4847436283110351 0.6453164767548287 0.5875244446674447 0.9869847015731049 2.2069748246362173 2.9520588939600647 0.6686576861899134 1.2959032989446984 0.8921100553901958 3.9997673794204887 -3.4141070569605736
3.725152434769406 0.05413650426770506 5.76344431728682e-08 0.006524312841838684 0.023140511638594402 0.19967634587423969 0.000271961460849707 0.11014472646810192 0.13655785818269947 0.05090121646049605 0.041737422472864126 0.5252886923776313 0.8335469060082751 0.91165828082766 1.1067086831532722 0.7414037562770152 1.0758852349242545 1.819781492734262 0.8215634377600086 1.233089559853465 0.5190176084668949 0.4580049906536044 0.7355133851965852 1.5886414737457437 1.9511738260753178 0.7371639889095528 1.2260718288232788 0.9409067347769559 3.513173347374048 -4.077900301609634
3.6944130254041014 0.05412882729536967 2.035796647636398e-06 0.006472062927454008 0.0228589508809703 0.19999999998439597 1.1347684510608604e-05 0.1089904015098288 0.13665593130518267 0.05098249526015034 0.04184473460976176 0.5252610043632794 0.8353232446928415 0.9117188997410425 1.106245824741316 0.740748595049694 1.0726338191085054 1.8170114405859694 0.8223423150969721 1.2285586374132929 0.5177202081395689 0.45624728918168805 0.7333386549847116 1.5826998406097452 1.941984749753198 0.7340641520461375 1.2298196807985569 0.9386131880934986 3.4809734444454588 -4.081919458201522
3.7866650347975117 0.04650133166388294 4.059412200321767e-05 0.006640377666474646 0.03342802376424787 0.17540502744201636 0.0038141120906656366 0.11399450285811843 0.13925220072323033 0.051159077701100966 0.04154400537327688 0.5165560333844866 0.8305422048702819 0.913130445953675 1.1106421551199255 0.7452009233968081 1.0817624206235616 1.839704701905728 0.8418798556596081 1.2503219019581537 0.5293049848916569 0.46812374135381263 0.7550578971681396 1.6327052789850918 2.01457309478577 0.7650899848230114 1.2767561407894787 0.9839335049201032 3.7606077692444044 -4.036906678555325
2.8699166097847995 0.03869155952191767 0.004003860512973934 0.0028648025936067025 0.05940758334556532 0.0948494239730337 0.02948660423811694 0.07097852843396528 0.12165893407838803 0.04709761233420947 0.041544341507246715 0.6013816192275772 0.9401640923093084 0.9863064211104097 1.1400221112517237 0.7649370081390096 1.1280540317158592 1.9461773154383273 0.9006760020941491 1.3779250223354313 0.5913149180189393 0.5324573522283589 0.8709159789982888 1.939657022097892 2.4863485481475087 0.9651466856052862 1.027599515664634 0.6996887448346474 3.989681454212559 -3.751721991426178
4.715021796902358 0.043562726942437666 0.00010908999165391001 0.001156727298522218 0.06587636345508181 0.1962685848400617 0.036647455680444876 0.05500647712734659 0.1371763694094526 0.05263117504386242 0.042988049743830206 0.5278713643351908 0.8161658011130347 0.9960626560220055 1.1478396435969735 0.7812907259139986 1.1622055120730124 2.023895018052107 0.9544458627727697 1.4443254972841326 0.6261144801903328 0.5682841125998741 0.9360351193301308 2.074475777095081 2.6889994845353478 1.0481496566205875 1.8050294371562472 1.4114715225899919 3.9999999999996607 -3.5531975545726375
3.997075788632985 0.053086561258656954 2.7135751154032658e-05 0.006459198425127912 0.027006013975420115 0.19941495636401793 0.003041846229573241 0.11157834270901744 0.13734099229583147 0.05082782612260086 0.04175757940578602 0.5227500535726971 0.8278380940240637 0.9099656284416756 1.1104394056686036 0.7459264561430723 1.0847594821058715 1.8408216755888598 0.8419026689243322 1.2500937912214856 0.5293334909510183 0.4676019239457803 0.7535886152811053 1.6324688437686432 2.0173215907626836 0.7641892929308399 1.2949130802017514 0.9826467961588244 3.748798971438725 -4.050661912226075
0.2103775006025181 0.05324323597632424 0.01759280982248204 0.019125051823724787 0.027929919436862016 0.12674954233136526 0.093803339872548 0.19999956842414263 0.03921164847163881 0.016268425010540873 0.012700379710217816 1.8452504014083522 3.0491651751231124 3.6275638247505673 3.969037358575276 2.1241670620930684 2.218854908476549 3.029614846725305 1.2190950122153426 1.605432983697232 0.629628236449635 0.5162912791119135 0.80261064181551 1.639191609374862 1.9787078510983231 0.7207497807116706 1.198306530889651 0.9115223501027339 3.9988035813646574 -3.1030082244193755
3.7902645988698764 0.02637297324122541 0.0043069592784233356 0.010499799051653937 0.07363919000836608 0.06892272799968041 0.026795625776978242 0.19680114965238496 0.13161939876772666 0.0438272028852061 0.040355815024890655 0.5369965119241776 0.8589361443360649 1.0021320434183445 1.1506459053329163 0.7832742594090171 1.1711701527178051 2.040311981278569 0.9574605689442599 1.4727080442003493 0.6397688236643041 0.5802239742671496 0.9672624885455043 2.1475043544517165 2.81549728832109 0.4311032529021008 1.0980631995060333 0.741671142260255 3.9421425532021606 -3.48041129919342
8.460547258869948 0.04198420560574539 0.00036272639937635437 0.00740296792475377 0.07152083969255102 0.19862225163749736 0.048365457057808085 0.15348472860755416 0.1405029874493966 0.05212170874390934 0.03894900849503824 0.5300215907403311 0.7594337066991298 0.9624711507183591 1.1765895179415207 0.8066358951134014 1.2146104679252483 2.130484664937276 1.0106390461435526 1.555235401307306 0.6803764215899119 0.6209963402679854 1.03485407327355 2.3089233948277443 3.0884077442976245 1.2115939521458086 2.096115157842364 1.6607980976902437 3.999999999999992 -3.235102612325859
2.571106362639777 0.04649107108749625 0.004819438373430519 0.004202257179358491 0.044466439157927154 0.11134066240683758 0.03616140724085839 0.08576777457852451 0.11375961875910687 0.04803429388780092 0.04123323002142229 0.6574160060223037 1.0048104930757285 1.0059634094027252 1.1431636480793226 0.7645635716863349 1.1163820920481917 1.8981440012329407 0.8740255759883298 1.337456760573312 0.5684311097783998 0.5059561035053195 0.8290046144740508 1.8368145253902635 2.346422191089698 0.43250691797949137 0.9922531386473464 0.6768827020941316 3.999529946234103 -3.803163747592483
2.5064404232932334 0.04238738570462995 0.0021314424990897646 0.00015659045606621666 0.07524514375176351 0.11732295640596427 0.016328791790507766 0.040918880054712045 0.11806221349047441 0.04775722203439759 0.04155994842651031 0.6345171828260658 1.0052981252202946 0.9980726215881821 1.166508983126849 0.7828187163334618 1.1684021207943927 2.0427760949594083 0.9613493875261285 1.4920439994893078 0.6532786422777709 0.594031272240766 0.9941603333060178 2.211116940509754 2.9446164615882826 0.4706966293507929 1.2326244251948089 0.8531084964838782 3.9894499680683992 -3.549291957666589
2.0433552733322538 0.0566753531473949 0.0009603550527339647 1.430519581258649e-05 0.06912783027557796 0.16037954198282903 0.008723205872509899 0.03747328570879589 0.10671802955932269 0.0476107887690268 0.03947109302853705 0.7146112190616658 1.117036549123549 1.0525772079649143 1.1977067866177988 0.7960754429695913 1.1815906392638633 2.06774262548849 0.9791313389431247 1.5324159152989836 0.6697324492410922 0.6131215932182423 1.0354889261809734 2.333924290784878 3.1525420386844374 1.226170888279979 1.3826624544751804 0.964479694903417 3.9905796860177998 -3.5199134870002333
2.1454773526948214 0.05694600811580923 9.984541793722411e-05 0.00655060573120094 0.0296564453794345 0.13529133602476603 0.0065700316401170415 0.11266953811891811 0.10549639903055424 0.05062265617905359 0.039364182978424846 0.7743777718553478 1.0644479277065522 1.096711090736641 1.1428236567688532 0.7451314412569131 1.094164319444837 1.8428561987388465 0.8523516237167753 1.2906091069037187 0.5408244176351891 0.47624464980542935 0.7914247559012739 1.727425272429237 2.1420791677624633 0.8172157413283753 1.373066275039102 1.0737933115960054 3.9999999999999996 -4.167588053316255
3.941954771447977 0.023888486416532687 0.003715110947394811 0.009583144845426727 0.07940820576755836 0.06309909548596596 0.022161557763015097 0.1852172957351861 0.13321120661308905 0.04378044162428241 0.04006932317473198 0.5456169814985574 0.8545127825371095 0.9438311382033957 1.1632851127021275 0.7907150659841915 1.1821977604243943 2.056119708686088 0.9592302757343444 1.505558381015549 0.6528892398910084 0.5949092454225304 0.9801991979510848 2.1909990420437166 2.8648979911856993 0.4311198379338414 1.108912088399121 0.7455550650836605 3.9005913605593694 -3.44976869423309
3.150401146239085 0.036177523571698234 0.0056404204120329305 0.003575648051353245 0.06228616636360137 0.08878760208091976 0.03616796745931594 0.08007289657133802 0.1216181335552356 0.043199231528934845 0.04049698297113112 0.5930901240174696 0.9063517752778237 1.0198014566616855 1.1471913121779997 0.7752649281903002 1.1485436993391631 1.9699016295224967 0.9158162110490317 1.415546269391732 0.6038693740142294 0.5425722239544802 0.897264453082151 1.9886960342327324 2.5672418822477923 0.40113352022425575 1.0318290691529517 0.7026184125924064 3.978827984513653 -3.7048776048969736
1.6849542929828556 0.06734597232662938 0.003789574995007538 0.003343837534649859 0.03764651253226511 0.17288994864760904 0.026102442918612294 0.07122298094707545 0.09799465796328011 0.04501680848251782 0.036854979480259654 0.7719050341845857 1.2436787748502225 1.110586553138757 1.2145117918342707 0.7848738601026891 1.1297047515811918 1.9433842637132501 0.9058571640268367 1.3993598350415613 0.6027261128103951 0.5433400269251769 0.9049134689327575 2.0036431413030904 2.6306403891466204 1.0103895760637749 1.185617945179178 0.8255546303749656 3.9995493764448735 -3.635115293250755
2.9489944497708493 0.037085266078895326 0.0009839218548562104 0.002260428959620374 0.08708874397403311 0.11124187108891236 0.008502428774138652 0.08497236558810606 0.12300174641371571 0.04724912727322931 0.04202463557957065 0.5972479744678051 0.934616689482982 1.0146432048172285 1.1661707263247354 0.7928303051547342 1.1992896452051904 2.1139984800551224 1.000961146208211 1.5660085845386853 0.6900344374169193 0.6321199211998774 1.0678840541158177 2.407951524626781 3.237543147861908 0.5049956884205088 1.3410674428008083 0.9140555299544398 3.999867415373742 -3.375001838481307
1.8380987971926517 0.06890362339419631 0.0014324211815296007 0.008957665370083705 0.010887262894115731 0.158529953919985 0.016226305119467915 0.13936718437399206 0.09570621321600147 0.04922470244960668 0.036682189304976465 0.8458355801305469 1.1616157974307755 1.1492550032864381 1.1688147589358553 0.7533541381459414 1.0772247779481463 1.8081366671330523 0.826635607956053 1.246730427553777 0.5286317632416343 0.4658021027339862 0.7677688167182258 1.6486761358172903 2.0478502509771133 0.7893548482003105 1.2995275573411327 1.0184273276774667 3.969741928479921 -4.2779721530775205
4.085253335913983 0.022696568511921797 0.003333592305599689 0.005892192671408016 0.0870462246468579 0.06265105529030308 0.021300550500201635 0.13283325882873961 0.1353017197203855 0.044191877191572096 0.04203213621073224 0.5374663382606298 0.8384565061893846 0.9576703732220323 1.1614115195218349 0.7932644229781761 1.1901734516365658 2.075717980666988 0.9739493892115729 1.5215692342118723 0.6580976117002826 0.5973882782550087 1.001338325696455 2.2384561467905546 2.960178386271602 0.4635665550692521 1.1615406806685067 0.7940223351037096 3.999999005678341 -3.468125862526873
2.1665618108134694 0.04896883295835382 0.002151639014918449 0.005831895466971593 0.06551241683922915 0.13611508627504834 0.01592689880147174 0.12974853953094478 0.11217701274384415 0.0472235617713739 0.040390433788909295 0.6661698455320756 1.0796126467650191 1.0399300750270448 1.1798981107853652 0.7829028904633694 1.170669465776692 2.0422396088772987 0.962174281219712 1.4961631506972628 0.6582220044420047 0.6042452551632684 1.0115551770905011 2.245850194180635 3.018516035979511 0.4830974460120935 1.2776221258343223 0.8860711155385237 3.9999218175090503 -3.415771962176416
3.0857253192094953 0.03970619554836337 0.003972776841425665 0.0026965956295690557 0.058279508706682775 0.09634664690420822 0.02913034878496909 0.0685658283588925 0.11841216330244013 0.046527204443514165 0.04153884484239508 0.6199688433510795 0.9534671139427341 1.0215568001321442 1.137480583012717 0.7653992234474128 1.1295591584865416 1.9462710577306865 0.9081813927724189 1.3858553564435452 0.5931266299983081 0.5343737238746286 0.8818970317016771 1.93326904092247 2.4841716078224185 0.39515725458960654 1.0201208903503858 1.273364138319954 3.9856834892753565 -3.7848123002008154
2.136765398422527 0.05297765912767097 0.006144684744438773 0.005464787257092538 0.03253243342853361 0.12419024081733229 0.04433192202774187 0.09960030299512139 0.10889113288792926 0.04678746925828991 0.039865375617086106 0.679792685899942 1.0827570003544007 1.018027721818384 1.1584893777887821 0.7689530402416637 1.1041159636274827 1.8657999871496165 0.8588299581110757 1.3157636051372374 0.5545267185992024 0.4959871583182586 0.8122740870527076 1.7710477796125423 2.2459370139998858 0.3718729357812915 0.9576390462545229 0.6553889584725588 3.999928232916288 -3.841901634722243
2.869599673917735 0.03970650744540846 0.000977308599206351 0.003572157101341562 0.059988801949115954 0.09703665932614174 0.012094606926640043 0.07833689341310494 0.12035372220270336 0.05092343088062651 0.04097878512284448 0.6301908422924796 0.9523454996847024 0.9690721290808736 1.1394079020388428 0.7643428268704059 1.1314829057665479 1.9422399883722237 0.899405060387567 1.3755516773049563 0.5884152081952919 0.5263796575993385 0.8669511083488148 1.9244248511118223 2.467688022034156 0.9407940393507704 1.0321483335486272 0.6953685091299621 3.998561996153498 -3.7464618933591023
2.0552263214098265 0.06170517473352559 5.41881108685199e-05 0.008164756606464612 0.019368753273746493 0.14654819561691715 0.005901110817028936 0.13096560309579533 0.10598160197084132 0.05148811524480572 0.03872285295604064 0.7191140623221598 1.0883129393594475 1.014645495833285 1.1485049554013407 0.7479375831468238 1.0712594846949073 1.813835073806574 0.8308390920190037 1.2455570252164927 0.5287830817320907 0.4701129305901466 0.7581890170699965 1.650643624636288 2.038414144713698 0.7722672758478119 1.291223602063384 1.008918996078758 3.9173955612759057 -4.223477281960967
0.34360395670406496 0.037311447416198115 0.013753443119832617 0.012419765752371994 0.11304924022754072 0.17202453498829015 0.18118930673457526 0.19853899712971346 0.13119341180787825 0.04163407716551569 0.03178386699373161 0.5570148919951747 0.9744562771851256 1.2615597126132947 1.6076262002334485 1.5602095558785267 1.7963225990841445 2.6894555029406724 1.196710035533173 1.6929777906867325 0.7210657806083408 0.645270628284375 1.0966106996172613 2.4351022529679383 3.418993430080002 1.3789470082886595 2.469041582537924 2.052593526404654 3.9999999999993463 -2.2241416506072396
1.369500758689542 0.06920848756157054 0.010445662577169073 0.010372165829457854 0.001229436577567276 0.1597638990200497 0.06993630573803288 0.152419548453411 0.09734662318911835 0.04025902104111993 0.03230599057249595 0.7449656757560631 1.4076800578132649 1.1849457601223459 1.2488924621215012 0.7806640686433614 1.0756082699059668 1.7946352564140047 0.8191985598976198 1.234308851100048 0.5208847813014557 0.4603580359665694 0.7494924106398968 1.6409687877597938 2.0424320945637158 0.350337726622751 0.9103982304191112 0.6264226861896113 3.9973849644255024 -3.9660428101069076
2.241092973407977 0.050852387320580505 0.0012453731538366818 0.0038299137222280117 0.0712460250776421 0.14610014367293908 0.010412416535778232 0.10584692090463663 0.10939700220327303 0.047398367062702 0.04123381900784326 0.6883193674798984 1.0884595687437866 1.044278861722233 1.189781378856165 0.7924003244321844 1.1900387845834777 2.0785509467254584 0.9846137071191337 1.541779921460222 0.6750405201619686 0.6179396913924035 1.042271175466426 2.363454171087052 3.1847223706034087 0.5195851521741622 1.385404335487631 0.9493697516413555 3.999954836364446 -3.39193942457684
2.7973858066180814 0.04982193254347077 0.00619327334734562 0.007673174074650164 0.025039418193600362 0.1301145426849963 0.048047799896355534 0.12876502113383326 0.12102841654485065 0.04693607181679896 0.0406729030554556 0.5871197369935645 0.9545501025043646 0.96520229774838 1.11853054631257 0.7428897111303571 1.080274666796301 1.8225658711434918 0.8313753550212608 1.2543634117091724 0.5258964196137419 0.46196333598866535 0.7524269402155399 1.7136182678920575 2.0583547342123243 0.4039763025456239 1.0416664894725969 0.6978015464664108 3.983703279829569 -3.940196316669871
5.158623220642437 0.02280782801555111 0.009825458189218936 0.0002968173660204132 0.0854056446115789 0.062399453301003244 0.170397557454131 0.04486357001592922 0.1331280680270312 0.049758972782958995 0.042408214306948154 0.5621270203464538 0.7986185035139325 0.990532432733387 1.162237558151257 0.7935681614015189 1.1953105387209284 2.0853613635996076 0.9774409946092061 1.5164442989830407 0.6607838579921981 0.6023220662977361 1.0014819590775728 2.2348024148127656 2.9620127945884636 1.1523586262383338 1.1576247247932907 1.5901267271960935 3.9999999965694752 -3.3103188669639696
3.4903046527467025 0.03198369732505288 0.006399732514149825 0.0010504792112278093 0.07007417136985312 0.07985799110605774 0.0368002960161502 0.05079436411629543 0.12577452855985663 0.0390365732472048 0.043094391839603806 0.5753272125862439 0.868032265619866 1.0121210665236011 1.1460689612435473 0.7752901928043804 1.1515472701152876 1.994315823379199 0.9311018068417376 1.424831543541315 0.6150660210478557 0.5525689887860847 0.925009245657734 2.0400032324498527 2.636677616270115 0.4063105038048261 1.0628957242557466 0.7092201533937006 3.8974806610390296 -3.6858532773031363
2.1417021905352107 0.05396432175513983 8.494415299144776e-05 0.00019278651398549893 0.077287360449971 0.15776578249033102 0.002749530681945992 0.038164734190824064 0.10685766506728717 0.0477179944363168 0.03903203671346548 0.7140664823147675 1.0911923063421745 1.117395244515953 1.1968588794985082 0.798179666008434 1.1949443666671629 2.108398269741778 1.005561464755755 1.5770225822335509 0.6961011407145837 0.6432403053015054 1.0873172903478319 2.45028218390457 3.333007054588048 0.5419603056605529 1.4589271088603646 1.0257764775369207 3.9520195398057734 -3.5063619409509594
1.6197175776500263 0.06799346879399638 0.00924885205216682 0.009666943653974185 0.0037254984718101043 0.15826101460425737 0.06439894534103711 0.14623920102240576 0.09722049929526144 0.04316415925864948 0.03535951438042973 0.7588143154318137 1.2687141688969297 1.110723914192102 1.2025216415425188 0.7663696141044071 1.0776750508905888 1.8042692902368933 0.820177566694906 1.2411474709271335 0.5225157551813203 0.45988572515085846 0.538443157753062 1.6443170243975378 2.0505644436085255 0.35622267677148683 0.9197735766912746 0.6357995349229086 3.998334279746367 -3.9814456149320865
3.766421421789614 0.02201500410566972 0.0038510822659728553 0.006488515919782936 0.08629269325827446 0.05975517933592609 0.0227175634273831 0.1441312516054296 0.13496178994784352 0.042924901293850994 0.04152717731454167 0.5354747301697017 0.8559637534757406 0.9473012058977366 1.1556910833863265 0.7880943820437991 1.1833219053783095 2.0698871836503767 0.9713306648156049 1.5059511529817227 0.6558836893116885 0.5967648123264748 0.9959994839098747 2.2268599021994433 2.939111168848825 0.45058857730115304 1.1383715448924334 0.7676134419131186 3.8940932436013065 -3.4622278713988197
3.4843496653587134 0.05299525499445293 9.468366115566754e-05 0.0064467759681293025 0.029616114553858326 0.1999439250648587 0.006645050079560073 0.11418376727918009 0.13003789219202716 0.05089813699216836 0.04169234104454713 0.5968852070943396 0.8547160246203145 1.0016545274693072 1.1149977750438096 0.7474322533528559 1.086267757196121 1.8544860998284771 0.850184987200757 1.265376909932098 0.5373582104943568 0.4761978616415416 0.7704166716395221 1.672486781022397 2.067854673241394 0.7867313807782697 1.3238415709214937 1.0185663615531264 3.99516057616609 -4.064497550814355
2.2861188989441272 0.06458015471044985 3.9544773936571435e-08 0.008125245206966607 0.017391182725995106 0.1517135411204388 0.005738888296767835 0.13139611079445845 0.09873125297854589 0.050858203824220356 0.03793918798304498 0.8205883216009262 1.1093627100501369 1.079093551665075 1.136704334264489 0.7467714464523219 1.0763273598357759 1.8241659104871577 0.8410387900251306 1.2569412156735242 0.5343383193125553 0.4740626510221345 0.7710107651336238 1.6763834042912003 2.067588577601758 0.7870204282996859 1.3114584174908244 1.026137595755518 3.999363749823721 -4.279084845991602
1.9539033957241134 0.06695346707037378 9.904644817269407e-07 0.008530896155554047 0.014763282392818631 0.15545543133739828 0.005299974631402538 0.13492213921434787 0.09836888287773325 0.050587309282545984 0.0372770181286321 0.8252590248915922 1.1177034865213347 1.1278684608728333 1.1578407151698968 0.750656209962098 1.0717419745684307 1.812818995425629 0.8354987622143843 1.2488456258978733 0.531042151333025 0.4698571825688369 0.7669238892390229 1.6619110350158377 2.0562561318038406 0.7825147849080204 1.3106385956402102 1.0256956163345194 3.9812904156476754 -4.283614949399284
4.463114723143163 0.0482905605340169 9.771681135856266e-05 0.002678637737267969 0.04214061261692934 0.1965108175361587 0.006521051670484241 0.07093521150330913 0.14272110171342786 0.05061987871492878 0.04482714437706267 0.508562280219067 0.8046035843752494 0.9162593307162824 1.121355054065967 0.7576590579758723 1.1174484517321706 1.8925073050643657 0.8771172762077505 1.31926087120344 0.5558561981329069 0.4929686582770849 0.7997979225002276 1.7456372903509432 2.2161473350819287 0.6824027633059624 1.4427142307104206 1.0946460605670536 3.9996757928078646 -3.843329242889371
7.446602325896816 0.003544681461358007 0.00017879072985648996 0.007039881455091607 0.07640550262359892 0.028569521241556328 0.005383969086398529 0.11960858610468277 0.1554128651582542 0.04992265392707424 0.039457141504793604 0.4584540571943478 0.7266422483785954 0.8986034537506882 1.1199740201838457 0.7544929772030418 1.0910306340989027 1.8634046088001124 0.8711604894546129 1.2670287180087738 0.5395863258631695 0.4752823769737804 0.7730849662236977 1.6619731803079862 2.049471060571479 0.7789922521373958 1.2988476394248618 1.0064702379346844 3.881528261934496 -4.057918180993748
0.1910343767494153 0.028031824682435414 0.00706614849942014 0.018195941351255837 0.058157481322921235 0.06607234982728952 0.025026190265962516 0.19999999999587817 0.09210650876337168 0.024430976898346977 0.03068046472041933 0.77483480688661 1.2630637005541503 1.55042367477251 1.9427061922262325 1.2678522807890884 2.3341455225422107 3.1875103277313266 1.2633960051798159 1.629064864310772 0.633500349760721 0.5180088535015608 0.8022312908664542 1.6260535405496275 1.8808113438739151 0.6987155755683322 1.1553446091535258 0.8724539196330869 3.4032954946292215 -3.1566754837840674
4.713915386658999 0.03904175396238915 0.0002443695760742418 0.00407399359776711 0.0803131102485132 0.19300578481052397 0.05025001041187115 0.1110257907234238 0.14351848460567948 0.052648516037551454 0.042001576447057 0.5139722143410348 0.8067517742596776 0.9364670980096521 1.1667912745601514 0.7993996861533107 1.2061457561823676 2.124636119289463 1.0153067973323833 1.5574965680287471 0.6846210678906418 0.6277380002965205 1.0523343055549208 2.3592766205429365 3.1239985467744025 1.2361402314078873 2.1556429795464793 1.7232229261452519 3.9999999999997953 -3.265228970504214
3.725935723097057 0.030332273443832238 0.006576156601784385 0.001217356137979754 0.07219454746521481 0.0772776787845137 0.03700648140859335 0.05229111593516282 0.1296106439810391 0.037440109990841186 0.042081643720286124 0.562681910488526 0.8705918386337248 0.9363321947644433 1.140865815136257 0.7748929159078434 1.1552357406098583 2.0029758018477994 0.9358133120673546 1.4322547208057244 0.6207655602773792 0.5616108988363973 0.9323664269236513 2.061178690342571 2.668442222389052 0.41542380891308783 1.064855217212 0.7196495627184202 3.9168566484048224 -3.6556311968126463
8.041132251774043 0.03425378827412918 6.958123024899879e-05 0.00012343198585480444 0.1084103506776529 0.19882300681331788 0.0677788554508574 0.0752397732422966 0.14389554862691264 0.05292404488772074 0.044530610138814014 0.5095253603513338 0.7656827894881358 0.9609821448641034 1.210111428041887 0.8379202377741104 1.2921131489003068 2.3140542401440642 1.1231460848417623 1.7695966495172906 0.7895745565051635 0.7378850153539425 1.2571335706093325 2.870786740804217 3.9939341235821217 1.4364226241428737 2.831371630328032 2.2910172593160123 3.9999999999999996 -3.040636496869005
2.9236334826306516 0.03806484507203066 9.745830225439096e-05 0.0002478125800299309 0.09710175640320913 0.12096099781395137 0.002217379559293503 0.03899765495921578 0.12093589901521386 0.046349274523586774 0.040037632533617695 0.5996702690166962 0.9366074733310513 1.0523467128360362 1.1811374367820755 0.8051902417822042 1.2286054496502965 2.1749564176264937 1.0439897741748458 1.6428586572329917 0.7274706105280686 0.6762492550404726 1.1481621599917093 2.6001345553459734 3.542152667970916 0.5534205430067163 1.4945327322178539 1.026724722645629 3.9987862377509105 -3.4409068730746553
3.1072881516251476 0.052752829898654006 0.0006001810931304016 0.007399133466010805 0.027945442404688523 0.19877542810845264 0.010287748773287992 0.12395034618372208 0.13515821202142053 0.050952979515369964 0.0404093515970596 0.5405714218723217 0.8919066462626144 0.9325980385756116 1.1157305403719437 0.7453825171709167 1.0854758569775396 1.8435096400875033 0.8456176946582574 1.262701422188776 0.533625994953518 0.4726867382890366 0.7640348546829709 1.6563515978479213 2.0497539811474224 0.7800775999320557 1.3114752949978978 1.0068611740334672 3.9328839341840833 -4.0488580367461395
3.725516319797075 0.05365321575905796 1.0344926622238228e-06 0.007311216714908763 0.02421048789496199 0.19999952944871188 0.001627909000427663 0.11877136569009748 0.13688392956163606 0.05084072545323316 0.04102264803075197 0.5237903599780097 0.8339081640121198 0.9126416209845168 1.1085916002751708 0.7430788453245434 1.0770861895272772 1.82928693184937 0.8341942116867194 1.2397444685599859 0.5238840690408985 0.46251792057633695 0.7442355132479089 1.4663654546722416 1.9806191055952358 0.7509700238301232 1.2564493292466594 0.9618385454881998 3.631684268597369 -4.051776150353583
