1.764804768797112 0.032950958081213184 0.005010413383214827 0.004335032874888743 0.038978056903205736 0.19999999169060165 0.09563872102566945 0.07448988612814393 0.046092259442806295 0.033469047656728076 0.04132221194259125 0.9988653985108764 1.0709592402858161 0.7334618942869973 0.8244192161721398 0.6910176739472393 0.6906460690008112 0.771437397547286 1.2111704564997527 0.733133203191256 1.203919110466746 1.1546613919577462 1.4949101883103513 1.671497415484274 1.6933206770879614 2.012207879402234 -5.897645466231155
1.7262639172234673 0.03288617745847235 0.004155064354861448 0.004065283233658835 0.040061337328249694 0.19978019818698844 0.07960438766933273 0.06654295649476866 0.04501778169378697 0.03327239752481025 0.038518589794719456 1.040641816315067 1.0881307161432776 0.7420948411763131 0.8319138241166927 0.6957561159379257 0.6938689970632245 0.7727818089264943 1.2108063476157718 0.732003532531567 1.2041989392336705 1.1520484169704572 1.4940881834124975 1.6606710349848963 1.493901593320468 1.8158131075753994 -5.920303441071605
1.5426984869554339 0.036964149978965626 0.005831973530109592 0.00567803353114769 0.006523479432250433 0.19973308379703467 0.07817650408500773 0.060020204835386774 0.04150019683364937 0.031133541643096528 0.036017815577660386 1.117588017128032 1.1882769739622967 0.7920310331454117 0.8733094548316616 0.7162902716060833 0.6921772155382077 0.7530946381897399 1.137028086148876 0.6678233923239826 1.041293426180925 0.9451209047662952 0.8066149189632265 0.8941881328691889 0.8606404572326671 1.013773654929929 -6.191494655427833
1.7575681178633 0.034155837900197 0.004791276528487466 0.0041487753677366505 0.028786148722828923 0.19949501859484353 0.0837570190013498 0.06385078974295372 0.04555980571222575 0.03344109711819289 0.04138038007290969 1.0103386174338134 1.0740117320024434 0.7320249657318086 0.8221913672837414 0.6871948290975206 0.6848031478306262 0.7610082357054885 1.1849517056554593 0.7103888715197285 1.144714170103564 1.0771582558500983 1.2057508778056398 1.3549385188102903 1.317351145602827 1.5835372904341316 -6.018237733751296
1.751703906638199 0.03367124858176789 0.005112233222652511 0.004833235131909065 0.0332402264285549 0.19999998842913314 0.09226584233258837 0.0740211906689923 0.045080055415012206 0.033181370466466735 0.03903041644173705 1.0388380971323679 1.0801899154675383 0.7342926806237986 0.8244295904198213 0.6915883007868228 0.6869817970176638 0.7671388019768541 1.1985168085381386 0.721284819941793 1.175714760316653 1.118798016349767 1.3542234202934018 1.5000606135246037 1.4952848976721231 1.8045674258678586 -5.95025326220849
0.5277471799897587 0.04162527430086622 0.010045182363619513 0.010961595155666973 0.08657040274674732 0.19993827284172688 0.12856458771052146 0.11867248113399692 0.018599777052316302 0.013866084310188563 0.017371668710569402 2.4259285711065957 3.1084617793336435 1.8634202751827078 1.8872815069099607 1.4360496720876281 1.2308862289115579 1.214717912934141 1.6439116788210517 0.924059155615226 1.5122522576065929 1.569211888804508 2.7005653618598946 2.9432952493045286 2.78821142150993 3.601062181311898 -4.301828762694261
1.78095616137312 0.03273088645769778 0.005040462087008933 0.005074039270063588 0.03935512871155728 0.19989772959162724 0.09738132505100525 0.08339202189292498 0.04589000132755492 0.033470877274015626 0.03997580206259872 1.0136451502761314 1.0621435977608327 0.7298876843814882 0.8204631915103174 0.6889402008962819 0.6900660297877053 0.7714733888933215 1.214818673919435 0.7359738095125975 1.21125815369766 1.1635944341809907 1.52731413862987 1.742637078331905 1.7354368348518865 2.067460666551762 -5.875407733233327
2.025888965782551 0.03065556637407312 0.004433684859772661 0.0029197390785088055 0.06145198001537344 0.19999414625308717 0.10809027267408022 0.0785726252915662 0.04921575114614432 0.034981274567907526 0.04416259058585826 0.9342596487154641 0.9639129995044668 0.6780028530878751 0.7814792155250377 0.6701450004509308 0.6897608613628998 0.7862345536716274 1.2710068627677074 0.7853094360983973 1.3384836904131123 1.3309608537533415 2.3028329684898843 2.624398293355012 2.7093735503250014 3.2931528835366515 -5.580884126594666
1.6101045708232007 0.02799806535075107 0.002020747148005303 0.0016951969147151183 0.10355361149145834 0.18002718181205904 0.07533536131849151 0.0648253122603713 0.04246030335094774 0.03201544046675156 0.036655540670374964 1.0973026382177995 1.158803223985084 0.787874378377234 0.8843022959451959 0.7403736101912972 0.7434825376265485 0.8412616239059685 1.3768385725840389 0.8745102801079245 1.5844666710108395 1.7072198956954958 3.1677712845251667 3.335131866496531 3.1622631516295208 3.9396006795913334 -5.240188906428523
1.7817326406859384 0.031927383103001736 0.004486104059619542 0.00414324674657438 0.047110348091403326 0.19999998916648432 0.09419258642931046 0.0772394882326927 0.04579067327552433 0.03380891184929993 0.03983655361612381 1.0194055474750192 1.064463901847457 0.7297929929877608 0.826294809151177 0.6930011234952104 0.6928913250346046 0.7793730302794432 1.2304713409342394 0.7494612797494217 1.248104983457394 1.2135000304013692 1.7518645610783457 1.963477363126313 1.9837051494377318 2.319733056224095 -5.80306553987557
1.4652926203439351 0.036192189696207924 0.006334383880733551 0.006007536405881772 0.016444011505502978 0.19999606925440871 0.09329186314368185 0.07208629596260832 0.04014208341940046 0.03040726264042962 0.035362823792883524 1.141728627869508 1.2412099763744757 0.8222006795743723 0.9003361893858582 0.7357384464783586 0.7083649869092387 0.7691529605970585 1.1657044554301836 0.6896095663332267 1.096812282359607 1.0148129114044444 1.0148189145617268 1.1157279644084315 1.1095378605464374 1.3052560703994867 -6.068057420111107
1.7943009214442367 0.031038136668145488 0.004477107348085546 0.004391807597590373 0.0691199043049068 0.1999999991422106 0.11315339754690625 0.10096530332390997 0.04565653140354636 0.03395971706262047 0.04029481277464993 1.0121108669440322 1.0598466474457706 0.7305985695051074 0.8269715842145825 0.699469748550751 0.7093051430416535 0.8025700309513383 1.2962193729053706 0.8058943995905344 1.3984164499715834 1.4191070442749625 2.8819781003661555 3.288104848693323 3.418486745568526 3.9999941844866296 -5.439760750832075
1.9655704552653352 0.029735965469766604 0.0033742767996834413 0.002923043966407138 0.06616511468028916 0.19999999957540607 0.09080204791529746 0.07812749221043722 0.04933699165791654 0.035007408910768076 0.043538035835431664 0.9406852681303844 0.9856236744664607 0.6901513827679089 0.795883673653865 0.676315374670675 0.689197249124928 0.7874436382671979 1.2775282754394073 0.7918224530112119 1.357029376788283 1.3558048678828336 2.475671750435892 2.7638589140778462 2.348212189588986 3.0902900621488207 -5.571100315779118
1.4913877080075497 0.028194532438016864 0.0022130404849892344 0.0015324886163004983 0.10627296639273491 0.17611333139370255 0.07547309028996464 0.06187137934781125 0.04026137926890859 0.030990090392985066 0.03632234808906882 1.1257993348764328 1.234865018434588 0.8293210879093396 0.9246664700367013 0.7643342643415184 0.7585416253428455 0.8514328230613772 1.382228870462426 0.8779090130660107 1.5974012242441822 1.735885736075864 3.125866571876295 3.280321180300776 3.1284132411033854 3.8713635518341665 -5.1965277983107825
1.7207430651173135 0.03209720222606595 0.005927012537109707 0.0042230877793954825 0.038914411352939625 0.19879271970569282 0.10735404607604324 0.07389927378285786 0.04534554170197614 0.032620949382175274 0.041456412126579294 1.0127472889182778 1.0913907374390912 0.7439472757936161 0.8344179701023475 0.6984345750295722 0.6949989636257489 0.773559689279106 1.2112326620384082 0.7320701861618266 1.2053394502421968 1.1520012334893197 1.4948969731797774 1.7030780846684088 1.6765705608908175 2.0045169453662055 -5.904153754688765
1.6013029850086402 0.024709673616135724 0.0011506709096315028 0.000800346366819538 0.11828683394110057 0.1569033365535886 0.06517130052835683 0.056068726252669066 0.042495259053269605 0.032095205128451355 0.03665427055379235 1.0947000568721388 1.163578650039585 0.796556652859427 0.8904643127093566 0.7454227965598355 0.7516708571206494 0.8535345181207136 1.4064257260834525 0.902452572239435 1.6664273900420754 1.8307166443066287 3.123493345782772 3.499866825075801 3.124952045559876 3.991706697412452 -5.108732546025765
0.9170477630342716 0.03816866085002055 0.007748274414475462 0.007465758498808693 0.057910189512312533 0.19999719176848313 0.11115238318403473 0.0933401886018164 0.028450857736981115 0.021865582191927493 0.026411902434489327 1.5919738044300356 1.8591035554456434 1.1842684886982071 1.2320207046294631 0.9683345867680033 0.8759572359935638 0.9150395647215316 1.3309535318265135 0.7926905454540812 1.3367676476373618 1.3547609483915637 1.9200207970449659 2.1183835843760646 1.9806326223756756 2.4131850153363312 -5.065406986385443
1.5163733437083946 0.030925906020516727 0.003255389979286986 0.003072919344783419 0.09134845986027974 0.19991835862225926 0.09086441728953867 0.07969627188808241 0.041187030810998046 0.03128014361186959 0.03558291649203375 1.1256211398751668 1.216277645686232 0.8182597196378065 0.9028493905006582 0.751050334563471 0.7530933028801116 0.8403696967047122 1.3548947777379055 0.8518694227142529 1.52180710189634 1.6246974897551185 3.162324262678177 3.4120962684897984 3.1780845793182246 3.9963793997308152 -5.293283854975024
1.7735804460409348 0.03360090175151612 0.005009343826199043 0.004744340016669995 0.03328204377403085 0.19999948929895275 0.09077880717774545 0.07346427261232576 0.04540827527304589 0.033337323668622465 0.03944707722281919 1.0283383771186763 1.071243697511923 0.7286770787538596 0.8202242359359658 0.6882846258171446 0.6866212969316923 0.7661132327720772 1.1977870108171977 0.7215862595849918 1.1748598890624853 1.1161412046727177 1.3485822249218293 1.506925411710053 1.4812171744966283 1.788014653010373 -5.95752446659371
1.7016977066624466 0.03218414279879121 0.004893113802422752 0.005092298003284392 0.05757808228426433 0.19999999999999984 0.10839088051170812 0.09804590818424715 0.04394810145689414 0.03294472939012387 0.03805431563789139 1.0691242673268333 1.1021999132906217 0.7535336508129997 0.8449738172406465 0.7078855079217731 0.7088883145929473 0.7951768707392911 1.2659309818302757 0.7792564651471539 1.3266104344071055 1.3198943541360098 2.3094664726027228 2.6097812623385512 2.7117206487101218 3.209925513791154 -5.562046672605026
1.726703509448863 0.031831051528204125 0.004218349644695553 0.003992604960409989 0.049238556729987365 0.19999801842579656 0.08756749106478907 0.07325528928506596 0.045524277621632254 0.033309965044154385 0.03883107147704593 1.028652242155554 1.0917963843086902 0.7439840102096393 0.8358990416883657 0.702722952379216 0.7001677111658555 0.7804273372384963 1.233809197873111 0.7519033766213187 1.259384241065146 1.2256511291848482 1.8058555245447978 1.9808571850743146 1.7994954733560489 2.2171635615492455 -5.810064713211334
0.9507312319565607 0.036579285818451095 0.011325614789790377 0.007714477195703065 0.06206437482956422 0.19634820416955764 0.19645767690899263 0.10088635271521876 0.028844274210534784 0.022339952703300785 0.029122202363343664 1.6072988379904511 1.7923286387259465 1.1433659358759913 1.2017390697248995 0.948881300883786 0.8719385105260533 0.9104412833658532 1.356947824792175 0.8106184204808361 1.3591908733703661 1.4230501897106027 2.144850576784139 2.3393405762735355 2.1970192823824504 2.726239767156929 -4.440914786830726
1.9885785783308179 0.03237037890020649 0.0041192267902274505 0.003416845516030582 0.04079408601574606 0.19999998833639948 0.08610934756824555 0.06723738366800108 0.04960561247035368 0.034891835601779594 0.04392300468747722 0.9339314637132242 0.9709367498733265 0.6817208994001697 0.7843186280802195 0.6663102216782852 0.6771896695087174 0.7617952836977212 1.2125835300259666 0.7350708877879069 1.2073376175277706 1.161857532118001 1.4806356289971498 1.709981885735253 1.6688845135177697 2.012563767305305 -5.910202834684535
5.7402901907436075 0.011616968212491363 3.3139610630096187e-06 0.0048112825918590904 0.14452504199865207 0.0967162990115933 0.048908993593577275 0.1997384806812754 0.05665103150437419 0.03286753580751181 0.05296012203397521 0.8259745645973889 0.5088431313344234 0.4737849157408695 0.650816196887555 0.624430484950002 0.732511145519642 0.8852801492690697 1.559748638570422 1.0244784626796246 1.9725797760292523 2.227231202920197 2.900721065529899 3.0381891180417053 2.6939391305389075 3.4532644132513286 -3.3263915614940394
1.6169254956545875 0.032498983478220736 0.005917497260454889 0.005484776513340963 0.05674812419693657 0.1998264219612247 0.12475113681869715 0.10297057654092046 0.042849834851684795 0.032224945893271045 0.03782264927181736 1.0747178109618247 1.1497982866060468 0.7782700615732614 0.8672806423164184 0.7227069139114676 0.7175408940273941 0.8001648898769778 1.2672851665100309 0.7794128543476373 1.3277110657789324 1.3266162849922807 2.3443433781018737 2.662379095574908 2.746143017627685 3.324182375717464 -5.545574357976135
1.7507989235119519 0.03562602549213376 0.0050400247359654584 0.004474038113467658 0.017471555743298502 0.19906862724772115 0.07770935858201143 0.05768465332656641 0.045593296023037265 0.033075586791677714 0.04053251964901406 1.0109887456452045 1.0729812234841951 0.7321419046779406 0.8189896134655881 0.6839363679689356 0.6766551714251884 0.7501132882760143 1.1582936814640505 0.6877382154960551 1.085504414174288 1.004642541439206 0.9685061700115866 1.0711788277209724 1.0531873047625848 1.240935104246629 -6.11526148091387
1.754104044658253 0.027039797118500363 0.00502933009448083 0.00442901994131901 0.0586123402835757 0.19999999528813675 0.11016408680468864 0.0906389737376256 0.046409211715944886 0.033566553664568656 0.0412359062984491 0.9968481671470049 1.076083314547659 0.7379279516265991 0.8323883735681139 0.6999887602085358 0.7020630701100343 0.7897547510209239 1.252163855948225 0.7680252462474392 1.2967776790108982 1.2796431268752286 2.0701564722471577 2.43647141177478 2.404021792329746 2.911985859326848 -5.831240868459313
1.835026584626688 0.031462692215675526 0.004928682146047376 0.005361666912619165 0.06482220276369834 0.19984249239193833 0.12001783773275089 0.11085305586132113 0.045792941285469554 0.03414460089590457 0.040797740798564214 1.0082085510737206 1.042559874559014 0.7196179192826062 0.8175737442915196 0.6932740233961697 0.7036459291904439 0.7992257989710847 1.289514992074909 0.8007352159029216 1.3829162500503007 1.3965078225770151 2.7181436435399093 3.1147169840718405 3.2029065413873767 3.9419470605704086 -5.450842654751911
1.7555690404218 0.03134231835729268 0.004699206492035497 0.004670719956579636 0.06688603940813646 0.19999999998252596 0.11437244805356232 0.10232171933100093 0.04509221986051573 0.03365585504939541 0.03969517891493663 1.0273892861651528 1.0765552611506006 0.7401322915598465 0.8349799917444517 0.7036896410096981 0.7097423300198277 0.802068697056672 1.2909950540372048 0.8015884876644844 1.386247129402217 1.4021656862112164 2.7737738081824874 3.159653719928837 3.3067135626201183 3.9999982500741886 -5.4491624431788885
1.8987794919192256 0.03118330639758301 0.004625203647970843 0.004229348020422614 0.059491279947842944 0.199732596108065 0.10979067519029688 0.09184315513769474 0.04729343258549444 0.03446582420179668 0.04189636608916119 0.9772862829679402 1.0123312072791826 0.7037485546174248 0.802314233729887 0.6818611021523897 0.6957033349083455 0.7885951966954096 1.268578467940276 0.7828384226735247 1.3338340319144106 1.3272471352824773 2.300918381867959 2.6198183684527847 2.7014577304963994 3.294329818535529 -5.573276332431329
1.5857190689646343 0.033898733121566535 0.005631044877300977 0.005400364062206599 0.03327008852076808 0.1999999999998058 0.09772613167608633 0.07927993053988354 0.04255756569809938 0.03183293157278607 0.0370370712044553 1.089566048322203 1.1651387400304394 0.7831728158224718 0.8697164338164863 0.718741129016836 0.7041649258524033 0.7760408534642537 1.201324286371075 0.7223213189330893 1.1810639956295155 1.1226301202210924 1.3868734042787028 1.5306042969765958 1.5593496183746722 1.8234880136031268 -5.925899013823055
1.8460761437293687 0.033124221282643904 0.004775768335842065 0.004230430488257957 0.03593667684401287 0.19998891487162393 0.09029545123586029 0.07133753548211205 0.047127039647059256 0.03384377881208928 0.041922438122159615 0.9799352102955149 1.0322727519755655 0.7116748807011666 0.8064739491137564 0.6794825275543447 0.6835102005338982 0.7646423918871507 1.2030373270731871 0.7267969989718512 1.1861915794705291 1.1296701876664879 1.389945220625687 1.5776156099744993 1.5630831762700528 1.8515404370632722 -5.948164576511975
1.6723384310097968 0.02446008541864009 0.0008710476177800421 1.959255922249436e-05 0.11970447498770972 0.1584326385813612 0.06385291507033147 0.05110760976694093 0.04374417747506205 0.03283026797448162 0.03894902029830824 1.0516947264719945 1.1258033754983205 0.7715042917630542 0.8689133750981872 0.7330364774673659 0.746000843961312 0.8511816110418318 1.4106695862243477 0.9068663621529481 1.6777961632053418 1.8382283693549455 3.232191384260584 3.5782036747215606 3.2590616000687236 3.997365966045207 -5.136419213845966
1.6750715458462566 0.03116227521720726 0.004567710638994522 0.003831230271962343 0.05836630597823677 0.19988795537289664 0.100737036059655 0.08115016394205088 0.04502623209073738 0.033101880694523904 0.040405439768533384 1.0198543495569046 1.109268911513886 0.756141549932954 0.8517837204268113 0.7165368131832806 0.7098076878920595 0.7957385452126586 1.2552921916706927 0.7698522824123114 1.3142682708688005 1.3057677759268904 2.226470407236417 2.4597419202827813 2.308460579692361 2.709022630970083 -5.642191161288663
1.6461502724883637 0.03520678872934309 0.005435483132520683 0.005358440243591785 0.02203218351574031 0.19999999999999998 0.08666246953991842 0.06930046801595141 0.0431038859454637 0.03209685264197198 0.03678110363433994 1.0923235704951746 1.1282995791232886 0.7621504638440357 0.8501583927509623 0.7047711373452049 0.6914873636233543 0.7623037776834112 1.1730271485672883 0.6989324864055362 1.1200433388371651 1.0455115521249545 1.0964922503842005 1.205831997338393 1.2004208419280238 1.424740623128964 -6.0553965048256675
1.6006746854266172 0.03587279275599968 0.005643526977008287 0.005593978961458117 0.01657676169528377 0.1999999999069997 0.08525172150112399 0.06833687769159329 0.04236056869876596 0.0315956228117861 0.03616979500819619 1.113018002339538 1.1534604881050123 0.7752330276118391 0.8585776545115855 0.7094132409194557 0.6923839114104768 0.7598064533957254 1.1608573154259605 0.6882571268240736 1.0939331675299275 1.010559409360508 0.9877151933924169 1.1152098141370923 1.0735239843089028 1.2785159751965267 -6.095425455522462
1.5969528642271944 0.034537954888752505 0.005479937953295174 0.004567122231489483 0.026844876934193705 0.1999999999584831 0.0898345908222924 0.06568364637813663 0.04281502026944876 0.03208511292268838 0.03943588449613053 1.0307817711469143 1.1572568904022364 0.7774555855977422 0.8602334800219538 0.712440839160321 0.6983809244804526 0.7681159789846588 1.1808084668958785 0.7063290637082658 1.13936370656004 1.0666122293214926 1.1875637062673814 1.316988551276528 1.303869136019572 1.5268824728706143 -6.0366661159657236
1.7569149548600504 0.033135998195701954 0.004715867920414635 0.0036749562972577306 0.03674539344569505 0.1999999945442391 0.08821418686493902 0.0644911277527794 0.0459483396279048 0.033510141159816105 0.04182345640933756 0.9910975868409085 1.0727256120151103 0.7335636242675079 0.8292211765367091 0.6943151552481793 0.6866626549031788 0.7657864295113547 1.2019435138902779 0.7252070886259224 1.183547406894255 1.1328008631986208 1.3886675238703694 1.5534893553532794 1.5725560524515545 1.8378355625806324 -5.951443517101549
1.6611164502140767 0.03132840328756937 0.0047583046044570075 0.0041452126455626005 0.06263552953143779 0.1999987889059306 0.10733237009188182 0.08862332021848106 0.04442721606164309 0.03289644883482387 0.039683706335173714 1.0345429247998839 1.1144073213354926 0.7668951089563992 0.8557938354399726 0.7213073238131245 0.7131437813166812 0.7996597153080744 1.2740041235990989 0.7960721489096438 1.343798301055409 1.3529422315341657 2.4617006762868154 2.7843304038394665 2.692895792758398 3.007836216370828 -5.524783574114858
0.822368669175596 0.03612253096226786 0.0076273351047260116 0.012903091322888506 0.08015596655059988 0.19379305354631213 0.1155087174738726 0.19979837784098406 0.02661013706059602 0.0204038802766388 0.024562456866496746 1.6997215492275484 2.034328613236457 1.3176410819725406 1.3404513912295954 1.0450853210253837 0.9542930424329017 0.9748978940321518 1.44028317542824 0.8654414194559692 1.4980511885250842 1.5774157979877155 2.6967122966149497 2.9815254204402457 2.70324821902311 3.6275816598180555 -4.033738822787758
1.4579075008309637 0.03440056771152661 0.006498079471482765 0.006319691222010267 0.04568711656171565 0.19999970926054064 0.12363172115340576 0.10453881811718255 0.040021417145625994 0.03056738997084599 0.035686323804071524 1.1412081200203423 1.2457153128435452 0.8338254279971821 0.9141024586838814 0.754145116805628 0.7292968967407869 0.8032611633434806 1.2442843232161145 0.7559450698211386 1.2656081418714142 1.2470898495652594 1.9384843576541015 2.2831485185944294 2.2355587037492675 2.7268997310815606 -5.6193639287855826
1.5170697173720993 0.03325283216187921 0.00591008913375698 0.005978779143431505 0.06044911327115978 0.19999999986820372 0.12541435928505623 0.11204522503781096 0.04074792017325235 0.031229211146529916 0.036294782154484714 1.1215700195930807 1.2112289031462542 0.812233423888561 0.9014185946853915 0.7432315745220451 0.7315414225768336 0.81312569524574 1.281413589310704 0.7897462922878667 1.3544418919300096 1.3748219745973616 2.616536331517428 2.9740101980540943 3.1086088977527293 3.750150456460061 -5.44661132861529
1.5443345006200506 0.03556749676254788 0.0057764264307681775 0.004940034336484871 0.01986560960148828 0.1999999998435503 0.08836708092489486 0.06437204927450922 0.04153470139204139 0.03153386150343228 0.038492445453771666 1.0500563682192383 1.188882805880332 0.7933905751021709 0.8756904713420972 0.7204093882352356 0.7000102608264253 0.7655317161122993 1.166226895362591 0.6933960967348525 1.1071221346211202 1.0260965187333528 1.0461677816541475 1.1710648592951933 1.1452835472219387 1.3330264139150116 -6.085132122241848
1.618019635022173 0.03284219360163916 0.005217564275630189 0.005399261716020459 0.052226130380760113 0.19999999999999998 0.10749937745978143 0.0962396760004064 0.042989586504194176 0.0322335819951818 0.037226789445631035 1.0779823576620948 1.1490736577743341 0.7766908607682999 0.8661812609436607 0.7212019755164757 0.7135528664450212 0.7936950862362384 1.25272372574949 0.7666005147225121 1.2935686362545762 1.2770036118375436 2.086367429489339 2.3581142435967526 2.4326651647994146 2.7856508501689516 -5.627346306551014
1.7231320518577542 0.032152081759586996 0.004316581370944599 0.0042632331959021365 0.049581217621936506 0.1999999863135189 0.08901379005572833 0.0762553902089187 0.04489508490873116 0.03313767973808558 0.03841237659311363 1.0406008544504843 1.096502246947678 0.7446659582898141 0.83818344041186 0.7019413348985057 0.7007738958291736 0.7837632026146186 1.237501497050601 0.7550067324802834 1.2601696194559746 1.2339986850651696 1.8499627041588766 2.025771172717365 1.7924634750285984 2.2383034260811967 -5.769652226938829
1.7966130729421557 0.022763403166445078 8.88524862314296e-05 4.9891255955377024e-05 0.12269332166225731 0.14965927330183215 0.054477619496457456 0.051804693894807824 0.04574153731510054 0.03389566931033225 0.04002286732617896 1.0159243255376027 1.058360621371034 0.7373669570324068 0.8377741197040091 0.7123594643750695 0.7342191459794813 0.84707962858342 1.415680123890723 0.9134246161609274 1.6942868338841817 1.8695970713347558 3.1518737175636335 3.4575438457027903 3.1082299652431002 3.8989229916977655 -5.109379681043013
1.3781680606624636 0.02914857313252613 0.0028891473880966237 0.0018801597411798128 0.10575233444076075 0.1797282683565314 0.08279831083544514 0.06629163600699747 0.03814150321842697 0.02976581905280293 0.035831974429634 1.1662108843816306 1.3183842960872665 0.8752418502161171 0.9622895956831058 0.7907674083796753 0.7745321609854616 0.8633743205600966 1.385683678843129 0.8768770509020276 1.5963978924045386 1.7385653313351423 3.1928186741844375 3.4055702387439966 3.1992934861401197 3.9976850360708815 -5.1625871728265365
1.6765131891000606 0.03255455632678893 0.0056249543538872465 0.005666820610448466 0.052955135582082744 0.1999427412171456 0.11993507456810361 0.1033469798341986 0.04359123729437611 0.03278645057411142 0.03780881347177935 1.0673551811153605 1.1175021075811393 0.7594245342913138 0.8512019895076105 0.7119002664575648 0.7093304767900288 0.7936753088185944 1.2566029230623514 0.7713085379103042 1.3041524651271137 1.2931838854325137 2.1457031928022934 2.5273299896430164 2.5015032202084684 3.2080884331626947 -5.537743538688159
2.0606298832258374 0.02850858706843521 0.0024601835650804537 0.0017571623880358338 0.08386197149780103 0.19998795259930494 0.08715660070858211 0.0748665971408854 0.050436525487260936 0.03547023355730895 0.04474950982588578 0.9183345069216433 0.9515862539487502 0.6737246194795266 0.7807932701334153 0.671859242003118 0.6990896533184686 0.805753282861066 1.3280201628864061 0.8337786800369003 1.4692695617565044 1.519315169144636 3.0917935210130567 3.459774420344531 2.9836334964633946 3.9530577463703906 -5.359330573115963
1.563479303762489 0.036354428449101445 0.005786954389665563 0.005742264005336362 0.013976452772435088 0.19984438835394092 0.0846722023923003 0.06747727133904323 0.0417957436267406 0.031388107120733796 0.03603805798816132 1.1128868035167545 1.1758999915339736 0.7876369336954574 0.866057244768645 0.7146607286059093 0.6958211727279116 0.7603228182675192 1.1556560278946895 0.6835466360924265 1.0793032681249521 0.9980222578751398 0.9463087108532431 1.0539643615243062 1.0228268732642045 1.2099169370087604 -6.124552533390093
2.1643232073404444 0.02805276309263937 0.0019792068980854015 0.00011618174633350984 0.08866032426064359 0.19977396419508323 0.08255619098410107 0.05822640070225701 0.05150119249739965 0.03615844940168522 0.046222281886847794 0.8955689112531054 0.9130495812204207 0.6569954885669422 0.7676610790796151 0.6686320880375174 0.7004629970332994 0.8086744383155547 1.3366562416915608 0.8479530660882777 1.4914740833838274 1.545452850039691 3.183325872907232 3.5375851655411514 3.1529703984423816 3.9999426020909947 -5.354248907001117
1.5278970341797604 0.03579934074089656 0.005927014337121002 0.005061689745324649 0.019236778816410633 0.1999999999998199 0.09046787043952455 0.06583761801069923 0.04123807039772596 0.03149192010037541 0.038618728862270114 1.0468983421627327 1.1984427375274205 0.7998029620758927 0.8816157984895849 0.7235839885845178 0.7020245265357089 0.7657853415364019 1.1675523982103468 0.6927743852576177 1.1032071362595879 1.024431197917719 1.0430557288025093 1.1664772173387965 1.140067507208245 1.3393145643735658 -6.075033064601593
1.7061909876799757 0.03373894105242609 0.005500436242495459 0.00416161402635552 0.03207803123382817 0.19974084187197047 0.09574652659174203 0.0669342423857076 0.044931674396723555 0.03260880917218356 0.040988805059428625 1.018701997539005 1.0960151249328907 0.7485376079143368 0.8360664236086344 0.6986483752195326 0.691934352526436 0.766705773262922 1.1939988407503455 0.7182749472681522 1.1666055087890725 1.1044215015824461 1.3056464044540874 1.4626118363726743 1.4500449211803204 1.7403243554693972 -5.97055566156528
1.6026247379474046 0.03258923062233189 0.005680469074486156 0.0057674296464269885 0.06362121026274435 0.19999792383792436 0.12580327011733294 0.11187415228283369 0.0423244418063678 0.03202991122668221 0.03683365858523985 1.0933160636358834 1.1595804707557336 0.7842534777349607 0.8750133753192647 0.7282139627476343 0.7237691988365914 0.8087969714179647 1.2886608120900194 0.7975776233808104 1.3750454130740548 1.393720023082082 2.7555083957067192 3.1413899196884905 3.289575337236378 3.9999879375587652 -5.423816489691143
0.6898393551057515 0.03829602833637593 0.0108190538034615 0.0077470454997801905 0.08979981910550665 0.19932394950036492 0.17221141621117872 0.1038401104998441 0.022734140151222517 0.01774228308162692 0.023347050613557508 1.9665855056214128 2.395505300192495 1.489954191528601 1.5211598625174625 1.192525168770664 1.0455624693583074 1.071137505462682 1.5015344154189423 0.8904290430423536 1.5300273642421056 1.6159279297541136 2.967440005128864 3.2637198074087386 3.1355532427567963 3.994899192071182 -4.081220134622019
1.3218594305680105 0.037821219434115615 0.006990350594488555 0.006317715684398114 0.0037576643262686943 0.19999999997763118 0.0899974435483951 0.06542148502779516 0.03671868575725453 0.02887127672408041 0.03517057204042131 1.1448966163135008 1.3518749798123302 0.8840498853026034 0.9475993473236893 0.7647767688248731 0.7211703546110096 0.7720486638048747 1.1406531718336153 0.6660125873272565 1.0352188865727885 0.9374810174773549 0.8018101084839423 0.8863012012796119 0.8525809830816776 1.0029642370737109 -6.150093113685085
1.3781221721715378 0.03322331153090888 0.004133078283848364 0.003370836603444904 0.075840520738466 0.1999991068992216 0.09086735459009594 0.07369455008451709 0.038094112591992274 0.030042452514822703 0.036251760889869894 1.1181933635969463 1.317007912533754 0.8697984077602421 0.9508887431655605 0.7841760965538985 0.7552403935738087 0.8371623628109565 1.3131112917509027 0.8134478294959947 1.4156075492276134 1.470741708345616 2.478990204589175 2.7485076764715095 2.475923417084807 3.094071458480726 -5.387356369263495
1.4131853193482404 0.03529255735809613 0.006260428286335009 0.005393799580165408 0.020083287988868277 0.19999998666964466 0.09307521493769132 0.06885506508346863 0.03961578469852531 0.02990716977413749 0.03711305022216195 1.1672268804232413 1.280003340586054 0.8416480907090652 0.9193461163323785 0.7492287491018883 0.7168163018856415 0.7769097132142521 1.170897403234128 0.6940568816701934 1.1083721218585072 1.0303905868713732 1.0794915884433727 1.2077594929512863 1.1514012090724417 1.3434780592681268 -6.055843214378931
1.3204481485040005 0.03576439601280815 0.006738845802356213 0.006816416019663855 0.0294522739342504 0.19999831403846113 0.10867803358136392 0.09285571681371221 0.03787835318922082 0.028909257686398848 0.033883580699595586 1.2053775692120638 1.3531416492653212 0.8870461240238978 0.9612516932861708 0.7791515096952683 0.7395276043917142 0.7982360716805105 1.20910707978891 0.7209562011415237 1.1705008599332107 1.1151050414460015 1.3939916376033947 1.5485454293571197 1.5451365284439593 1.8646853446165552 -5.787078844906898
1.688456191399644 0.03205007357211102 0.004748392303011265 0.0049134661337196265 0.05831159911498964 0.19999999999999998 0.1059823237546866 0.09591901811183595 0.044223538669716615 0.032932410584681174 0.038076440071070486 1.053577953939753 1.1108650652139063 0.7570233695610576 0.8461015296401747 0.7144793266934499 0.7105498914340833 0.797310723719915 1.2663178247863112 0.7793151178867728 1.3268109716845558 1.3284033710338399 2.309891438324968 2.61758521781178 2.7134238695793855 3.1266868706499995 -5.575677632405095
0.6588252587192194 0.04336192819816274 0.013387511933060646 0.012637147156131257 0.026286342202510003 0.19804751081525665 0.18727543247156833 0.15507997786576252 0.02134385113331276 0.016586787960601746 0.022620297573052763 2.1310989524472275 2.5026637217284082 1.530973774473393 1.5563683581657353 1.1902191306223793 1.0214887651142313 1.0219684049772224 1.3816061496274628 0.7767538644602046 1.2168947042307938 1.175230788045806 1.901124573586854 2.1624847278816204 2.192550117448765 2.662254585941269 -5.003379138046375
1.5421282938261338 0.037119092396618925 0.005879286843933344 0.0058718101893225835 0.0067997013768115455 0.19999883802521548 0.07915700084377934 0.062167645791297986 0.04152778102946035 0.031020454291536305 0.03555944753963723 1.1223297818986697 1.1897920889943319 0.7931380583327712 0.872830344253488 0.715527454360431 0.692853786975588 0.753092301530679 1.1400734321752513 0.6694177971982895 1.0430873689290694 0.9520398295954919 0.8202368930507171 0.8960487306876154 0.8744619148659587 1.0324519057616166 -6.184008212540472
1.7699214508039194 0.03259873478864669 0.0045819568279324265 0.003470379307828687 0.04013580871546321 0.19999999999020718 0.08885458061858961 0.06495198278990691 0.046253870321722575 0.03364394555617637 0.04203343202130093 0.9868203352748808 1.0667132368043544 0.7308123855791189 0.8242411890260116 0.6900341008327946 0.689438186338244 0.7710046555475805 1.2100178516594937 0.731971159142861 1.2021185196082822 1.1509069607991824 1.488884053780216 1.671298205118203 1.6672869055180572 1.9460726742549415 -5.926800143284264
1.731256291725088 0.033432966252730255 0.0049996173455739016 0.004520316204899962 0.03566194408581978 0.19999974696263248 0.09273483348312864 0.07238603639089274 0.04518853317073117 0.03327993242038647 0.039617996614024195 1.0261837815477128 1.0846107114022314 0.7410381516162814 0.8313877955422938 0.6942411266166876 0.6923965965280791 0.7687471038104063 1.2032793355359663 0.7258452784538968 1.186498192558912 1.132881470236 1.4084939675229582 1.5620183233246574 1.5687964222829605 1.892683235901206 -5.921699601411084
1.5750166336745959 0.035107146110217015 0.005727327133977524 0.005110127483060227 0.0251566463205575 0.19999999998576948 0.09301123964139257 0.0702947932365804 0.042618787040815446 0.03166662216653835 0.037984597108541046 1.084199486535379 1.1728082605220682 0.7855371947165877 0.866940463035363 0.7204941493914998 0.6986568159351889 0.76710390126644 1.18137401840028 0.7051857784481654 1.1342017973051128 1.068930870950965 1.1579070112371828 1.297446695944422 1.309111598300789 1.5407983626711383 -5.993271090899371
1.6642673835339439 0.034789742694249254 0.0053977398937013555 0.005324751785575598 0.02503794356777377 0.19999999999999998 0.08919388197262403 0.07201264157627303 0.04366046719828087 0.03240444843604554 0.03722954257281049 1.071322176701411 1.118919334432833 0.7573234936769495 0.8450323859252555 0.70190481776948 0.6914309629149503 0.763644343680999 1.1801582622663669 0.7051611553372892 1.1355416694301619 1.0637082247783631 1.1610008809383754 1.288181052217756 1.2814496578889996 1.529449133451663 -6.022863652167827
1.7652196735813228 0.032652729630643064 0.004712757546569913 0.004568971532496417 0.04070083125423788 0.19999999999978435 0.09251568665801299 0.07678117940374134 0.04563671320986685 0.033575094379396445 0.03915128319300376 1.0265557918443442 1.069683202265371 0.7324287707727781 0.8251271429779691 0.691334279079662 0.6917394015599856 0.7733888941904787 1.2152559521755235 0.7363693414314827 1.2143094292505217 1.1660645944505403 1.5390602210906057 1.7281220574825378 1.7576014798164266 2.0674881588037555 -5.876358809957023
1.5088405058193275 0.03112606406504963 0.0030721084448683705 0.002162624081344615 0.09096711144806108 0.19999673054213873 0.08813863165438868 0.07186854768287007 0.04079847138148265 0.03173366115498953 0.038749688459080424 1.0378701809347541 1.2213980989644513 0.8206020582876251 0.9057283890950972 0.7520468279670738 0.7482059730863616 0.8396266767751606 1.3506250663166757 0.8479198553775559 1.5106382444706705 1.6083088563893897 3.0839683521019112 3.314707767600017 3.092764843484263 3.879661418207117 -5.328321474345907
1.6774218928727245 0.03256310108611703 0.004374143257143298 0.004067547847686044 0.043656120514386436 0.19998623640645838 0.0846040018110701 0.06922249060234269 0.044727709739116654 0.032864003098543974 0.03855683485029942 1.0423054820931397 1.1178542788773769 0.7565300950078329 0.8463950929293566 0.7060175332823783 0.7012113580267002 0.777654060591262 1.2206582969119721 0.7400605361403508 1.2221082367226963 1.1858885981062512 1.6115837728802516 1.784698706814429 1.5987537644266017 1.9557312163732978 -5.875417525267832
1.3530253567376964 0.033966639891415414 0.006905008154044674 0.0068096501793020936 0.06001596677385559 0.19535684367054576 0.13833814261869362 0.12059727143383947 0.037596562532309356 0.029284310701625516 0.0341773933610334 1.1971644923981593 1.333345565767793 0.8791200078471696 0.9581696334275555 0.7827779403711566 0.7553341869481194 0.8272295958707401 1.2880247845358008 0.7904646262422587 1.356832858089548 1.37569224701792 2.72764410341168 3.114295576730826 3.2412969565376866 3.928203338975316 -5.357936026128438
1.891861001854146 0.030827048475834323 0.00437274440528065 0.003699387225603794 0.0549767376464187 0.1999832111921885 0.10022018588687341 0.08061830225845124 0.0478862560649241 0.03451358733785277 0.042752560538207966 0.9596449798735492 1.0183588972162563 0.7039252804302535 0.8060442848097127 0.6821883011392212 0.6887791882933152 0.7826038029159536 1.2494578632630928 0.77614924827494 1.293708802325742 1.2734411706882893 2.0208911643662133 2.2833813471623934 2.2942463597552454 2.8077908790926718 -5.705531747304404
1.8960956197376004 0.030663292411271536 0.004242314713548501 0.0035174890766906373 0.06665912146359448 0.19999999979514638 0.1091320072185894 0.0892021229249573 0.047648503768576655 0.03472987497501338 0.04285069134728114 0.9636570035129182 1.0108739722411222 0.7057818714656154 0.8008390854227939 0.6824497619412712 0.7006634609605604 0.7959651766578943 1.285917076726369 0.7979171334080745 1.3740869465754155 1.3883730927030455 2.6289755312064758 2.999659953574039 3.071445144169939 3.8214391839844284 -5.489031953168112
1.5967097469250864 0.035009636980613115 0.005742864352113849 0.006101847725752547 0.022951009957434598 0.19999999169300234 0.0919193564134217 0.0794383247246345 0.042657240385816725 0.031771718400290305 0.036443713448574486 1.0933255958842742 1.1585644676185543 0.7778799012657991 0.8622069204857108 0.7118376035384104 0.6971080444276427 0.7654523284839139 1.1778598835981537 0.7025244598510576 1.1282845034998958 1.0559472231942628 1.1455033943180168 1.270960191312583 1.241875429678336 1.4878159372548667 -6.035364148003214
1.8109226970930625 0.027924624969096944 0.004659155611092029 0.0041464802968428464 0.05427466849418454 0.1999996288303682 0.1020962390335124 0.08423272944737868 0.047229859546717226 0.034028043498581344 0.04223734619402257 0.9761830320429599 1.0499388720769707 0.722783363610673 0.8174410953375885 0.6892095163163046 0.6944564775669047 0.7832633783581151 1.240656814534229 0.7585116097375101 1.2709688693893664 1.2415343998069905 1.8831940940777834 2.2130016038849294 2.1636286714665216 2.627406589376909 -5.8652510180552815
1.6149703020885389 0.024009150185117244 0.0008370111810870176 1.2062351375693674e-05 0.1219556001530983 0.15420155886755077 0.06197003622707028 0.04976543776955913 0.04275703309133872 0.0322044838811399 0.03833840199943529 1.0747791750600264 1.1585895203550105 0.7889470867308931 0.8869457343997871 0.7466324848422463 0.751770504532169 0.8543671847599748 1.4134454541836212 0.9092239161687415 1.6868014362436272 1.8658169741004722 3.1922945357726142 3.5200067201049032 3.18862322905407 3.916891051389871 -5.127069796829803
1.8014267534155795 0.03182899549433674 0.004248855387865909 0.003521190113665874 0.04363187193095871 0.19999949331094105 0.08730306358939666 0.06837834400640047 0.04692571405998932 0.03397484406818582 0.0421733219530386 0.9783851500214158 1.0526880239013185 0.7237143754024368 0.817273656758565 0.6870340325954079 0.6902862314433529 0.7725021686885496 1.2180421992717605 0.7388010505589422 1.2210582566508197 1.1750120070799948 1.584865159651423 1.792221516211336 1.7324024551822823 2.0856055145158643 -5.900880507540212
1.6769850568574278 0.03226966584027056 0.005016617661635578 0.005256224282134252 0.05689201056307738 0.1999999999999939 0.1093523067640874 0.09959870834900293 0.043407213007223715 0.03265901739809289 0.03775564930438525 1.0717255184484238 1.1171068138155158 0.7599753321694905 0.8574216864971135 0.7165375941094057 0.7109778891504374 0.7973072782877304 1.2644915096421443 0.7776769520504032 1.3220725916074212 1.3236787362976115 2.2809173502650144 2.5752878016531073 2.6770771060021277 3.2105420524644996 -5.567400046123724
1.656335677543058 0.033275837148552534 0.005288918663300188 0.00469412546327207 0.041021724970498726 0.1999982661532232 0.10052773040456453 0.07970050237889086 0.04390658950260839 0.03265943868535926 0.039518734106937285 1.046190431001525 1.124950594744792 0.7628458846223315 0.8507863711304942 0.7083907465106893 0.7023623821345786 0.7791319089550487 1.2191591607770904 0.7384397392877887 1.2195719900926867 1.176976680248535 1.59633626768135 1.7935282491915019 1.8207036654271995 2.1606560246537265 -5.823275199231291
1.6926214013418472 0.03278907799857843 0.00534669171852176 0.005587616502886472 0.047195328545644545 0.1999998133401271 0.10836054509776948 0.09572168122056737 0.044072260856123785 0.03282509118416924 0.037835219281603445 1.060853272881862 1.1086894595636994 0.7536888459754116 0.8424652788755383 0.7030830974808461 0.7034181101935209 0.7847159166179491 1.2389464736399511 0.7558423854755488 1.264686566369898 1.24276353055137 1.8663973382582821 2.101513838087089 2.15490808850768 2.6169741783023985 -5.692140511207332
1.582589699109905 0.035564128635794265 0.005789131354786917 0.005646520632915711 0.019841094374645138 0.1999985085617102 0.08945693898760905 0.07083945464424864 0.042081830493807856 0.03145577343457582 0.03609200174270578 1.1130488497221442 1.1643102318579037 0.78136458015282 0.8668947438263422 0.7152111715932472 0.6964513228792213 0.764410572396264 1.1694571996057026 0.6953497701738011 1.1107963094221636 1.0348967800270252 1.0642465615058652 1.1710723429582444 1.1607153498684868 1.380898053190789 -6.06489562703941
1.6699276264679517 0.030706634581824915 0.005386813720084865 0.005410729741045909 0.060076630303492 0.19965871379027 0.11910327330281144 0.10582126263915521 0.044461025430155954 0.03296434269536331 0.0404756369762309 1.0217987078803843 1.1251271863193524 0.7653165686668608 0.8561161648912358 0.7146709566106475 0.7197547468960417 0.7992500007861294 1.2708711136945938 0.7873987427808106 1.3405264966289474 1.33595122675753 2.404013568612043 2.7611336699794564 2.8043361373507887 3.4234578570651215 -5.549133273105303
1.7258045262121255 0.03160591756397364 0.004664270782066203 0.004672082138283957 0.06945044072241266 0.19999999469489646 0.11505520918026839 0.10387596025792384 0.04441702795821016 0.03335173984455484 0.0391136867828858 1.0400424089494278 1.093777315751184 0.7486292992973698 0.8443206804984877 0.7098202629753451 0.7151800295083376 0.8070754021309614 1.2992491498562355 0.8084848170408787 1.404794694512478 1.431187268771681 2.961721108936384 3.3828033745160746 3.517514633376431 3.999819587279719 -5.41423275818445
1.6178523183253248 0.03290777256381898 0.005381774903088757 0.005566976220352565 0.05232912049545422 0.19999999999999998 0.1104653207614763 0.09854675661104247 0.042611332642898694 0.03208196338650829 0.03689652339825028 1.0954957837946038 1.149641187328642 0.7768544560221053 0.8670416832276431 0.7203940662390311 0.7139743358299365 0.7952335848634304 1.2542150883068852 0.7679215345508839 1.296765365545086 1.2829658968793354 2.109292534647665 2.3756574296513384 2.4615801018750307 2.9570108222995586 -5.6024517151608055
1.4682043471390276 0.03431606638884053 0.0065128258396695395 0.006773276464665478 0.03930233950246973 0.19966795732596282 0.11792200354485866 0.10304358214709648 0.040237534888966385 0.03070170290295781 0.03539039198423525 1.1423616492362436 1.2381184600816517 0.8282563852670639 0.908348457661598 0.7483570319229708 0.7237441922708863 0.7955498153086226 1.2267796032388214 0.741237221270482 1.229600820348718 1.1918112921469635 1.700138684005129 1.9545267423623112 1.92432507321521 2.316495485629064 -5.717541259079931
0.7355638385702646 0.04407855299455263 0.012591139961591103 0.011713971230740548 0.009969094674067109 0.1995729256599259 0.16663075883690096 0.13181012070330192 0.02261069223261535 0.018981489445617058 0.023554604704829268 1.7065127065465533 2.261347513382235 1.3857126135679638 1.4217549086440096 1.0914507979657444 0.9462015179285602 0.9523975934006084 1.2986849469914754 0.7304162655438231 1.1278401056843785 1.0628145090653323 1.314455828817435 1.4633000317260954 1.4574354257720086 1.7651046082874333 -5.30102362411864
1.7033079612385589 0.032180394152713204 0.004951375187260735 0.004374143659683319 0.04021026575670082 0.19999993319272338 0.09413756874916372 0.07414073222740504 0.045351038770586834 0.03315673753848777 0.0399725623498509 1.0207392175526013 1.1001849852602466 0.7517825901738128 0.8368638454293137 0.6985438057940222 0.6935021855006623 0.7761127993031678 1.2118195112148915 0.7328092210342244 1.2055957279977467 1.1604839318735751 1.5163469928550863 1.6827514546349087 1.6800693342972912 2.012487793232013 -5.924159447359577
1.6533449605596813 0.03231460083180122 0.0054093998655915555 0.005104135370187601 0.058009891001084786 0.1999996554068578 0.11781473730219291 0.0997798305346372 0.04353366569590454 0.03269512173297016 0.038636436504133384 1.0552348798602207 1.1294455831335226 0.7672522381918232 0.8564281742119615 0.717169198158426 0.7141207440333928 0.7987027267169596 1.268382826550375 0.7808047503493954 1.3312572705082169 1.329435610773544 2.3551594936674465 2.6896437071038437 2.7669291518840877 3.343817471542172 -5.547982413423565
1.8481983666198736 0.03185864075007248 0.0044712049720763555 0.0034307790314665513 0.0444233039121934 0.19999999999999205 0.09121731234044077 0.06809572591706978 0.04762370145134747 0.033999506261238654 0.042454626958604254 0.9691367357255403 1.0349954242055979 0.712446773795592 0.8022499027739987 0.6786160941218211 0.6887046956404705 0.7734582131404731 1.220789100961134 0.741676894823412 1.2262891611418538 1.1892083734661951 1.6060940161870285 1.7995402665225788 1.826377956390108 2.141124878214819 -5.889299120598756
1.5941555296373868 0.03513734172724162 0.005755354776109354 0.0056810325217901084 0.02294109009590485 0.19999999999999998 0.09183460078415903 0.07404791892637787 0.04236396452963273 0.03165517873794696 0.03632098712061987 1.1057963873104395 1.1587479831162155 0.7789361557804058 0.8633927571968534 0.7125209377552664 0.6971120893067471 0.7655736772658118 1.1774330031794509 0.7017936426109764 1.1273417312092044 1.0535164353545843 1.1331612541897194 1.2526392411393839 1.2446481141926207 1.4839708906565499 -6.030685164549692
1.662426897181821 0.03476618770311426 0.005497884934420498 0.005504586355426113 0.024093529352284128 0.19999999999918489 0.09018302257026786 0.0740660094802811 0.04369528574889424 0.032347950117322014 0.0370670078174535 1.0763553413163027 1.119460780283127 0.7579049095513015 0.8433705026157877 0.7009324841177954 0.6917490351822937 0.7628733795768831 1.1782328147117802 0.7036116823728699 1.130886704533985 1.0573422109531316 1.1443391646875354 1.2986225174319226 1.2592656081821867 1.4995713093871956 -6.035851673247134
1.834751603330964 0.02480998891570123 0.0007650568159143403 2.7834558135017826e-05 0.11450568474919487 0.16418989587623367 0.06390900713835353 0.052371329552309456 0.046015294085339414 0.034019904891832695 0.04020229012841931 1.0070067504426659 1.0454360229320527 0.7272704936460703 0.8315024228902835 0.70765788869817 0.7299050075190577 0.8397411493658298 1.3991310921289457 0.8978432861987841 1.6470615660574641 1.7888921617386193 3.2251330555682736 3.543876271644788 3.2264883688761934 3.9810480064900946 -5.170961558135496
1.6538397406986458 0.03421084420859108 0.005439849439260731 0.005296980979494384 0.030001778162066853 0.19999999999999968 0.09369269646005118 0.07548328998049955 0.04354296157406416 0.032364087323275115 0.037216805769753544 1.0742932584030607 1.1253014682063245 0.7613277621020493 0.8509252951872044 0.7061206194586738 0.6954810548269775 0.7692884696313639 1.1925319336252038 0.7156629687501906 1.1622853856946453 1.1001821336916517 1.2856039589596158 1.4228273539551581 1.437425243261122 1.702928158213629 -5.968337707850411
1.666368834960814 0.03021958639070274 0.0028177161124149966 0.0022446931349047205 0.09041453110408625 0.19913902279411763 0.08787128158799334 0.07318424231968076 0.04378347081771265 0.03277218046955056 0.03861737581071973 1.0552854698782486 1.1262293616265853 0.7687743424471472 0.8650933222021889 0.7240271885548231 0.7316228296995506 0.825885520848701 1.346969786186819 0.8491616729627863 1.5147939081575363 1.6005401034369588 3.121965400809228 3.4818371409038122 3.177975068190994 3.904386861670095 -5.32056107661347
1.7196667488077682 0.031296676987322615 0.004228020708846392 0.004251736337278951 0.06189252292203629 0.19999827811495 0.0982497856578323 0.08848294626753471 0.04500859451801928 0.03329570300220415 0.03947951938800659 1.025526646392388 1.094551072910229 0.7484926217388987 0.8423422393947185 0.7067669910370508 0.7084327251476206 0.7966986498444275 1.2720384528297166 0.7847866786400945 1.3438045904926796 1.3397262275341844 2.4097798610574626 2.70648736226926 2.195297796227498 2.9420628159536295 -5.515651584702798
1.6389085863055726 0.03549649910551819 0.005509649521898876 0.005486340311570317 0.01923939341097049 0.19999999999999998 0.08587266950938398 0.06944854571156192 0.043198450694279536 0.032072412658540016 0.03675557735372652 1.0855399435800475 1.1319723310638996 0.7638535460544329 0.8494311797271911 0.7036853013958166 0.6903365078090152 0.7596273807048602 1.1666460597698498 0.6933914325575049 1.1058552101956367 1.026184640567036 1.0369828722703947 1.1689964689418217 1.1376142833924627 1.3395311108805883 -6.08459239300519
1.132979365025353 0.03626879465105148 0.00875306937044394 0.007765977339124261 0.05633252894662243 0.19998267027683664 0.15722331108227472 0.13012407993740238 0.0331003345596499 0.025579797848426136 0.03275149777260129 1.3889149617256078 1.5507600076495585 0.9995584523664692 1.0673153423895623 0.8559677449454096 0.8005222915004465 0.859448192484199 1.3001879710608786 0.7884152026391423 1.3455911180961304 1.3673228202040861 2.7686080428094093 3.1648058809884994 3.313594738550428 3.9960029357228795 -5.259232717262025
1.7851623712054774 0.03491432740097619 0.004991415510762013 0.0046387662327571876 0.02222809507462966 0.19990326779486467 0.08157754918475073 0.06381059203044291 0.0458852092234953 0.03332099389384706 0.040282846267682824 1.010358743052142 1.0577880730550746 0.7245153004919883 0.8155708322120027 0.682207084013884 0.6794155373618488 0.7539762673251431 1.169728833400633 0.6977921260513608 1.1137143950741533 1.0368936044095258 1.0740946811686067 1.2034851942531903 1.1634834127578717 1.3887706333070882 -6.07537845047072
1.6606081780217066 0.02310532520351784 0.0005084945453343129 4.41139075148957e-05 0.12742939597866365 0.15146074032804338 0.06043361914882806 0.050484118378382466 0.043445166494898 0.03256483443790034 0.03726103207487291 1.0736712528667138 1.134276822864009 0.776089844547073 0.874863176395516 0.7409309793296073 0.750566999521548 0.8590202334032631 1.4312502967040008 0.9251415716462057 1.730026107589118 1.9194364030711373 3.3480524603511923 3.684437979728094 3.365175298456799 3.999983988736104 -5.0863460564788685
1.6096800380085001 0.03507359754993911 0.005706253708460065 0.005559860414398225 0.023463083238335732 0.19999994851945146 0.09180353541881686 0.0731084250748851 0.04274952809316911 0.03188062421012716 0.036583205990072885 1.0924531149448227 1.1489271022373464 0.7737031692777789 0.8571469254206309 0.709816143896643 0.6975827939054201 0.765528632513845 1.178086062028377 0.7026849090122762 1.1287266267680613 1.0570940099016333 1.1393515530007556 1.2616853932396312 1.2559452200940469 1.4959622150688956 -6.028516653816146
1.7786245165150008 0.032160844540303324 0.004700831797258563 0.004145978526065987 0.04313616274518469 0.19999999990202283 0.09360769364831126 0.07414732625950218 0.046061937984102595 0.03361634282196836 0.04032062740119905 1.0128438888655755 1.0646070371039944 0.7293391301047969 0.821602308877376 0.6919994677335859 0.6902432380012283 0.7746976031719118 1.2199935200822591 0.7405582476883771 1.2244196196523718 1.1804361552444473 1.6139500848701391 1.7952499070859433 1.812489667572073 2.1315314340693194 -5.878022897398165
