9.60921819505434 0.019207844185429937 0.05162692504095632 0.012182734332651789 0.027333446912934156 0.16856449524169168 0.19966918974997533 0.16467723457644268 0.008777157841604728 0.13914837828330662 0.026268483230742753 1.1380945185024796 0.9796800321315978 0.6786486342754267 0.5825746017856402 0.4426752200565308 0.4427163024974143 0.19846130793460248 0.39994950269427654 0.6803725519847672 0.5122928792296234 1.1594067745675822 2.9986516113136545 3.931259463890516 1.9817738484883995 3.3853960128244514 -5.1120857847554495
9.999892361162393 0.015212565094780249 0.0326833403131323 0.013414196002810179 0.0689651736229649 0.12922701193120503 0.1401304470539999 0.1892949455281477 0.009726801937570634 0.1364111124338638 0.02577583426995602 1.1529099948347252 1.0047662249737686 0.6806724571464602 0.5956982111837705 0.4481386754804428 0.4569600633438511 0.20965034881964265 0.4440026975376397 0.7391498773349962 0.5746777768182549 1.350859199919418 3.1514761403170883 3.9997342470939987 2.037411225789444 3.4934212726807434 -4.482873467005074
0.09303594192833445 0.033942303078100665 0.06541844439359744 0.012193558401632693 0.039352354072036695 0.19999983718236145 0.19930363693790157 0.13588166281315184 0.004679285064244992 0.06181347331107109 0.015142106365425342 2.562369454358568 2.309398996230404 0.9008699005803023 1.5908469551235218 1.2964579440861457 3.1927481034462755 1.10783439008703 1.5107145774591213 1.9362884833394194 0.994200521310441 1.724373360240749 2.0811115958680677 2.2455660755438194 1.711947632228756 2.3950100589023178 -3.3996321134828387
9.688321961172132 0.019097189120643347 0.05635410061891804 0.012527545372059029 0.0053934499846863436 0.14790937671657792 0.19990867726170258 0.16185376902422627 0.008744459641810778 0.13857760386791365 0.026285428719545468 1.1450068132555078 0.9750026658868612 0.6717723693125183 0.5751422549536451 0.4344299660384824 0.43117208137631696 0.19316048919720505 0.3810446883861276 0.6357208280614729 0.4597482919014248 1.0137071466711687 2.1178810910646577 2.7448335277848424 1.356772151545835 2.229180174296741 -5.422789068719157
9.99999995741943 0.01774261520607194 0.0512630565706043 0.010322647768747363 0.03219981276422443 0.15216687775904755 0.1986431865412843 0.19684751984164983 0.009166662259704365 0.13516917709389167 0.02592646247203195 1.1720537706418332 1.001678126885351 0.6742461276893582 0.585360370660592 0.44171118208650867 0.4481536813553403 0.20020078697894422 0.4030062844393762 0.6889713685112241 0.5161697828716725 1.1680160283849497 3.046029475326736 3.9999835851078442 2.0362942072111 3.392835918368869 -4.877949250930585
6.1023291457094055 0.01876648611394532 0.053249228821312625 0.00636137261693803 0.034199587331083844 0.1557269816507304 0.19917202210514717 0.11131219009703057 0.008552595000625366 0.12167851222760523 0.022852691945530516 1.309395037925669 1.1367695130824131 0.7016270007424231 0.5894707228929517 0.4419813403433926 0.43909450568028113 0.20053012809306212 0.3984459620705565 0.6826311982106903 0.512883391835899 1.1666666050018908 2.991084588596914 3.958293325313305 1.9741636646216758 3.328261162688188 -4.971478565096536
9.8716866851038 0.012209629496752781 0.01947488040376348 0.008724607090506998 0.10682275498778848 0.09674816106413218 0.10508174897910122 0.19994910455646114 0.010670192448547638 0.13998030707914796 0.027232347570542204 1.1242259655242568 0.9934427488464382 0.6868143886534902 0.5990363730759466 0.4619199140488404 0.46557338617523314 0.22003850404398467 0.44375243307058077 0.7890261029071015 0.6373085046259966 1.549578956345541 3.233011404025294 3.9365374031052367 2.0965292938655544 3.449008964103081 -4.084729195483904
1.8894569435558675 0.02025199340240707 0.06495261927318154 0.008419915972836398 0.010196776365108528 0.1447566481234702 0.19864690190270026 0.1071191310585316 0.004059537543559536 0.056095889353803566 0.010678561132616508 2.8300856496529705 2.4352179173589112 1.084050995839168 0.7541551986748775 0.5069839601801321 0.449464854553582 0.20006437600535112 0.37673361204052974 0.6367831064651363 0.4708742583703693 1.051320808555357 2.104959830519334 2.6645663074039736 1.362625169567687 2.2460451535204693 -4.183765353199304
9.594058190275332 0.09073194094855837 0.08775726142017502 0.11256783212857077 0.1897029892574732 0.14250080628406467 0.14024857796889306 0.187141970552012 0.042208918888061955 0.05023236917866029 0.00039140262590751473 3.298446144038337 0.9394172623083056 2.2311924135448082 1.6061809656767236 1.873625795302731 2.399600164413631 0.9539370616232034 0.4182018286508893 3.043604750347019 1.2027692840471143 2.0955034865321345 3.401990278212073 2.8942505644072747 2.5909590767050483 2.3132059368813835 2.042214223241696
9.988588758546136 0.018283179387151797 0.05182944217128382 0.012293168033507544 0.02859606982063052 0.15457975724509138 0.19955597572169723 0.17020311874838961 0.009342951256530114 0.1402352488099352 0.02674290448229356 1.1158309033898017 0.9710915388484858 0.6770503251687704 0.5826379742880807 0.44067951915664544 0.4415091531419911 0.20066289670350754 0.4037950976625158 0.678948226594839 0.5080171556798346 1.1694151955522785 3.0118458512738435 3.998328381446969 1.9793217036550288 3.345439698569743 -5.156874108460977
9.598174972074712 0.018751910472182467 0.05316489295684696 0.01033799447796908 0.024498127075061153 0.15803300202056772 0.1996516170940221 0.19047107185678336 0.009034077758738062 0.1381431278502307 0.02652331473851434 1.1498362176589956 0.9793590507830247 0.6777758731955336 0.58014420335194 0.43989733095590744 0.44204910837734945 0.19674367412092866 0.3985664422450105 0.6695658712029713 0.49966981230967245 1.124181882273784 2.921194808876974 3.826195026883181 1.8047331548227086 3.0047547772668706 -4.988737038109944
9.942683090084435 0.01860644118425667 0.05260011748668122 0.012950402508500788 0.024283386027890666 0.15715530889344653 0.19999999024930118 0.1741264524149568 0.008953222719286067 0.1393251906758898 0.026337665047851285 1.1361344398945818 0.9718526604362364 0.6765089061489022 0.5815698587260535 0.4404039886537469 0.4417523771373039 0.19885360464998791 0.3980851198539499 0.6760605044654002 0.5032927941722464 1.1405072004576857 2.8737745628590954 3.98480775782004 1.8980576280698478 3.162622550024995 -5.207629325865324
5.755043008600308 0.018354150731967056 0.05478978670870148 0.006224013707855771 0.029986174772831567 0.15004321281151195 0.1999182018413901 0.10630961963961491 0.008528830851758217 0.11882703884629758 0.022318807694017333 1.3361422359743091 1.1464673763584423 0.7045834965846405 0.5912054456923109 0.4448443024479503 0.436642105952631 0.1997621581923808 0.3965774220290479 0.6761614461758378 0.5048099808439166 1.1397977137429283 2.7702790432074873 3.6439392116314395 1.8297168086500055 3.055814214300279 -4.973177352714432
9.477775471463596 0.018879748791267685 0.05885097799673653 0.006157801064259669 0.0005147034927987666 0.14020972942993482 0.19971831685762656 0.09295412403413174 0.009081549810990588 0.13780136404196114 0.026714606232449343 1.145405327609772 0.9785682593795151 0.6705957324310249 0.5721143659883825 0.4308224358530871 0.4266719333500777 0.1893723338454096 0.37166393147104554 0.614245792050478 0.43708318919616956 0.944459913341376 1.7708248977802648 2.192699234132951 1.105126083227876 1.7985983290002403 -5.526564341172846
9.467776251264231 0.01813114612552104 0.05211593715140937 0.01033134016562874 0.030800803179861353 0.1535700969847786 0.19994787077375967 0.19579353724397444 0.009068736629111403 0.13427584113356622 0.025723640468817203 1.1787939993749514 1.0143295813522977 0.675627465489104 0.5832724214836252 0.44304223060948505 0.44277621066552597 0.20071990007022597 0.4055456394467402 0.6881404390179588 0.5144528696287324 1.1666358128836674 3.018436227789107 3.9928658277721008 1.9951246238042188 3.3461848992252223 -4.895545219918334
0.6122364432067313 0.02309148549336656 0.07110891316372599 0.009967450252464469 0.028177414425090013 0.15037816045492836 0.19990003890229588 0.11954409682478691 0.004023851851565985 0.056212122121330754 0.01051347707618698 2.803645901464984 2.523985816275714 2.519910184392751 1.5459144132017504 0.9426152293937874 0.7029244146992576 0.2749561928709634 0.443353062300302 0.6929566867200263 0.4929838874321107 1.1167634725918998 2.574824559837572 3.3658151024234186 1.7684281810562152 2.9617585774562856 -3.767930817034869
9.999999999999998 0.018807797603504033 0.05705471690209568 0.01173521700616065 0.004931554733028635 0.1449603490758656 0.19995931195821678 0.14721610571400406 0.008770722579851236 0.13517499125719326 0.02567075324022785 1.1700339582008064 0.9983470261648005 0.6723662242051798 0.5771871495874142 0.4342253876648691 0.43304319146703363 0.19291123804677165 0.3807989865170696 0.6345403460885125 0.4587410165014376 1.0067552382734761 2.060686946938788 2.683191222755148 1.3162347795773555 2.19215309084638 -5.449797462399248
6.568162438793713 0.018292279223180972 0.05423812968999291 0.006094300675476936 0.02614694663154753 0.14933031579866393 0.19980657581650774 0.1044292170213302 0.008854810110925326 0.12842503243635206 0.0239309003383776 1.233239162433045 1.095706161833582 0.6938888925196137 0.596750088664322 0.4368056473304092 0.44076156356312696 0.20195095852580752 0.41848020175679335 0.6693147478799707 0.4936922333815621 1.105559140884475 2.5964920801908966 3.44594609303463 1.7031547512798262 2.83627676810891 -5.1388216117613625
9.999994311386272 0.017961234905106 0.052138923057752765 0.010539106670511845 0.03225816554860651 0.15361475093887164 0.19997233270303114 0.19827605832501502 0.009118529562018049 0.1355248011748591 0.026039513681296835 1.1632002873882736 1.001874041046396 0.6763604074717865 0.5843707099352914 0.4418396305776943 0.44614400705896373 0.20156505786653514 0.41639884684437156 0.6888083418432664 0.5158668591835991 1.180966204158291 3.0925274587470084 3.99999962922761 2.06167049898395 3.451630482555432 -4.856315746131278
9.82474724499353 0.018226183362993555 0.0516811160920777 0.01272267610739099 0.026732225531615524 0.15558151752746646 0.199704879628803 0.1862914167539072 0.009194648735692139 0.1398091220038223 0.026504912053346413 1.1314455471938258 0.9743562748387185 0.6766909091946807 0.5816735425883021 0.44071749474645794 0.44251409549444115 0.19962067743793196 0.39929249447521203 0.6785416162521462 0.5073211393037677 1.1511339754169778 3.0089045867230184 3.9952211185514166 1.9763432099506992 3.3079281572937855 -5.139468829889951
9.137417481584631 0.018266966189964647 0.052697815904955314 0.011385819427955073 0.028278831605881634 0.15438341772273062 0.19997905538992966 0.19999993556072765 0.008949239297601526 0.13254286676687618 0.02539395095710152 1.190634636095013 1.0232396422584753 0.6797318509663094 0.5843951588057662 0.4390497506919858 0.44225289005564394 0.20104594007326632 0.41000743083434366 0.6803153165931818 0.509732371189231 1.1591529066698352 2.984959395727712 3.999999994310769 1.963786282140406 3.287332237004223 -4.909336097925757
7.37884560601827 0.018638447263449126 0.05852790003571883 0.009678541830748698 6.019598037192951e-05 0.1401690869388328 0.19826620273899753 0.13308643983731286 0.009260176586360488 0.12937638311290064 0.024195489681153995 1.2233649054315598 1.086586896698277 0.6812465632246335 0.577489444797177 0.43113917647103606 0.427248449015482 0.19252622562825808 0.37361578118423944 0.6200622334784874 0.4425237469910324 0.9607285914030212 1.8255786919644852 2.3179414219998877 1.1598525428513218 1.886701464972281 -5.383858061629495
0.20899801712951585 0.02673596521766464 0.06893917545815945 0.007833393058840244 0.09284327395193999 0.15349711693532345 0.18508441727858557 0.09846589553498081 0.008342560508482042 0.1106715389459845 0.02144891767959576 1.436107877849836 1.2895329475315966 0.5090679154374532 0.8720806692810731 0.6874693257808728 1.6406291112580793 0.5739264742595275 0.8297567534463782 1.1844151870958124 0.7122876654569558 1.462141047133728 2.928548656610121 3.795469400926588 2.003270456610024 3.394057948529989 -3.589994609231196
9.987158464279844 0.01799182234978859 0.05192988709062199 0.01172233776115675 0.03131589757310892 0.15488656656939748 0.19990728428170823 0.16224520969610404 0.009139323317544504 0.1356787810316517 0.025626223751152068 1.1706694897750636 1.0021651200400439 0.6749971330409487 0.5858530370426216 0.4419882584999408 0.4459248566992132 0.20145668402032943 0.40138577501800193 0.6920483760993572 0.5186937578330216 1.1816333143285327 3.1081606183202926 3.9999999999999996 2.067293396710204 3.4763644039676813 -5.097669182888099
9.999999577395547 0.018410079376546668 0.05234242716559987 0.00977075239344744 0.029838780068849977 0.1550948250530472 0.19997392620883847 0.1831049982534317 0.008625177793717197 0.13560469359654434 0.025964052019842972 1.1691596226295948 1.001465137977381 0.6782603277772202 0.5850683325316002 0.4402034064966024 0.44341269288086094 0.19993542360782943 0.41704202030237597 0.6771273905362276 0.5072751625635692 1.157415945318504 2.967830215258985 3.999999991831351 1.9684665949489504 3.2902175395495536 -4.931302243776128
7.882765465154315 0.019003410935079554 0.05655294185961229 0.006102867382624502 0.015435540092471152 0.14980079293362603 0.19976424816817653 0.09966515434620817 0.00891817380188507 0.1324229608128016 0.025572477836349396 1.193741171261537 1.0314189546027175 0.6805628931883058 0.5795245238363599 0.4351006252028021 0.43326761667981845 0.19508788503419985 0.3847706462811367 0.6445555215596814 0.4694223531592285 1.0398313720783492 2.230202662875741 3.0015021058655575 1.4404844670364867 2.3686948944952957 -5.345693368772258
5.533492531558621 0.018555394741521063 0.05354453891676576 0.01229191645270416 0.029846854505960432 0.1547539271907955 0.19933708675638698 0.16197024103454255 0.008387502220543916 0.11928999474123608 0.022035861984371487 1.3369851210010388 1.184281541703197 0.713056457934611 0.5927776920142813 0.4430702039952031 0.44121634832657985 0.20237892897804885 0.39908958208332773 0.6850033811297594 0.518748839013247 1.181129788547276 3.0479866857052156 3.9999579569599213 2.030713909650292 3.417088326988393 -4.89689704905123
9.999113702491666 0.01607410379915572 0.03986502553070936 0.010178418207040626 0.056704865059891696 0.13490734620561456 0.16245712236429932 0.13669804723993806 0.009671632867158072 0.13712564516609677 0.025999237855709775 1.149851604724121 1.0033584222132663 0.6800543102903454 0.5897566915570829 0.44664871350903695 0.45032244973829283 0.20700833810144478 0.41470478606646793 0.7161828237268989 0.5491101287103418 1.2770874176432938 3.1724775752301575 3.9999992296647062 2.105946819223509 3.567403237486682 -4.895623684752179
0.16433922082412442 0.030106981705182195 0.0844330985125804 0.006995087780844999 0.0407387271514633 0.15352799230176498 0.19912837752383686 0.07551310113075586 0.006892355976084932 0.09195902420013402 0.022228963836024167 1.7214963852126233 1.5506169863123098 0.6016181553172235 1.0514517976202413 0.8261342454361945 1.9626285036777475 0.6760971895174034 0.9414155085312474 1.288943673288934 0.7183722619685536 1.3591631891616522 1.8350184782762655 2.319225079770909 1.1863206079178497 1.9610557229436225 -3.6819561064539235
9.374334983918589 0.0190974451448373 0.05902403628678141 0.006133498597232666 8.973697072136512e-05 0.1408148410394577 0.199999999998002 0.0919809141324416 0.008845217001861536 0.13742079927085316 0.02671292982280095 1.151169777174869 0.9814857189555344 0.6704750308200137 0.5719632911237462 0.4307235306364185 0.4264066805068433 0.1894938152625715 0.3714473193461515 0.6135645685561268 0.4359360346294574 0.9429572030044511 1.7633138212894877 2.191159445317526 1.1059598282928524 1.8030638560595416 -5.530314025235528
9.991250501889594 0.018291733756188148 0.05174582439915109 0.012015408144043876 0.030251619068401035 0.1560827936522063 0.19982481934482219 0.19993780065473302 0.008963869716616812 0.13868904347254066 0.028121965402243994 1.1418865928772095 0.9754579146458126 0.6771488225212497 0.5833901832228261 0.4424727300424761 0.44379635153353836 0.20059289921230464 0.402716286710163 0.6859167731572304 0.5154435157056168 1.1766551122924949 3.0929928119529526 3.9999984468934184 2.055259701397243 3.4478842072624105 -4.925676122791692
7.760218490963944 0.018475220775772166 0.051427947227332835 0.009525353819028045 0.033052514178868855 0.1564538920465638 0.1978183933390843 0.18039499610837112 0.009099702503990734 0.13497016956170432 0.025456957460000994 1.1667598631002458 1.0456786250861394 0.685618078480001 0.5856362922266916 0.44774757789940145 0.44369078764714 0.20275823894028414 0.4014912234742137 0.6852279097286632 0.5153243056449464 1.1778799110526184 3.063033821083007 3.997476819630851 2.027388464451322 3.3963146626545364 -4.852133129216082
9.999998737560507 0.018405505984838342 0.05135361520905867 0.012133970100359985 0.03014399057967799 0.15706679947043956 0.19985622004532136 0.17192787022993003 0.008910917557447674 0.13928823828165843 0.02641274051193818 1.139868599740385 0.9712189040001441 0.6785322466165841 0.5812521961649731 0.441954901228946 0.441852925680805 0.20068887967014398 0.40037983278547434 0.6876981784230606 0.5168744765490427 1.173787807645829 3.0933493231464446 3.9967030723897436 2.051195921443923 3.436549757499306 -5.105899260447968
0.39159737843250925 0.026608846019142124 0.08194201152789034 0.011610952520748263 0.01287149197422705 0.1508162006373801 0.19829616575102915 0.115533936247552 0.002993100134998441 0.0418664374859817 0.007609552777860952 3.7842888395433727 3.3742292144892434 3.7437285209985456 2.2387887230410026 1.324433513321795 0.9492526976872249 0.3540030858528518 0.5280493164029397 0.773107036608841 0.4978324420270505 1.0581741506886073 2.0041595766024995 2.5614123170850776 1.3444448975117418 2.258819272402005 -3.5821298684850027
1.7593724421405539 0.017006503158308782 0.04902911002535207 0.011709492652304818 0.06333245243011504 0.12571284942461447 0.1574563367542224 0.19982948162030953 0.004287211541517412 0.05436792872234196 0.010285739480312911 2.901217068562623 2.522439812225355 1.1393834251198371 0.7920200099880684 0.5283043229585387 0.4735330300426206 0.21855705896225974 0.4195144298898772 0.7260080690623967 0.5758973871248158 1.3692905388199161 3.1061917349817114 3.977538455492601 2.0286436711061318 3.508859602127517 -3.276875636139516
9.997821402335216 0.018203101598932066 0.052023917078262004 0.010527189865528643 0.029285362371183676 0.15446983695276584 0.1999975840975257 0.19867881408198126 0.009120074524427726 0.1390479348992769 0.026994359739915433 1.1278913928634708 0.9708963024991396 0.6738344309279177 0.5782889522295127 0.4410295246918321 0.447165721164423 0.1992918267452885 0.4099044407287403 0.6793485274634307 0.505884224453526 1.155030429193652 2.967265511343827 3.9999993790205157 1.9555797793518375 3.2790223762803423 -4.956549216913084
9.981488023653661 0.018450090268279484 0.05214055977600566 0.013546745914194771 0.024515720721545696 0.1568566792693626 0.1999783619510113 0.1953428421196825 0.009099211984282402 0.13963875381882349 0.02643703172174083 1.1331283699463364 0.971044984766397 0.6769603198180135 0.5823499715360878 0.44075988531083493 0.44096373185937987 0.19677434208518102 0.3990794549165702 0.6766952707667927 0.5033585466594787 1.144206763880014 2.914575894891964 3.9983808901437174 1.9298921227861283 3.222827465555234 -5.163877363371032
6.984769390399831 0.01869714297016082 0.058652544848069504 0.011187952936940101 0.0002971595096328831 0.14126097331195414 0.19970082933804337 0.13874160488005224 0.00922731259785324 0.12900789591691117 0.02408953187498793 1.2351340632024295 1.079175899074661 0.6854517686595409 0.5780315934468464 0.43170761057180773 0.42982415191070905 0.19321968246698792 0.3746858755788372 0.6244770871444817 0.4466001202315139 0.9737436205729852 1.8678849951591563 2.4354224935094813 1.195397142868729 1.9581787947782723 -5.418349233144691
9.89627330743498 0.018666436793701967 0.05160501771839898 0.01200370504124567 0.030223658624678715 0.15940866192069458 0.1993466118394846 0.16654595960860993 0.008725265818473217 0.13643408053750605 0.026069150503319143 1.1449817297120035 0.9963926356224219 0.6752886340761501 0.5847652160387546 0.4395885109147635 0.4420306418864235 0.20119780207017612 0.4148526267422066 0.6905969183466034 0.5178327534135811 1.1729814924779607 3.0955198872892953 3.9999999999995195 2.0553961336655058 3.4513559687676763 -5.0900629001487605
7.784834816045392 0.018226235547449173 0.052135431946464424 0.005728374960879014 0.03691105656264084 0.15642621826328318 0.19998421852227127 0.10824300485450646 0.00927298087834014 0.13385559561731725 0.025151638086109977 1.1896750046057432 1.0356151943316638 0.6815157834876822 0.5849699820119654 0.4408933403838693 0.44689507846345133 0.20147512441456952 0.3993318072732183 0.6915712409497968 0.5183655156072342 1.1776050317410012 3.087149824679677 3.99998434167836 2.0635643554381424 3.4597792361200255 -5.084364561572471
9.948295387165778 0.01843636572608152 0.052024350195448016 0.007194562663537411 0.03115527448082086 0.1568181350805249 0.19994713563767513 0.13762230560097052 0.009047415708086788 0.13964747788373807 0.026941288376913963 1.1327722125797044 0.9717832914317991 0.6776588355807245 0.5815800543190006 0.44299319117400193 0.4441282779887706 0.19940537808250358 0.39875991933977495 0.6756132422340034 0.505146324612909 1.147193096335174 2.933910646139436 3.999747090681063 1.9383466536300196 3.2351232320262864 -5.127245077835678
9.954451355033127 0.018328248211207678 0.054169869415608654 0.011965519733663332 0.020832815388437596 0.15193332936608822 0.1999981845255437 0.15633499822087749 0.008997396692204111 0.13436304750595932 0.02535798165884474 1.1839438331108227 1.0018243965874274 0.6739332428648875 0.5827578838739148 0.4393092788880516 0.4427214398866513 0.1979081166094734 0.3942222295168917 0.6683141863809189 0.49251032414953594 1.1109236910879745 2.646065575102906 3.6957099027376943 1.7554268779728572 2.8969989336828235 -5.246061247550743
6.758404489985871 0.019399208931262218 0.0588135794179808 0.008272365294284462 0.0003681443012090018 0.14751424089388107 0.1990000999441747 0.12679782141578627 0.008793911179617503 0.12793439170019877 0.02877935892802213 1.2460054435898515 1.0838690966511644 0.6875136198206993 0.5784846379583666 0.43417593846633407 0.4300466548301603 0.19373878923264312 0.3790051585247932 0.6186159236774585 0.44134609155811716 0.9580366943018931 1.8407057465865908 2.3058876597692946 1.1540938403327667 1.8796139693580844 -5.315775612442042
0.15538392772524257 0.028496065864140233 0.08214868026035929 0.009982320753338048 0.0919151596440321 0.15140264248656535 0.19995581359088135 0.10241494617832034 0.005426733341240507 0.07359782613125633 0.013796640706116742 2.151488638890543 1.9445054003036755 0.7517197754404656 1.3049242615943488 3.0566172867272248 2.141907877916088 0.7458707017516643 1.0746140451829136 1.480048265124957 0.8573403749111416 1.681139165717477 2.7065040112987306 3.5070680445340794 1.8055849013673233 3.0504952333120223 -3.2881902641256255
5.538377958979302 0.03737675687182931 0.13835493263249565 0.08701617343393844 0.06774878156580694 0.17337580983081108 0.17489070041241916 0.12527852143737944 0.14103834834968743 0.04620790347356433 0.183234184581337 0.6871430311524399 1.4276211655145166 1.5445071655006752 0.598428107518542 1.0583944342929958 0.8383506593674733 2.322166328743079 1.2090381165057877 0.7268681808010033 1.7784282199099684 1.0070999077403116 2.5750127847835325 3.42534408131442 2.3693619053323305 3.990115206395052 1.2148673245225179
9.999999897915165 0.01907854966882245 0.05639694049825214 0.012063088374617817 0.0071644200982001775 0.1488907649201913 0.19999999997998819 0.15113608291218164 0.00870373778896969 0.13609954983140737 0.02579806942728753 1.1585025419538575 0.9984935057908491 0.672502914632382 0.5778185709891992 0.43503923507653824 0.43350438272927466 0.194905619794586 0.38261784857858666 0.6395412678369601 0.4638681997023194 1.0235457582703087 2.1473532134008257 2.834546976988568 1.4146505396842137 2.3002087509508833 -5.42615223685557
9.999999237405795 0.018517293299435564 0.052160594598710155 0.013643103963999578 0.02735379211488044 0.15663234662713102 0.1998646003791831 0.1872468448276034 0.008672455202768107 0.13569975012619706 0.025526796513502977 1.1657742584860864 1.0016477610555015 0.6768566992352282 0.5831432211069646 0.4417953928649496 0.44204924277531765 0.2010956309747585 0.40134491207634926 0.684575740162918 0.513522349853618 1.1697398928510214 3.0406094897209934 3.9386112820069603 2.0063172531821984 3.3699440850055757 -5.094018872850479
9.951263056388823 0.01853223750650312 0.05281172053126741 0.013243243926098816 0.02194373310930277 0.15488713912900395 0.1999998757625773 0.18996760317941938 0.008977168000224802 0.13967871763037673 0.0264886912065402 1.1334039591921288 0.971341414216881 0.6756047146349029 0.5804450090401975 0.43962566720215923 0.4410102573736749 0.19725590081796435 0.39800081221108313 0.6709726513731679 0.49806389031062154 1.1244343805283767 2.776490223175935 3.7442447327320436 1.8304971821304874 3.0484545838667425 -5.205131171262767
8.799563393536129 0.017861779886697765 0.05104504028318108 0.004549298312869815 0.037077274493860626 0.15457385593124479 0.19916632005478674 0.09850688021453691 0.009956216273424225 0.13789412623029457 0.03091462123778174 0.9718194588340003 0.9907293409544452 0.6826049035433671 0.5824436019554057 0.44618956957842476 0.4445872177406563 0.20116872256942847 0.40086281807642304 0.6830982999108288 0.5131667788986078 1.1650129602298245 3.0556191395104526 3.995840194787881 2.0288519572932238 3.4096904906129155 -5.073219334528835
9.863341555131273 0.018503943619902485 0.0517657688105262 0.005539622421634129 0.032791869270806163 0.15691653036468 0.19996790845340756 0.10593478834635237 0.008983753668513983 0.1401739222756285 0.026921909425020804 1.1325173255909073 0.9709002670275454 0.6767469603764678 0.5814354208237009 0.44263988306875335 0.4440477616935738 0.19885925103307125 0.4009832569310977 0.6788231735565573 0.5059559937764955 1.1488132184326023 2.9385728626325087 3.887636058557813 1.934417433024002 3.25058086393807 -5.224790831238949
9.999999910705958 0.018688304130438184 0.056698942473827584 0.011383372354626756 0.00635423780288669 0.14476286003818517 0.19994547762581932 0.19362721773254177 0.008782730268688884 0.13493628055277376 0.025793600335268303 1.1797512646412713 0.998510552579548 0.6726588926156732 0.5777586577372085 0.43474378062761476 0.4330361524712556 0.19420052689293008 0.38303819996262206 0.6361730620812462 0.46132329299353475 1.0143300869493581 2.0962376865192804 2.728040506455458 1.3328656415603861 2.1942633946511685 -5.2108355742243475
9.867337280971162 0.01821244976536723 0.05077694082068635 0.012384589315328123 0.034523119178789384 0.160481872527806 0.1999845648528881 0.17344323888388313 0.009015927907471086 0.1393417145122092 0.02625716242818529 1.142178475993439 0.9747305907961249 0.680066561215736 0.5856414252649841 0.44336150291957976 0.45065218722101824 0.20214355013609625 0.4172394804488922 0.7006602900165176 0.5266195217624163 1.207594470506846 3.332907662991502 3.9999999999999996 2.2272900437586474 3.7429963950691767 -5.014890452075093
9.615326011246385 0.07266262904011028 0.0695925322557904 0.1383023933398145 0.11627176677325238 0.1703768361218759 0.18099796166796686 0.1401568483740906 0.0644861529465666 0.07261161804124354 0.02336839333336962 1.031072304636993 1.0260755974056 1.386074041076173 1.3767962128783902 0.8444531901387959 1.4234221369631372 1.2564820108932304 1.6262070922964056 0.9579441009649616 1.182860016054576 1.5216407615696217 3.472330644960947 3.5876638453294816 3.074567979382207 3.6835451040909 1.3627660535327832
9.72642707337688 0.01854086583801773 0.05143122256469813 0.012697056989379556 0.029462757574461353 0.15852472285811012 0.1995763851780044 0.17583649743247423 0.008851509773691583 0.13499524831056803 0.025306096839478258 1.183915968469816 1.0081314760841193 0.6793294186047915 0.586507694537991 0.44774831528517783 0.4425489556479125 0.20141410044586058 0.4029018099332578 0.6863704892838521 0.5196119319314371 1.1737003737516105 3.122180095115991 3.9999999998780673 2.0587220848940273 3.4784943197105553 -5.07153404446362
7.737029693141558 0.018511087529189976 0.05195550744058853 0.0074060080302812675 0.034176913082225834 0.1565246917892437 0.19900625742347325 0.1366116177671806 0.009030196512017133 0.1328961819513505 0.02504362083772735 1.1986520135350838 1.0399270711394046 0.6849999664147917 0.5843966727426048 0.44549628301953204 0.4432186542265071 0.200931576783726 0.4015040588892703 0.6832415508555034 0.5135373785900199 1.166633051491246 3.06741888609184 3.999336349601646 2.02401656990228 3.3762227936795908 -5.004239664919575
8.94761006755138 0.018538555171346612 0.05198192209353169 0.011386651265455622 0.0296169279426206 0.15595150619701778 0.19914279971292445 0.15557929557438446 0.008957981848702229 0.1366183411651814 0.026015067160609147 1.1531657586966537 0.9969721387173202 0.6803970283359319 0.583260418697623 0.43941993642330784 0.4425937051636899 0.20089656678978204 0.40850089497892456 0.6865577539790797 0.5117688835330132 1.1644527179571016 3.0234165672321374 3.992001927389837 1.9982182787801748 3.3721673097350116 -5.149931640382402
0.2220800153920807 0.02788441568267194 0.08192176876875894 0.011080413485956432 0.07496871242950064 0.15543591738647308 0.19999978364066107 0.11809416108256576 0.005100907688078127 0.06955054909394276 0.012791984454015472 2.27738725898828 2.0543339232544975 0.8048333809955898 3.7973119278888876 2.215499166383593 1.5542020695925 0.5491744881013584 0.814056709083904 1.1538753047076666 0.7007138178238886 1.4434268965164552 2.9337424302268333 3.8620788969285593 2.043241962205592 3.530500224868568 -3.1153357603691467
9.884828684696691 0.018410003954828804 0.051615019765176504 0.011651536769220214 0.029314411991875365 0.1558727128721061 0.1991920637571886 0.16096430559259745 0.00895609268103106 0.13893366484367128 0.026503930299363137 1.1314947374757613 0.9777619000580324 0.678579162380669 0.5820111718194069 0.4445697478325954 0.44239448748142535 0.19901879422422428 0.40242103697468035 0.6833117221407567 0.511388319800374 1.1656553183847622 3.0211992244353008 3.9999870018739587 1.9892924171615949 3.3667353161138363 -5.161567582785705
7.540466423151754 0.018800544503623937 0.05289540502746226 0.012339566505825983 0.026404751259146302 0.15809657945805164 0.19952146363402648 0.16171386034000446 0.008990489545015154 0.13161019753738534 0.02468571948768129 1.2017266691427297 1.0457324320183772 0.686462351916849 0.5838214113665445 0.4407408062298244 0.44028204993823006 0.20030080059751565 0.3981549097486789 0.6797990099317379 0.5083167738205224 1.1536206278153711 2.9091212020005086 3.8608343593905654 1.9287092349213806 3.253129357245362 -5.11522427804367
9.999999999999998 0.01843469230377003 0.05451038321466753 0.012014290329616619 0.017494219936813125 0.15141291838862986 0.19995192980570647 0.15803032005738468 0.008895236570593185 0.13512027235180993 0.025601053804246002 1.1692477015632026 1.000220109835174 0.6737697650667807 0.580910821629534 0.43829178817732045 0.4403020746444537 0.19713138476287653 0.3922141929753066 0.6618090784057595 0.4866745616841176 1.090336664299923 2.510057478670626 3.434370579073263 1.6475929475360722 2.7291903144030654 -5.294504083554518
9.80202223125425 0.018912421270993098 0.05693885958103334 0.011785403714728969 0.004447847239362696 0.14532186062388727 0.199999984122028 0.19846577696935452 0.009019453396047006 0.13873948645942047 0.02675577115601681 1.1399482113916068 0.9721663598110425 0.6718179599759562 0.5760337939072625 0.4344742348755228 0.43350990204975093 0.19341618198046356 0.38258820159146223 0.6348552001580803 0.4564800378609802 1.0022608760650213 2.062985686296341 2.654137253070957 1.3099394957355595 2.1580788334071763 -5.240795347477178
9.973467919656914 0.018556978750529033 0.051872701216852515 0.005475254628074987 0.03328296035689967 0.15694420980167248 0.19999139639982325 0.1049894923304781 0.008793781691568874 0.14006803726250186 0.02706904927648349 1.1311886427870401 0.971224355200172 0.6771092892624448 0.5831802883334513 0.44116983407997484 0.4437335934950229 0.20027971483844173 0.39760575314075347 0.6766347982445328 0.5074180432776185 1.1520787056410842 2.9447922434169027 3.999917323226628 1.9476502573085352 3.258631747804188 -5.2294776216853744
9.772319780133724 0.01803880566617958 0.049725607526437066 0.010179347495438121 0.03384095965581617 0.15134945587968263 0.1926489569841088 0.14661989716504809 0.009081079690323627 0.1368607313223935 0.02911514382987622 1.1425380618798302 0.9748569270427264 0.6838807629054782 0.5835131517235598 0.4404403686267514 0.4447449465086196 0.2003418768608079 0.40860618758564765 0.6850915169482236 0.5254027058599899 1.1752022541708627 2.979461143969295 3.9356634948507683 1.9728824391555675 3.312443757894076 -5.080915990080389
9.999999999923917 0.018262272016917873 0.05231384355438722 0.012618546914475807 0.02703125232988538 0.15491928998671953 0.1999855706825329 0.16881572943556827 0.008925384404752695 0.13545075461064762 0.0254904038298213 1.1694292935998658 1.0013768671754615 0.6782612090159175 0.5837960719789387 0.4418930717616461 0.4439502325164301 0.20099432732309466 0.4070258402016584 0.6840367975207885 0.5100138599026102 1.1584335728136201 2.9711067686108454 3.999999999996224 1.9710219070653763 3.3007516593689767 -5.163162675194154
9.087181940694803 0.008923638294908975 0.028400893279733594 0.00032918600014674614 0.14111860519926384 0.0735232111070375 0.170619175900933 0.04617466140996372 0.010930330005716036 0.13822782492379643 0.026325385178142854 1.1441343210236068 1.0080273519597813 0.6966027535247517 0.6112837852238442 0.4709967488698352 0.4864240821428823 0.23094039196878977 0.48755829638426024 0.8903119864347898 0.7630389083789847 1.9791541114585023 3.9437956711735063 3.9970303170348274 2.3491939098353205 3.797393027854628 -3.2118075877414336
7.932806305075024 0.016296255135246324 0.040623507828025394 0.004142476162997403 0.06141750887485249 0.13968745528959303 0.16415286733137266 0.0871517543892841 0.00986661945565945 0.1338688956550577 0.025474704814404534 1.190059130797984 1.0279591574985454 0.6879558084505962 0.5917648899497419 0.45066913813761916 0.45125712128729645 0.20685174736485806 0.4291524384599952 0.7169949432090802 0.549369034749888 1.2780079456960458 3.154001238613817 3.9988949300184684 2.084776143201439 3.5148369838309446 -4.8183365168449885
9.891369245250239 0.010469493731632204 0.037357601679741066 0.010900000636050651 0.10573986057278983 0.08510732647735017 0.19408409025982626 0.19999995584702993 0.011198088658865367 0.1402061360558924 0.026903738242995693 1.1240728986581279 0.9850658751104199 0.6904758749841408 0.6072916044287942 0.4643184688942942 0.48496549583271614 0.2346007809769665 0.5310231611405654 0.8483205184296447 0.7064072445879636 1.7645069882272413 3.8661856065021407 3.709684736364947 2.134839508793397 3.695848374112243 -2.980498156239697
8.32826576300137 0.018220957690946005 0.052138886623999674 0.0110941464634283 0.026602327777048865 0.15287633467445016 0.1987487607347274 0.1934903579623862 0.009229117120827877 0.1353732361576199 0.02564262591395852 1.1705577363813735 1.0154701219043982 0.6810294924999606 0.5825874473083023 0.4454705534733655 0.4389140212500238 0.19963808017733997 0.3953284933858791 0.6767755866537492 0.5054144129591744 1.1367168710825866 2.875242704974919 3.768553111607751 1.869229586993384 3.099835024133516 -4.9573664496620005
9.989967596335832 0.01846557210193383 0.05249904105602667 0.01366173617670609 0.02390676247344966 0.15643779059490176 0.19999977512813408 0.1977658977826952 0.009054978038422975 0.1392664485238705 0.026389391263417973 1.1369026783224603 0.9705491164138057 0.676468448567359 0.581411852739327 0.44054742309193984 0.44300946476341063 0.19999511308987428 0.3997544796669042 0.6779101444047063 0.5051206811379925 1.1431735071728886 2.8805117522615458 3.9894946055642393 1.9080715865322273 3.1768879860956507 -5.158937816036906
9.799029347481001 0.018621406485033184 0.054422581993296436 0.014307964579551692 0.013699420760302568 0.15208628403345997 0.199953044534197 0.1989151396662566 0.008976609757564934 0.1387460346463826 0.02623628665175678 1.1415817778956934 0.974010607686507 0.6748438841368255 0.5790946304163732 0.4375853937293239 0.43714800312078983 0.19703624548680854 0.38825194155548765 0.6562770481059802 0.48260892443456527 1.079102110898256 2.4526021444055814 3.3120903107566315 1.598109417300988 2.6472483518164296 -5.259866296274658
8.373559061791576 0.018250811506348993 0.05314426375488293 0.006211698287176797 0.029688941532275276 0.1523061912560109 0.19972278242626465 0.11174047159885074 0.009009043336301882 0.1332589764227001 0.025603285414222885 1.1716739209711702 1.018797471011278 0.6768985415170531 0.5816695981485965 0.44060523021332565 0.4436451304345328 0.19889245309349682 0.40923333235394244 0.6768687571895771 0.5004733520493736 1.1333544442663162 2.771543403820655 3.734081987519503 1.8186052809864326 3.022348906106909 -5.160237216448787
9.90834114906485 0.018325643032375796 0.05177692221338118 0.010653683585647736 0.030413276633076795 0.15597915310118088 0.19987049169649088 0.19553230833859966 0.00902394100291095 0.13959029757073496 0.02687782668316492 1.1346976882632172 0.9731779451121131 0.67692550798841 0.5822275416157482 0.44216115398886574 0.4431731016905214 0.19991449816569268 0.40197487687204275 0.6831405323835099 0.5124379629129241 1.1664617397477437 3.0382755081868913 3.9999999997188573 2.0129620256645273 3.371439092415738 -4.930702917012487
9.088433137311814 0.018603260943064543 0.052865958803414916 0.005710027631582731 0.03017206786786815 0.155474705441162 0.19995640659992855 0.10483894629941885 0.009029433436444034 0.13935749028410044 0.02661107294619304 1.1230704162941418 0.994117473110082 0.6787350846975975 0.5819137009794244 0.44226441008080286 0.4431837431503389 0.19729221704575417 0.401332476352797 0.6730077050072568 0.5006113829053828 1.1311233069036477 2.7832148355616755 3.8355912322199277 1.8614360782056403 3.075772549836841 -5.247694756209266
5.7694159460214065 0.019149139201057725 0.0608494529426561 0.006586915466370411 3.407986912486085e-05 0.13994424551653376 0.19999263175330964 0.09293949363786802 0.008399204827952082 0.1188097401875723 0.022332399970964173 1.337840554527173 1.164402819374777 0.7008748732518808 0.584809968599986 0.4316297097916103 0.4278581580234966 0.19506978701101402 0.3841742880151889 0.617710984839513 0.441562369144944 0.952537212980349 1.7460149254973756 2.281968610689473 1.1167739732611923 1.8191565113574975 -5.32671516946523
4.202143429618917 0.018234571100437563 0.05590263664093072 0.009411240165996735 0.03308928694328743 0.15204567296665983 0.199967811004475 0.16489018853222653 0.007424664039738411 0.1019893445051012 0.019143743159111878 1.5445371494888058 1.3575908581004605 0.7614115501531566 0.6057219326031474 0.4523144246871393 0.4417213712276463 0.2098810833121652 0.4003501800358809 0.6926239800347972 0.5244921423728269 1.2033941039872997 3.0410556264116853 3.940282869468073 2.020922045265373 3.3696650844257285 -4.403819940576926
2.677163875489508 0.019199219057199287 0.06276449230653784 0.0078372907318545 0.012018000248033319 0.14137569133299238 0.19927017817092085 0.10460502873009142 0.00551382415897756 0.07550443785543068 0.014043073428666314 2.0658741663561564 1.7910870586348846 0.891482567733967 0.6536740090743113 0.45726965608991677 0.4346369477959867 0.2020374853572637 0.38301265290357606 0.6461574653271183 0.4749133435867943 1.0549943247943403 2.1261463855955762 2.681385929088027 1.3720806022240832 2.265317605763633 -4.460142559181784
9.922076410087204 0.018254637499090325 0.05172139210115029 0.011932646886385071 0.02917756735090921 0.1553711096080246 0.19993632742060496 0.16355918379372425 0.009162962308760205 0.13975573641346695 0.02651179391319978 1.1323163466608357 0.9722866111338202 0.6763898347611396 0.5818384277307332 0.4414656031389064 0.44341091790304876 0.19935237060093605 0.4021804020917662 0.6832157572404144 0.5123780140064044 1.1650805592738442 3.017285964331824 3.995146301283001 1.9990271681471317 3.3521334614970337 -5.165005566277185
5.810538996993911 0.018837526929927403 0.05649986493596656 0.007652885725541137 0.013266318828053507 0.14766045162667576 0.19919899592323528 0.12607545076827975 0.009093894543364026 0.12330066788602885 0.022964391894523074 1.28918188188472 1.1547701076664532 0.704425264654975 0.585161713178364 0.4407400736031595 0.43402636225899777 0.1957299920843918 0.3814247427108245 0.6417469803163133 0.46629030886667616 1.0293474225008854 2.221699727250051 2.89711244262828 1.4127740547100942 2.339103153922759 -5.138760494974128
9.574839399182949 0.01802375477745012 0.05222341920721171 0.005539634550036966 0.033277886280467336 0.15350681254868107 0.1999258551969666 0.10469614198349719 0.009049303342516638 0.13582419292445932 0.026077016207836597 1.1603352117558978 1.005740840727895 0.6758121792011484 0.5827880732375845 0.4434499349853765 0.4422172535374753 0.2002256171102927 0.3980321468273465 0.6784410630071778 0.5041009195697381 1.1526763931899844 2.9313858584102084 3.9806163391302367 1.9472086438866347 3.253399773969936 -5.19617649551393
8.385563530309616 0.01865213230727317 0.0518409721864359 0.011912864442807432 0.03005466497257175 0.16056659930854814 0.19913541562156467 0.1617799936003725 0.008946448461716994 0.13267077371742445 0.02506600519271709 1.194057920147036 1.0295641960053878 0.682662082361987 0.5851212814358117 0.4441474072703048 0.441724651330387 0.2023280473420508 0.40142300178910695 0.6848820267897059 0.5138810372709698 1.173823230258649 3.1122065981303906 3.9999999488522326 2.0407037939920962 3.45265972176843 -5.069585996979453
6.469219970471038 0.018296519158452148 0.053636056142339045 0.006462311475413046 0.032864529235299825 0.15234047637328593 0.19988048675656914 0.11374907134056411 0.008918769887660985 0.12806570011098317 0.023890448907239344 1.2386049420034517 1.1081867295725427 0.6960079827659769 0.5875479873933868 0.4417116459532215 0.4403497465884259 0.2005703078958181 0.40349740947314144 0.680844235214895 0.5102049854104663 1.155416968411635 2.920719723856301 3.860928161203041 1.9377475374689337 3.24299113152751 -5.052355962500019
9.99938770687147 0.01875077033546461 0.053164610959718785 0.010352332851449497 0.025672725916895706 0.1569168763467862 0.19999017045048476 0.19050051459444012 0.008862190012808505 0.13627684006297594 0.02604791031001998 1.1603467801348948 1.0008145746367636 0.67721798984074 0.5830681787354168 0.4431081653830477 0.4412416431778509 0.199064805334979 0.40619578601803574 0.6781991027504611 0.5014821754651871 1.1398921014661847 2.823255053716754 3.9359535185558396 1.8548852373385947 3.0951918808468384 -5.000619230824353
9.919427034420021 0.018316741631752648 0.051635950279910116 0.0127774639130246 0.028932836075784257 0.1561375163480124 0.19995371624224878 0.17622170576767857 0.009130972313583821 0.139742102426705 0.026400832712051577 1.1333254555529184 0.9724164390641776 0.6771635933792748 0.5821295260604596 0.4416153185770653 0.44359787203308626 0.19959381795211065 0.4028597568427601 0.6845090797422191 0.5138189566368524 1.1704822100552854 3.0592748685125697 3.9999999998864535 2.0219363462807327 3.387659283046193 -5.1302272143580305
5.101115041029351 0.01884722123181789 0.057444177125349834 0.01032467436057619 0.01620517299113732 0.1489293180480175 0.1997089043436044 0.1735731626709714 0.008279332501232195 0.11613240138194356 0.021549238515272528 1.3597797375182563 1.2289528184258969 0.7219480035743076 0.5909812270429525 0.4372949033462434 0.4357108839653453 0.1980211510641325 0.39371907015551594 0.6556794988623729 0.4834784028898663 1.0778041056552907 2.400394932773201 3.111756754347442 1.5648674797256577 2.578943935899841 -4.79272744642843
1.9281319373237968 0.01948216454467198 0.06129276129305397 0.010758365293774327 0.02847375001364212 0.1479835606544325 0.19763504653864047 0.1695108745370151 0.00435282350491707 0.05871472413884988 0.010989449054171384 2.721576692902169 2.322489658054052 1.067065857063974 0.7532559007566219 0.4962768386905176 0.46126026781548857 0.21786285196435518 0.4213285319628621 0.6858915465778509 0.5058871704971359 1.1914525659102213 2.800690122300733 3.608803128275164 1.8791572780999664 3.105212735341092 -3.761520886686489
9.895395415935964 0.01793167331445645 0.051942051255192134 0.010794786970710419 0.0291735781188007 0.1525749161520164 0.19913023696349735 0.19533288382089645 0.009265351909731299 0.138795198542479 0.026781556333540162 1.138761482494625 0.9734184116682126 0.6765435016860549 0.5817624816520902 0.4410249182040805 0.44382427570829375 0.19707951862411685 0.4096191655826434 0.6830439688323352 0.508915679953997 1.153196818617621 2.9385188858161957 3.9303612838423834 1.9377673883970925 3.249734485311496 -4.9538878900930206
3.709633659714354 0.019204500017270393 0.05979697590312867 0.005842268824300402 0.00046470431174623644 0.1435433591912466 0.19942833504110036 0.08884972678397937 0.0095813317711896 0.13287108344798998 0.026782713127701543 1.1904722879092446 1.0527431620354375 0.7797018036660635 0.6061059255594057 0.4368629963329601 0.42306341882165466 0.19035096620061995 0.3670313236948928 0.6094488268397346 0.43343202454017393 0.9379237957021375 1.7406211510315297 2.2030210567028705 1.0974310361061348 1.7822106613385797 -5.247037703356053
0.8200836045673773 0.025431066772458343 0.05906252253749403 0.011227761673807537 0.00015581488147369172 0.1997278995286195 0.1946271190260103 0.1710363151858958 0.013494350629083924 0.18548931582692804 0.03516777940171491 0.8524230660795359 0.7699578085368637 0.30241463354342357 1.2236518626516228 0.753265802324144 0.5846581391967285 0.22172334024612672 0.41147615014457856 0.6080899913109045 0.4235867942857549 0.9239470163008408 2.4069571458881445 2.6022681810007597 2.035556239159684 2.9261439835670955 -4.309885223753758
9.74417269360946 0.018322698107725452 0.05148529196329628 0.010582088265607451 0.030669909296690456 0.15871180475949262 0.199450190261218 0.19792376726614447 0.009187831797769675 0.13874213586525835 0.026708456622699238 1.1370910989482919 0.9803455443234451 0.6781782128715168 0.5831083279217282 0.4459757214454007 0.44177915252356936 0.19817527865771328 0.39978334057373294 0.6822257907941546 0.5151350382950023 1.1676299241254766 3.077017960828653 3.9999999999999996 2.0196892531440733 3.349836438037536 -4.894224983206934
9.759416530189444 0.01832820468342889 0.052792308716992316 0.0115811127182452 0.0241406333502593 0.15439923392980254 0.1997130867728865 0.15746937961095422 0.009110506929624779 0.13841653249572713 0.02606162086050702 1.1554997340450652 0.9755169760628134 0.6777430165433284 0.5819854738477902 0.44318480315098413 0.4419824852762682 0.1956829989626008 0.40006633883523235 0.6739096887943536 0.5010734373736369 1.1306619927056534 2.7699707383959518 3.829895302400964 1.827165494596359 3.0435988717337747 -5.231725313871378
7.615034338492187 0.01812900223392502 0.052823091503099495 0.01301288449528697 0.028232735385216545 0.15344901744015216 0.19993288215140864 0.174234587278665 0.009166224149670043 0.13021402638085627 0.024017418177480297 1.2243396374682214 1.0795179395109484 0.6854836048541063 0.5841838849998138 0.4425386402192246 0.44224146929027713 0.2026967226706512 0.40048515082560876 0.6863724379771607 0.5157770996891424 1.1737993322864189 3.014951372594715 3.973795905692864 2.0044038298745925 3.3524439885224586 -5.051262572124512
9.954421957115242 0.01850482118842745 0.05219456696125714 0.005510572915588994 0.03272719449014276 0.15677967120086583 0.1999985543625604 0.10497276737951101 0.008990959875216559 0.1398146653768568 0.027050261725211834 1.1323186157986014 0.9707200218811487 0.6760263520397867 0.5810676208124058 0.44060959699136815 0.4416936518017286 0.19795162714856054 0.3984850504741717 0.6766158635477673 0.5048975350585788 1.1462437539041561 2.913330842395529 3.9995766347395807 1.930185967947823 3.226471772164021 -5.233027307125214
0.6202708756218482 0.023084036293138353 0.0698168098581731 0.009558331488718182 0.03434393541250875 0.15483065878230506 0.19966406059358527 0.11934318269209387 0.004046767518956249 0.05654135254893187 0.010603712391936802 2.7976788010888276 2.4937961823340733 2.500518970484716 1.533572271671166 0.9329251011544241 0.7033338557060296 0.2756927882294828 0.4456728762848386 0.6983424661260957 0.5013679002991257 1.1491108430818089 2.8044548524176864 3.653028805769952 1.916872857207746 3.2353424130120767 -3.723929568886822
0.1539314889453745 0.027265453557686708 0.0745855734973036 0.009148252799712276 0.1285090033181565 0.14520687079526118 0.18459232298371367 0.09644957009252139 0.00518439036868398 0.06973120648337261 0.01307948594202513 2.2671563446656995 2.043162025700906 0.817565486694251 1.3723019364100322 3.128382031876575 2.201180373202136 0.7708053971342343 1.1266370841650797 1.5694545762538896 0.9299417211462279 1.8583800708574383 3.1116999937979775 3.999078441947625 2.0817915982805073 3.506682068190229 -3.189978457892917
9.895748915735144 0.018385167137972263 0.05237098495184502 0.012029022064553346 0.02529866266592407 0.15548597139003173 0.19999957827064102 0.1635258691793451 0.009111249859090495 0.13963258682805113 0.0264429292288465 1.134355320578055 0.9726986462811918 0.6762334190936936 0.5813566706359139 0.44018774596953203 0.44179637842880193 0.1988998420256518 0.39773425222209674 0.6745433865142407 0.5024989226468117 1.1384653890561565 2.8721207671550086 3.8948814072634312 1.898530173604312 3.1758413348262566 -5.233983754142208
9.927287616085165 0.018639966587970798 0.055129494379478027 0.01175074799855357 0.012276345991692413 0.1486373548021262 0.19998894812830795 0.15284199554003577 0.009071185394916952 0.13972653658063652 0.026643101209599368 1.128040555765929 0.9702075086813452 0.6733755059284974 0.5778025537884767 0.43608135060832165 0.436023474159179 0.194562857213342 0.3861045685047456 0.6472490402441705 0.4729484196018076 1.049276821753062 2.3145442756028447 3.0583002804008026 1.4949917224355078 2.4865997056130733 -5.397137348057067
9.83680246932637 0.0184520980593882 0.05102966420929976 0.015696963551384398 0.028454036559914183 0.16294714605482363 0.19996772759513512 0.19999999996703666 0.009036688166415136 0.13804446815227314 0.0255730495067146 1.1595800098105222 0.9749557853161356 0.6795458899456591 0.58133736551928 0.4422846326117347 0.44277235292292977 0.20096477802301302 0.4163149103321141 0.693669042194241 0.5223181705470127 1.188074177316381 3.2560702230468417 3.9999999999999996 2.123031973301444 3.6103150386766907 -5.041012865073759
0.9371340551910188 0.02206033380534262 0.06961391418508261 0.008723539434396736 0.0003796888130331866 0.1453893864296088 0.1999680275195794 0.1037492093822224 0.005385087324877367 0.07545992695022755 0.01425978137470556 2.102762332150215 1.8703353141649743 1.768376762789986 1.1187917842514794 0.6969344731879246 0.550107060386985 0.2240086389266807 0.3832801329087465 0.6167365995070038 0.44149929234240676 0.9706505602862443 1.7764749457455824 2.25887772959834 1.1563842485107645 1.9041348516478784 -4.316448037197432
1.7055718507695528 0.02049393869995637 0.06725036677215976 0.008832730274947881 0.0001527678745709011 0.14153121372466068 0.199994660909421 0.10588428141888595 0.00389894098918763 0.05359615512321824 0.010022392302809708 2.9470833501245557 2.528019401081251 1.1501485688451034 0.7826375099191605 0.5207158375964378 0.452139868340109 0.21215386039823306 0.3782225968454553 0.6232452242340379 0.4538823214270258 0.9982029593179981 1.8133339955973773 2.2909166046835487 1.1689411593473973 1.913788612482414 -4.203912397350674
9.610990797709846 0.019099231890517786 0.05774520346200619 0.011949830828064155 0.0009004723722654506 0.14453777108618665 0.1999999682385114 0.14700469397678653 0.008828613839439598 0.13774194196880993 0.026252528103860445 1.148564361930941 0.976343764558715 0.6725165452635186 0.5748837861475 0.43285748100956933 0.43037375964177366 0.1928271289811219 0.38007155053658676 0.627837080414258 0.4505903357351541 0.9835386274655101 1.942547076359923 2.500968784057698 1.237614291834456 2.0402538387967977 -5.491248740867722
