3.528625565642929 0.01834685196510576 0.00827189957153605 0.0059323611497782555 0.050112210289828235 0.1853912490922395 0.17962075021523777 0.13126766771741677 0.0025786379587949444 0.013863408801459781 0.01241048722610226 1.856274489517726 1.912601652967547 1.5545702725526584 1.725154106628708 1.321384402410645 1.3159444636734663 1.1830029016140335 1.5111046422743328 0.9591472590562061 1.3601550604298926 1.3289186933870343 2.7549191610965136 3.168624622908094 3.067832098937381 2.36748914617023 -5.862109325524597
5.056038376790452 0.01791183323817338 0.007524856507560132 0.005721375852883139 0.051378873652905804 0.182227392662803 0.16945737278395487 0.1288497532705756 0.002827993630256414 0.015143534712779565 0.013852957596154212 1.744532858910928 1.5637703879149434 1.4030669985805733 1.6468325099257148 1.2973786040774742 1.3179025313979889 1.191065198091985 1.5590883689931037 0.9640429545991684 1.369313219679654 1.3353695608618383 2.762577122972518 3.162266154113771 3.0938390845378914 2.3966451429320976 -5.886998416299479
3.8434483300052595 0.01803269408703879 0.00548703094225763 0.006090535406710026 0.04677646164276647 0.17677575923854605 0.12908377524336637 0.12863243015890705 0.0026972000370776654 0.01474197002268054 0.012830687787774015 1.7925122108421894 1.8139819624439655 1.506573616535239 1.6937293092536663 1.262390876005472 1.305264921600401 1.1716525488768104 1.5262606866151787 0.9383290375496388 1.3148142994571865 1.2659802694841564 2.3836373436459026 2.7071775513599157 2.625765186100846 2.004715072629499 -5.936269543235145
4.254826181720486 0.017618658920797538 0.007952623790940175 0.005720071831449975 0.056492792050486185 0.18365202893453525 0.18027188019161364 0.1336588483185146 0.003068956517748357 0.014781563516725342 0.013273264985278192 1.8094783483929118 1.7140141499322121 1.4663691649439194 1.679519840915936 1.2672213241314616 1.3246639216863867 1.1971090212917537 1.539152334283346 0.980440827250631 1.4064285539525059 1.3872580155391636 3.135758613183326 3.5973739249112104 3.5036280700202735 2.7475755997615505 -5.865940072694382
4.8070698941699845 0.017365314012767967 0.005816096244872098 0.005073283959276033 0.054463335628659244 0.17756528928232782 0.14279263474129134 0.11729435482080294 0.0032170048831768293 0.015822425395799058 0.014152758414162012 1.663651683859833 1.6068828376375004 1.4186420356977745 1.6530842061729656 1.2998587032306228 1.3177103976164946 1.1892313861454442 1.5579845584882133 0.9649520479149079 1.3679454071418005 1.3378836083900754 2.7816904541562852 3.1902219337477304 3.0870323809093696 2.393067332665146 -5.982117827972428
4.007805606047355 0.01806102140587174 0.008119963893760105 0.0056645431163293535 0.0371265576282885 0.16962470029007023 0.1626968430630654 0.11314485966480278 0.002722065186892283 0.014584660298673297 0.012972295443414283 1.804595768936801 1.7681984048080128 1.483746979435361 1.6756828588342345 1.2525063037355701 1.2933626102399884 1.1583032451048756 1.4588827655812757 0.9120248600131703 1.261339146175117 1.1970732292177517 2.0005891419913637 2.2560760295980096 2.170723340215506 1.6395613237449391 -5.997506077768226
5.967147485820237 0.017408557709397296 0.004815353498017317 0.005090797418009009 0.05574220311836195 0.17856359364997698 0.12539638807382494 0.1193474795269656 0.0028955836855268638 0.016745902194284838 0.014966041533519358 1.5355455169921257 1.446728073221472 1.3623778765165837 1.6285297895575743 1.2975407370172225 1.3228722969751538 1.1943698614558431 1.5568051581004565 0.9691413527514088 1.3772377426816722 1.346423310024879 2.797246700257183 3.217940179603471 3.1459696877860233 2.4319071381978286 -5.967374190465279
7.669709559412303 0.017105248418152096 0.007144884923876738 0.003612303579123296 0.05775451590095121 0.17928773176069424 0.16578030663023782 0.09615907879322302 0.0034462393972990186 0.015638001702154312 0.0164290296729766 1.4339215406535126 1.3174973274243986 1.3270538700867405 1.6230769619744974 1.2965073060627397 1.333375814310668 1.205699861503225 1.5471142569261447 0.9814712957046613 1.398552714189718 1.3787779662676942 2.995624218164964 3.4468056955465465 3.37490085774252 2.607667783130419 -5.7782703107994475
3.8607617716688516 0.017833760651860757 0.005723813634448633 0.006119585137252935 0.0552934365404301 0.18312750525755905 0.14156648816782444 0.13776620933258452 0.0027145268013435554 0.014639653946354083 0.012745853206055055 1.8221138463006126 1.815589575424094 1.5085460920104334 1.6985876263111048 1.2704606158140404 1.3192712370584663 1.189695337084857 1.562423402094152 0.9694112223185788 1.3818464426719417 1.3550573554311869 2.9223421777294916 3.350597120124122 3.2646073076519504 2.527244796118976 -5.874492031239005
2.49240370743653 0.01964249251687405 0.005892964028381068 0.009699672224949952 0.020537949073364748 0.16811291321847216 0.11322619829880344 0.15784946064683222 0.002108063692489461 0.0123326464235723 0.010283562928508455 2.1870430312212674 2.40270628283298 1.7906536052083009 1.8660606395700867 1.325099869686741 1.2912462227758035 1.1329708830020682 1.4296535860216473 0.8626022402554376 1.1587119744309131 1.068942024435255 1.4400683902671696 1.6121954445041056 1.5303799652143284 1.1505406743937208 -5.6946402189158425
4.537327373293606 0.017752763527773226 0.004608204596428486 0.005263990220223806 0.04395743158419341 0.16947396311499444 0.10914349134463772 0.10977505896151767 0.0028567596296614497 0.01587745687928494 0.013901859507535773 1.6635311290650936 1.6487531519524183 1.4334634412935585 1.6493130404714051 1.2467286825375357 1.298355123640615 1.1658322738277165 1.4711650587882759 0.9229663927419783 1.2829541019851671 1.2237292629310421 2.1369092748049345 2.412298845746183 2.3089418123212426 1.7767348682899724 -6.067158438831819
4.920795885853608 0.017698899377099463 0.006862592752665634 0.005244176991807818 0.044418227091957675 0.17248132483744405 0.15173970393905042 0.1124054988335076 0.0031812227181857 0.015335923330511135 0.014169699310495248 1.6527284779214926 1.5828555247895257 1.4070649831864395 1.6421755790833668 1.2902609228625377 1.304834329441883 1.1717704942189056 1.4850519471615635 0.9340521301604673 1.3042366026647343 1.251401499627858 2.2764016382272496 2.578948041366823 2.483205504349473 1.9026049691525782 -6.015822620852919
4.264324631971152 0.018031306748889007 0.007930473850705303 0.0075225677283537904 0.014901708054655112 0.14939376535548152 0.13969090408095267 0.12289878765844031 0.002800881029343497 0.014806581843128797 0.012960694328782229 1.7847004677631966 1.7031443038052028 1.4462752605798197 1.6449766803863037 1.2289476235670609 1.2600670238898186 1.1192038200816774 1.3809915802679869 0.8462562511710353 1.1196311133316743 1.0201465791961686 1.2282557725677072 1.357107850559796 1.2704405088012078 0.9604902320079697 -6.0710535960029155
4.144940556761402 0.018405293404343485 0.00871319712806975 0.0057459231856765635 0.045469798679055054 0.1816512174578665 0.18228271150204967 0.1242247522651794 0.0025751940536815733 0.014383970266138189 0.0132578119138548 1.7678096465264936 1.7368693527592904 1.472827668403114 1.6766280186055667 1.3023081183022103 1.308754123504308 1.177017024439782 1.5356852599869137 0.9460900822047357 1.3314636043598473 1.2876080920553963 2.495388773947151 2.845882303454768 2.756295898243248 2.129346853467158 -5.903669950023788
7.179255780116499 0.01715100647196529 0.004148003137783521 0.004231254044024361 0.065608404745216 0.18369640323983366 0.12222004995008713 0.11300652525788064 0.0029832875547506177 0.017966318754017656 0.01596638848528518 1.4529555385290174 1.3483594250807498 1.3363228939325886 1.6316984713183984 1.2628595589818343 1.339599757568422 1.2154765424413636 1.5656316620233774 1.0019896262284693 1.452735375368498 1.435908955760407 3.425395026359347 3.9185174920323287 3.8790072278792995 3.0196612802017415 -5.8865383138960015
4.360963974159805 0.01764155123151072 0.004713942273063893 0.005513849586271499 0.05590730476562157 0.1800284784233591 0.12290568468636345 0.12650113126488632 0.002858470046261491 0.015632298442291116 0.013676104761193247 1.6929766326004738 1.6882619217114192 1.454448897922646 1.6682479886408392 1.2604308288094248 1.3182324470398241 1.1897201538703397 1.5620724316513213 0.9657782324787132 1.375353674569982 1.3457897175508153 2.8520105610652973 3.259544671250866 3.158555569781575 2.4701896980928897 -5.935118440231348
0.4977332040207388 0.02314213457698473 0.010221512756088942 0.002489053382241679 0.03989952967814089 0.19999996625213007 0.19434825823942412 0.04661206391784799 0.0024598874054293385 0.007052226206911755 0.006684558602338214 3.4784132127932734 3.5215116847762595 3.3052798987399976 3.907354854635698 3.0957862961569034 2.3957876464229995 1.7772467112328296 1.8285316981804511 0.9959228278436558 1.2267421771158153 1.1302498220684618 2.0287671305814095 2.2934350072309195 2.214434792783885 1.7060782911534094 -4.127328332679636
4.601276571352676 0.01718457061462671 0.007410464038347848 0.005110592208899774 0.033662911346072785 0.15700209005737353 0.1476984349986666 0.09837399627903208 0.0034473556332535013 0.015156029040676275 0.013804740696374057 1.7097420050109828 1.6364325073444064 1.4242112331316736 1.6394935831021116 1.2384042157026667 1.2856301598333855 1.1508581232222337 1.4388007061940913 0.8963431088360518 1.223359092399043 1.1505381802766013 1.7559285186914133 1.9621287611460398 1.8758033363548652 1.4176829181144508 -6.082524197058337
3.6754604345040107 0.017971862163163103 0.0073257432750113045 0.005712927206296689 0.04491062378538362 0.17567035058136554 0.15821300738239372 0.12051596492623778 0.0027607382918546117 0.014248871809839515 0.01257568367734266 1.8388051227373878 1.8629186943522746 1.5357979857411668 1.700718955579238 1.2677816134097868 1.3092611875238744 1.1717375086129278 1.504196717735812 0.9378903642051919 1.3145768740845385 1.2601845735217196 2.3510769453393805 2.679945773503519 2.584106756958718 1.9753816627999348 -5.913188481877753
4.7145685354347275 0.01750971711041853 0.004476778793662104 0.005332388352973605 0.06449660708178576 0.18664157743149395 0.12649587552002275 0.13216442805391687 0.0028732534044921885 0.01603353681516877 0.014160622428426122 1.635258670652512 1.6217142191434106 1.4296312447007378 1.6632479644894507 1.310811522888838 1.332983505652202 1.208570572984791 1.5569846161483922 0.9985576091521912 1.4434238232346894 1.433601373962507 3.456972163858408 3.977999935714978 3.899291665233505 3.067005881908549 -5.945324538114259
5.478605308849581 0.017671109001578984 0.004729590012566465 0.004740592421604578 0.04054931127508121 0.16561304875109845 0.10874858778308948 0.09744948718026354 0.0030646412586584977 0.016926262202026466 0.014839431473649906 1.560881337886291 1.5029095238576844 1.3735039166362977 1.6240891934413078 1.237256821849284 1.2940606298724555 1.1594158378111574 1.4986274606843735 0.9134169029092379 1.257623829723308 1.19049615934724 1.9523631575779499 2.194099894171779 2.1028343136711447 1.5958015499488325 -6.082422632245703
1.8681360569900425 0.021067764040006563 0.012099638526415967 0.01127097455337558 0.007363311600957253 0.17535610178378178 0.19890530002013876 0.17542806880133494 0.0016707294021580733 0.00988061996691305 0.008643087769233034 2.668655374117375 2.998598426156329 2.1003542308362815 2.088788512007553 1.4285729275767112 1.3313456264475545 1.1363933399380914 1.4085061264350578 0.8421130374228071 1.1262234744055541 1.0286032508669491 1.3040857966824868 1.4580353291518056 1.3698595835172842 1.0266186472122438 -5.546879623817479
4.9578122785578 0.017809643037853977 0.0051710687372790885 0.005231675635519968 0.04603460357654275 0.17248216002081412 0.12251769655743489 0.11241204745208785 0.002813398858015483 0.01628295073379846 0.014335388899830494 1.6139496544687852 1.5784683372144306 1.404728958768488 1.640368162642465 1.245956136158346 1.3038645607953474 1.172280544180649 1.5244575386420804 0.9335501925349734 1.304589246704345 1.2493466740344201 2.284910318184963 2.581084913355411 2.476945844067818 1.9016299360151854 -6.0150192083635226
8.064194912557465 0.01774507012365623 0.004217821923716331 0.004388793772375665 0.05027887864473017 0.17469094883012404 0.10963716226480567 0.10143790222325795 0.0020853872078856334 0.0183166097376065 0.016043934050588047 1.4414130431265273 1.2945710544667466 1.315424070977272 1.616244968326534 1.291660527769299 1.314906340162263 1.1836906389961774 1.544065452263124 0.9491372126428506 1.3309374186445606 1.2824481227646698 2.4247351772997563 2.7510961769014424 2.655922316370167 2.054249394595332 -5.911561700233896
3.7622499380340466 0.017943591099691607 0.005781881542924761 0.0058143946437882316 0.06100370173467463 0.18964483174972133 0.14830243221057923 0.13799875383482932 0.0027076710297016236 0.014476143905757287 0.012721893139818183 1.833831131250244 1.8400972314879132 1.524549725836736 1.709753593082784 1.3233130505774773 1.3282663598713873 1.1999347519339396 1.5747399871292957 0.9887086162022904 1.4259592806795873 1.4119842918273584 3.3282280327133913 3.8425775812038445 3.7833047737175862 2.9439872494714674 -5.85915297029628
4.846280492905794 0.018126625019705103 0.005658952012211565 0.005422772998829337 0.03342532646059574 0.16396633384690262 0.11900988797852748 0.10307325589514413 0.0027019480940588506 0.015943121252209345 0.014137132320404559 1.635062450897052 1.5926819659381588 1.40626411280261 1.6345656710091157 1.2352156827568896 1.2841228452845497 1.1498436583225204 1.474921255512667 0.8948305900463892 1.218750640894296 1.1430348697719823 1.7281236283819963 1.9341473264511377 1.8355099644574127 1.4006734124272495 -6.083737805352352
2.7567541691038846 0.019053808592132994 0.006530580387456035 0.006819346609847887 0.05056101754753425 0.19109640747987577 0.15161013578692306 0.14412320807598908 0.0025644648497088933 0.012747907059607981 0.011069104008932034 2.068815602893034 2.248972008231865 1.7236307042745442 1.830817047319104 1.3640937937377782 1.3310102947215037 1.1852627720635966 1.5082004451038817 0.9542247101185314 1.354642715604877 1.3197214924549296 2.7686098321885857 3.16360464251655 3.0536264498149275 2.3903536236361935 -5.717809347544155
4.692640110087258 0.017819145189931475 0.00460097108463187 0.005330085639783262 0.03143034437388239 0.15825515803365298 0.09694838963929488 0.09815108951382065 0.0025673528607670893 0.015923736299942082 0.014081442553170773 1.6442882123251221 1.619761505744563 1.4155040917289354 1.6340681269023933 1.277317314190777 1.2781809042032073 1.1395520603066198 1.4602550429398038 0.8815281283418477 1.1951666448870535 1.1116467483763792 1.5894543629450806 1.7744543248339337 1.680262170505234 1.2811756007485364 -6.125783035594618
4.352459794888989 0.018094795784971543 0.007740529273518611 0.005400984644384553 0.051933484092940595 0.18399218026535452 0.1724643234428309 0.12300897774738118 0.0028616990697518533 0.01498904741057738 0.013582750148295939 1.731241593989519 1.6913536135991447 1.4560023273993852 1.6704837162883355 1.3038526405510338 1.3201069262285778 1.1923216091752542 1.5571562360986981 0.9642572223511526 1.3700789350431075 1.3382635335956496 2.809529394617569 3.2058063126589134 3.1131607176631535 2.4347666494135605 -5.9004805031504155
6.603578647815311 0.01788078378277017 0.004752665738223729 0.0049376085270059445 0.055820799768308046 0.18174650491641797 0.12510084891997614 0.11758424033406092 0.0014209852803549574 0.016990024942915852 0.01520853708417538 1.5233782239978644 1.3894420708612742 1.3430206447422353 1.6255940351515947 1.2973748183512466 1.324375880778239 1.1985844348933294 1.5702701447528622 0.9707707055762658 1.3820022015509905 1.3489802904355734 2.8436185505718083 3.2414224117189816 3.1548441456686747 2.4555099322586105 -5.841697569752237
7.121619776860504 0.01733335772687813 0.004135616230673254 0.004770573679248448 0.06401143575269201 0.18424515423278434 0.12142034764264999 0.12235145452429869 0.002645931784981021 0.0179572977225112 0.015725986361674136 1.4662946713430725 1.3519414260326175 1.3355392126762726 1.6283341941038003 1.2780765947976178 1.3378319077874254 1.2128180891811677 1.5604455228736653 1.0000358282492188 1.4405919353152403 1.426106591306638 3.3506756026162705 3.8572888402977057 3.7657585048064752 2.957576243076403 -5.881005360125573
4.730749029551461 0.018397596938115938 0.0050777739164402005 0.005412869854008102 0.04754942063485391 0.17988632755632317 0.12304378417054125 0.11750976920291335 0.0017690182022184735 0.01605022478830554 0.014180357110538654 1.6300099974711189 1.6128433227313506 1.4210746762598072 1.6474613799688185 1.2714548179958545 1.3068516010879339 1.1756014302266242 1.4922544637191568 0.941632771982001 1.319746651262279 1.2706682156276858 2.384721685466553 2.723215575720933 2.637106519509389 2.030255271386246 -5.936030627723235
4.717721841790877 0.01760325607121184 0.004490049618968806 0.005262324169052681 0.05250113827753885 0.1762971514862021 0.11533959599506463 0.11875990100737153 0.0028154881861890448 0.016027363227431233 0.014148690618387161 1.63749829021282 1.6185216052897682 1.423619344973055 1.6506781180289836 1.2984124725791444 1.3126583649560284 1.1840305811176652 1.506247097522 0.9543506408029894 1.3469129653897998 1.307290012549761 2.6023771271272844 2.9625377518725857 2.8656970856369903 2.211203716645427 -6.033129962125683
5.281239469663631 0.01800980054427454 0.005109920726745405 0.005678805163965868 0.023017028706466925 0.15292846945400754 0.09822293159619726 0.09674292513095094 0.002246048368902356 0.015946222830713654 0.014256433166060423 1.616725492151492 1.522036013679187 1.3754988810174391 1.6153900021451926 1.266157581237543 1.2668678134313789 1.126808710114376 1.395527082351304 0.8588688835222383 1.1459142419489527 1.0506789665011012 1.337590540547331 1.4702425536638453 1.3968283178077159 1.0441868677135537 -6.153717766554496
5.246115505380387 0.018161511993542642 0.004420060307021692 0.005212777515017464 0.0324638920274271 0.16215572842855183 0.09493637098928545 0.09750248124013086 0.002633754306283721 0.01651621726178841 0.014507289944493197 1.5940116401731546 1.5329629460726626 1.3815236190621394 1.6196817345579932 1.274842223728204 1.280969187458835 1.1434476659290234 1.4282009768246415 0.8854747851691955 1.2038320025656037 1.1198884911025582 1.6230736696203858 1.8263669937679552 1.7375787648480483 1.3173145261386148 -6.153645942386597
4.664226147001448 0.0176836843296885 0.004530344764175204 0.0052383999863962975 0.04524697785446486 0.17001375488542414 0.10885790611912546 0.1106450260605576 0.002880985034700235 0.016049502083142465 0.01405889377755911 1.6450948710109734 1.625583890853986 1.4240978463517555 1.6488835144473841 1.2463624334023586 1.3004827091462206 1.1682202008481468 1.4763380543191458 0.9286028992959376 1.29180949355667 1.2358194861277754 2.1941994237164493 2.47826508777323 2.3798745980172202 1.8336031346071662 -6.064808793254603
6.8158873482728595 0.01721314658191572 0.004242664585037227 0.004541552834306956 0.029759984158292993 0.14995365816828776 0.08769881238426376 0.08202321531697754 0.0025351408495968126 0.01726476509130465 0.015319389080295748 1.5152755396608975 1.3665439964052888 1.3244746175661648 1.5968441408149414 1.2676466406018416 1.2761445969336445 1.1372992778299151 1.4142032562745548 0.8752267202343568 1.175366300827596 1.0868082939997188 1.4699169075914271 1.6302325547095142 1.5474331181642582 1.1664383303681727 -6.145414237206363
3.838901738591718 0.018954384662250606 0.008250834443405396 0.005501725537873898 0.004771478441838165 0.14582005499878026 0.1328513828690154 0.07758326708903866 0.0025697660066680496 0.014254170820975385 0.01271311846863918 1.8111398972125208 1.800995101361243 1.488101508711974 1.6591912892277119 1.247171340108576 1.2437593003980716 1.0973837833086866 1.371552203175427 0.8105296651271321 1.0514996696665386 0.9366295666449286 0.9463130506382644 1.0340029494634522 0.9589507537547415 0.7126016804044697 -6.154825178904454
1.8943355658402037 0.01993673889972145 0.009429624722048564 0.00771808131761653 0.0476076639288485 0.19634805769831928 0.19950813159850098 0.15882629381868588 0.0026152673632290104 0.010314240426099236 0.00913015279201977 2.5799108935435986 2.9687690690006754 2.1001169178112282 2.104301904254484 1.4956212721128785 1.3751426911039035 1.1933402088776643 1.5054043103323465 0.9427859571861966 1.3491443478769094 1.311965881310125 2.823851463357537 3.2314168123246954 3.1680138316730764 2.467755029691094 -5.377639470067157
3.0814515025209257 0.018867236805119977 0.008989871803701187 0.006589838523635259 0.03371016883642828 0.17457749149183657 0.17418768393817038 0.12665544701094117 0.002359651693993358 0.01292918759223505 0.011420398906343799 2.0394490825790212 2.0862091363255106 1.6308478843123173 1.7637209108045453 1.328083849261732 1.2960281621676428 1.1532657073928354 1.4495923085817597 0.9055692942871936 1.2486464043297714 1.1773231521765977 1.9437000720990905 2.2017504869286952 2.1146182150668733 1.6064359018813035 -5.8962842500794554
3.9021225077720967 0.018167932055651488 0.00617257236208427 0.005574877548117553 0.04159796070968638 0.1727174930274841 0.13631072335828098 0.11401309357371865 0.002648432506621252 0.014586740811994629 0.012890403878082385 1.7990849306492658 1.795487483916856 1.4966359413887207 1.6846621384823193 1.3013170178595892 1.297831660727132 1.163404634270148 1.4680535451195327 0.9203240867478801 1.2795086223918808 1.218527086465715 2.11672252094145 2.400132274356523 2.3081474330958374 1.7840433668194515 -6.02908058439843
4.715961378633518 0.01773538611673844 0.004967828986773081 0.005355692741369537 0.05228543479042441 0.17800690974249403 0.12504786655264669 0.12059141605696624 0.0028444312979251747 0.01601910207148079 0.01408456401592056 1.6456705126882027 1.6205921874946045 1.4239734511272695 1.6576906255936275 1.2535863321156984 1.313525640106226 1.1839862924379831 1.508325522038367 0.9569960800792412 1.3502043807140198 1.3111626016289781 2.6248256864031605 2.995693759254128 2.9087712502341194 2.2685318617393815 -6.0007760038976015
2.411779442456069 0.019572937385139454 0.007621168752367698 0.0066193115752463125 0.03607896902216002 0.18207247996864492 0.15716656976979823 0.12732937716724 0.0023644225184194924 0.011953516774621708 0.010577648046355503 2.1861225950985568 2.4663588115931283 1.8274623819484819 1.8981283481931464 1.3460064202733393 1.3169110368805172 1.1564133794759126 1.4789829390174247 0.9047622277214481 1.2556265426588729 1.1890872665775927 2.0193918332495464 2.276042228086734 2.187296567586293 1.669387067544094 -5.681045130433096
4.8985545253632825 0.01756565627247132 0.004822739834317045 0.00521426655111468 0.06329545973905319 0.18632185838592777 0.13304081792364814 0.1292620985272133 0.0028995774632405436 0.016305913753127173 0.014306608552641624 1.6166341896452796 1.5903645375614666 1.4165445687712435 1.6575729728017876 1.2631192188895042 1.3320652853491948 1.208277418500237 1.5543272667537 0.9942104211953383 1.4366400170937677 1.427304514164181 3.3889387341367536 3.8804701365175593 3.8095348082878564 3.0000018183484296 -5.917638830416839
2.361305047321308 0.01942437979827773 0.005991278527768978 0.006554050134210797 0.05476561881296519 0.196472221923977 0.14651820288021936 0.14423081636101587 0.0022682023312999033 0.012602294848332347 0.010764297632417234 2.1233716940142138 2.510415565818567 1.8575767886529477 1.9278518616539555 1.366746213258543 1.343076306032909 1.1880919137734032 1.546772304757408 0.9604205274357953 1.3757873578172495 1.3477847080226226 3.006711979120804 3.4420811668575797 3.3581743515266624 2.6335417300692816 -5.539585632181962
2.7940596671552282 0.01932929873287023 0.011178114784509443 0.010051246717451577 0.01309164141494717 0.1642437276747351 0.1884837176308931 0.16008532087327274 0.0022282923382815393 0.01168755532664176 0.010092899143567511 2.2912670160262527 2.2290771317777676 1.6944302601404428 1.8018755576173489 1.3364364626823322 1.2788067540560115 1.1261800608429224 1.389900710282635 0.8574414617918146 1.1469547068265522 1.055733788982163 1.3813167723164168 1.536194488969179 1.4483105046722935 1.0888656966421681 -5.910556386913267
1.6168974817814008 0.02142294598201785 0.011357183424911122 0.008003509066177666 0.022328211460611286 0.1881456565566359 0.19982141342351342 0.14133732976080465 0.0016557850399268436 0.010185413154147964 0.00863417447560298 2.6337320107254123 3.3665833174923434 2.303978428317188 2.249600663505702 1.5139560031833847 1.3847096291527707 1.1699519401140572 1.4174608408396066 0.8723745156325206 1.1911620295547143 1.1132620156013768 1.695325124259441 1.908095595023467 1.8144896222975235 1.3927784076030219 -5.453229090436866
4.442818773068983 0.017678283588608207 0.00464199997169059 0.0053916346586958125 0.05377739506638469 0.1781780169456099 0.11923650026799971 0.12207503212525309 0.002876188164543414 0.015750340239867742 0.013777138186858716 1.679294126919887 1.670341279891762 1.4461129012027494 1.6620855809376434 1.2573860976214488 1.314585354191456 1.1863818441047271 1.5113897670813667 0.9608641222052727 1.3576216700604102 1.3232824438629205 2.701861093472658 3.0799981601086674 2.977736162247831 2.323107509722789 -5.989488004237912
5.024435184776117 0.01769487785854787 0.004735026853744769 0.00516740844464846 0.0421404665691327 0.16761107139864512 0.1106552527866502 0.10665331860474533 0.002859851772566061 0.01647461308958768 0.014437052418187728 1.6000959305306497 1.5653261160282022 1.3984620291187053 1.6335911165336385 1.2410839532424536 1.2964080040558363 1.1626490039120163 1.5055584099580734 0.9192717537918246 1.2712392938121786 1.2084601817482863 2.045182880068888 2.3124166430570536 2.2117719866944356 1.6850098670802063 -6.064398091998211
3.495249246415235 0.01828819356890277 0.008870680956960022 0.005617624770104912 0.01921910364804019 0.15482981345454275 0.15614557085532468 0.09419719230903668 0.002551157072473919 0.013667211188509871 0.012038844652620997 1.922109599277672 1.910483860623612 1.5444788513696128 1.6971940811545507 1.249323614380949 1.2676217735147899 1.122457401952835 1.4257591203381539 0.855180976812199 1.1417680565182529 1.0469892573443507 1.3346516239382158 1.477752413992257 1.392422712037238 1.043601456379248 -6.051882834947547
5.021271649459724 0.017833436793138098 0.00456083657453183 0.00521404455298865 0.06303287589240045 0.18893199658540216 0.12830955489704068 0.12913302179819316 0.002760544241555552 0.016515615138040632 0.01449112903594772 1.5929085763223931 1.5697092273045237 1.4087471888685357 1.6541613987175718 1.2625331728183742 1.3319875250265951 1.208051159221405 1.596206146299075 0.9954742511119146 1.4355788610867086 1.4234926035253723 3.3577166467431607 3.8807427351529182 3.795920234109386 2.962015503918734 -5.894526980393591
5.59426507297458 0.017719875728972212 0.0048499369527488356 0.004981662231826593 0.06255976822795963 0.1868832928476736 0.1333553551128828 0.12489879195852345 0.001962432237988308 0.01671989483137732 0.01476682204021915 1.5636232502062064 1.4916013183227985 1.3792266581426929 1.6418203375106604 1.2603496568692025 1.3331571091889631 1.209361276418652 1.5549233655169274 0.994700024603379 1.4333392459143686 1.4186786351024585 3.3294595211893987 3.825581955878946 3.7436989844122643 2.933972628694031 -5.848644951900474
5.3399754991775685 0.0177529053581917 0.006822590471142287 0.004692297836862729 0.03302133252311877 0.16090871269846008 0.13885302902227423 0.09063936743305331 0.0025512432261424493 0.015537075558343858 0.014642316014112505 1.6097001874647356 1.5183290041865656 1.3775886047909236 1.6192445807630147 1.2761676454000457 1.2846530089397392 1.1488332377510195 1.437307880089088 0.8937721294918345 1.218063203961695 1.1411395573027272 1.711233957044025 1.9181816881863065 1.827390804695558 1.3887497691887059 -6.055976854571978
3.324798954946042 0.018434906757096074 0.009588999053803964 0.0059234212145719035 0.009983716327781793 0.14814341272756823 0.15820423708699877 0.09045978342545831 0.002541198438323678 0.013098473473486144 0.011687989235888246 1.978174119431228 1.9689606906941324 1.5697618932430175 1.7079129904844033 1.2936878567628036 1.2564687474588099 1.1072529147869423 1.3584383343455342 0.8283237960739248 1.090027596057537 0.982972015976754 1.1016298241080622 1.2122606750275267 1.1279290547909955 0.8490251416250585 -6.1289399956009145
4.722906839059452 0.017598983060213135 0.004630389354728965 0.005296411510313127 0.06262632586114622 0.18596722086166093 0.1286152276821534 0.12979306309054356 0.00292350818630102 0.01611682783840441 0.014131450152725574 1.6375866116639597 1.6192838026717908 1.4281615912966912 1.6618583646344283 1.2633160085977595 1.330158451195921 1.2049675039584926 1.5500826188685026 0.994023893623608 1.4293354902171076 1.4140880590149456 3.319800259704637 3.8261974725116996 3.730758292858585 2.9363690881191236 -5.935531787333485
3.61649950705841 0.017967234900273445 0.008078519356527135 0.005690741762280704 0.05283467227008993 0.18405252849311604 0.17858814866098166 0.12892557142796907 0.0030086595708764216 0.014093655645001072 0.012459477359719933 1.8586093744999341 1.884290337365893 1.541838064118391 1.7220120936312528 1.2777815313762313 1.31893608504116 1.1868777777189703 1.556876019888368 0.965664072644809 1.3758558840945139 1.3478997482336517 2.8890775955853543 3.327709570667173 3.2082203033904086 2.5106058121749 -5.8338545632429115
4.979212832302924 0.017425536676300823 0.007800744707052179 0.004940176141652419 0.05655647961229499 0.1815270288122144 0.1768846795927459 0.1197608114690679 0.003040363311959174 0.015147033895695924 0.014329915783510148 1.7310160075300358 1.576474490416163 1.4094340298456014 1.65109745945112 1.2598286093543805 1.3281614451899073 1.1990379489387908 1.5386489764009095 0.9800865461569274 1.4036155131212993 1.382848602252888 3.055043791047449 3.509677025965981 3.4298175187807756 2.686658212459426 -5.876926135267678
6.217656244723765 0.016884791683801022 0.0057289448859127986 0.004905229505317501 0.04096194326905343 0.15991263354141777 0.12737559777674434 0.10108877720195011 0.003100474638084209 0.016081898948599398 0.014831723025945468 1.650212303462497 1.4200761698242668 1.3462077381395419 1.6140752098639564 1.237784407303218 1.2970145552933579 1.1691062276411053 1.5034380536256224 0.9184163538547465 1.2651107141106592 1.2019203772717764 1.9900646237884632 2.238039161312486 2.142590271804723 1.6443487721482684 -6.021670244441462
4.434729599662305 0.01767224182409672 0.0051660220020604535 0.005431046100155167 0.057287324418330406 0.18210899005063655 0.13308486828823035 0.12702271428610196 0.0028282774650319822 0.015523569236974509 0.013795546789906125 1.6859579237186781 1.6730358902540754 1.4485082490930963 1.6684712982076604 1.3066707932864838 1.3214192316342388 1.1972859688073716 1.570065780481505 0.9762294992042895 1.390388697223568 1.361431326378416 2.9782229374235434 3.400241812055336 3.3158428453831355 2.5761924008748953 -5.947166098762216
4.662573758897581 0.017581519226002772 0.0046302850330262185 0.0053497828387367545 0.053392021869270945 0.1769533045772684 0.11929675706994712 0.12126613870689719 0.0028417207664661152 0.015909178403098793 0.014065314271162255 1.6473764928016579 1.6294375775385552 1.4282178406747998 1.6532342936793294 1.2999391562374993 1.3143484457575818 1.1845426728761128 1.5105471183125248 0.9580805779407621 1.3551328212360623 1.318116681492517 2.6694059812749162 3.0389035786107215 2.9464311811118202 2.2986335660568424 -6.022683878638609
7.6775448333462215 0.01753063195238039 0.004510208043790306 0.004531526737349734 0.04804891077702887 0.17108433684213445 0.11161307227961037 0.10125997134738876 0.0020636576507719073 0.016784146348709596 0.015371384959363034 1.5446662279121885 1.3143303855993995 1.316925108441219 1.6133259320278515 1.2889902717325972 1.3113557578960398 1.180640662251603 1.4942235758065059 0.9409770001193344 1.314941806959968 1.2605718122613452 2.3090672048589713 2.6129113852126924 2.518579073413345 1.9498308868964302 -5.941223313118964
4.2151483421874065 0.018168801021996937 0.008275370056966288 0.005486569997775197 0.03494242079744923 0.16864745666720596 0.16374548285531937 0.10829322423154968 0.002882210733371305 0.014743992990369235 0.013438289531625253 1.7304486272483754 1.7163528997264494 1.4601401066891 1.660716812655968 1.2904025667900478 1.2900733948100993 1.1534270232608759 1.4511675117681238 0.9062248548864985 1.246978400297961 1.1785154551127701 1.9074147275318618 2.1419172118753194 2.0462026616045828 1.5668403409241016 -6.040150149582162
1.8430175087103196 0.020640531656339323 0.006347380376272118 0.006905533563995367 0.035178670559266954 0.18845613901484462 0.13382795704096087 0.13060129837278225 0.0018981728384546111 0.01171692860704852 0.009779657213691936 2.3117035146045004 3.012908927280118 2.123294600091917 2.1079493040933777 1.446686736772385 1.358249650738564 1.1679204265211263 1.4352247637513629 0.8957500832537395 1.2360186533169115 1.1715275688808318 1.962159155121359 2.210210540892127 2.125603512361294 1.6217815798397797 -5.526488082475672
4.354225841016545 0.01770007639005975 0.004693676833334405 0.005380051387047887 0.048518333851497786 0.17327875717066563 0.11508661076267587 0.1164922191957806 0.0028414483453195133 0.015463170009329905 0.01367071571490045 1.6974219732308045 1.6873562372068531 1.4514462609531493 1.664775196609963 1.2984512448471688 1.305777266974976 1.174786990296554 1.489486521924069 0.939525452860806 1.3177905025958192 1.267859787736398 2.3873006292482044 2.700176796308722 2.6090179398093247 2.019494300980926 -6.048492086337339
4.207271516404309 0.016371291518650067 0.005631961102051711 0.0047604287230617395 0.06537994696773966 0.17745151309539278 0.14742321639109104 0.12114121511440169 0.004317756800642233 0.015434504456126088 0.014058213723693124 1.6151699007482045 1.7190493080285523 1.4722537245266338 1.6862631817100968 1.2794620107658514 1.334179128201223 1.207731433919103 1.5905963507419911 0.9966921332373418 1.4541517166301077 1.435095107970905 3.4514997532788025 3.9999884006786357 3.9247058633685183 3.064413575675493 -5.817048584961881
4.581230204547064 0.017578169292558007 0.004556359844207239 0.005359747737321733 0.0626979847774608 0.1856368881637808 0.1263526030495142 0.1308015457139192 0.0029144858551715595 0.015972764432831618 0.014002871222842552 1.6462914552650691 1.6465818891468482 1.4389382914332365 1.6673205082098466 1.264468283579053 1.3297292214865166 1.205415119937198 1.5491148927664546 0.9920668380315518 1.429034983913992 1.415254237976055 3.3244768997616556 3.816223404704691 3.736417752622765 2.9344149014591023 -5.932408541321129
3.3808864588970056 0.018542385038313246 0.005180171774736461 0.005615735750770444 0.013582285262583997 0.147789651534779 0.0896480477240731 0.084737497945179 0.0025215082103981637 0.01410476547130258 0.012021599981939376 1.9036532433341793 1.9472600130241255 1.5587699632874257 1.7006169899387849 1.2903944358368848 1.2544460489480076 1.1056899817897243 1.3902055839147227 0.8273506104719894 1.0835084691327592 0.9750435602020905 1.0739679882294535 1.1780727549455592 1.1045172373186782 0.8176835303177435 -6.122668371192041
4.527200614542571 0.018288445201080153 0.0075322624096389075 0.00521525916225835 0.027861820636688055 0.16163936786592462 0.14429820327997528 0.09551415900522135 0.002514733719553262 0.015206752783725302 0.013862525670049189 1.6783417344090141 1.646139292281646 1.4275552941427887 1.639145911673226 1.2784725713632592 1.278523241069988 1.1388527191389897 1.4210275562793386 0.8792149120163081 1.1921067173487874 1.110208672750499 1.5678863740255622 1.7543850510800274 1.681423232680705 1.268740461746981 -6.0741087665142794
4.260577451248727 0.01781017316595275 0.007571203694793299 0.005463848560393528 0.05189268677367916 0.18073227341334913 0.16894618121336907 0.12406491647925723 0.0027700924844290768 0.015046096315046616 0.013543891927618748 1.7177679487800948 1.7116113837985982 1.4633855534880902 1.6752567976324104 1.3048014327550534 1.3163081175313436 1.189923164405362 1.520075006636618 0.9611830551693921 1.367138438572818 1.3326993767308195 2.7773196801403657 3.1718786338549454 3.079361053661987 2.410238046996596 -5.9217531609189376
4.953150296237064 0.017408794568162064 0.004398218626277243 0.005295392811483688 0.06373265090811715 0.1850326608607727 0.12439302839468075 0.1306855479405567 0.0029443320666981965 0.016430395391919483 0.014381894104491257 1.6060012547484392 1.5813875318937278 1.413028553531708 1.6576952043231532 1.2625295621034676 1.332149455342941 1.207633140916161 1.5970754106470317 0.9955117647280137 1.4365984096472508 1.425342509908679 3.3787299444128007 3.8864484292449784 3.8101850188617985 2.986794986098507 -5.909466385461993
4.448724528220206 0.018209251686128636 0.0054264011038278335 0.005998624366045241 0.028931572185283007 0.1606965753942357 0.1100190232507618 0.10842030343276876 0.002757749022181372 0.015563000421766754 0.013554789392579623 1.7092774121839855 1.6645757151928402 1.4344840786034607 1.642925495888858 1.2348469860994298 1.2766124671314578 1.1395066387487647 1.4567161020618433 0.88053819191873 1.188290729853689 1.1052787086922555 1.5685300529449246 1.7478475988531745 1.6517755829441776 1.2532749899798172 -6.1120866787643475
4.671437327799634 0.01732995676167501 0.008220674672621562 0.004974247617484282 0.06144316631162772 0.18628569269820439 0.18914489353416897 0.12499977424148798 0.003290671858114158 0.014984729849422455 0.014076152204761171 1.6719862636096106 1.6294170673447914 1.4327044925625825 1.666145602460519 1.2750878374077965 1.3331893656286506 1.2084031115446239 1.5808046966430407 0.9980079636821063 1.4438928658369945 1.4394896845460758 3.4619411375534654 3.997498384816692 3.9202031102253425 3.078386504978645 -5.830937852138959
3.3989641980479055 0.018731666818275275 0.009584381601323648 0.006986051862965079 0.03650610991667516 0.17711650263968776 0.18712849330096049 0.13809670508412977 0.0026650723810406245 0.013324615067173251 0.011978037495012337 1.9437749005531288 1.9536186054202627 1.5703558551950936 1.7280840409205334 1.3156852572439488 1.2977834006704068 1.1627171326363752 1.5010732614605629 0.9206728654939933 1.2864830695425995 1.2134170904579251 2.1192659332143062 2.399688020040294 2.331707115191734 1.7829645302059265 -5.884436350414292
1.8897859342677696 0.020093676786294666 0.006138649953557734 0.006788404933575866 0.025628379274185858 0.17400958651356524 0.11992240190240702 0.1178296796917405 0.001997014288440423 0.011885250540564173 0.009858665352289644 2.2608181102526292 2.949370626237366 2.0878244427652657 2.0873027702415587 1.4784389837970842 1.3379687155611792 1.1464726195039325 1.4366477269927282 0.8645694508208637 1.1690711497599242 1.084401548151732 1.5399966013141255 1.7179225074055247 1.6265784258470153 1.2334039380499522 -5.632008320879434
2.2684404881155644 0.01972841852125029 0.011354714555828744 0.006795227220545569 0.01481263851446871 0.16596863449739102 0.18997885058296188 0.11228150943805995 0.002158544512222751 0.01103814381472022 0.00956265538016806 2.3942821194576083 2.5719476073400855 1.8809968957677476 1.9283223700053822 1.3465457929331552 1.2976304187118894 1.1268385919174526 1.418062291707298 0.8499285658065208 1.1365133218071555 1.0423027737994472 1.3447306391792833 1.4880568214001801 1.4061811331614693 1.0563177286245795 -5.8016826403166375
5.042155202194546 0.017531313791016523 0.006192935486674886 0.005151590617994897 0.04270016767381096 0.16791451691813275 0.1380971622596941 0.10742555370287173 0.0028423261094110597 0.015787998062042456 0.014322280174587275 1.6219769957985715 1.5631549344550049 1.3984491101022885 1.6385753004417287 1.250720034939956 1.2995587339605725 1.1662249712195467 1.5115559263297118 0.9248328947111971 1.2841828841093166 1.226607003794969 2.137249597177142 2.4167827132649133 2.3180457693411913 1.7760442240122585 -6.006464307720278
2.7034131068054252 0.019019574399117424 0.005869173812273507 0.006289453613125544 0.030196676967547128 0.16901268339066597 0.11901492196770826 0.11377760819977209 0.0023414171605859392 0.012904436115162054 0.011138429373952846 2.0652654324803708 2.283912507922895 1.7247261609331983 1.8269367708953919 1.3512980498195788 1.2925902422791664 1.1385863422455256 1.4176245820681972 0.8812877509017102 1.1975831609796161 1.1195138464664742 1.6615938364648706 1.8478808923602916 1.7621460308004566 1.3392495850026422 -5.8677271144466205
3.968536270370853 0.018389600616130583 0.0073529645942705165 0.006116603094209948 0.04177920102781082 0.1765655191567613 0.15667343954018428 0.12553353912792345 0.002991878327583573 0.014691658887641762 0.013016279986593132 1.777370825939446 1.7837354675439239 1.4910516772073066 1.681469885517273 1.3000041505798745 1.306595014431815 1.1709526030613588 1.5068126522924497 0.9276146441236588 1.2974666486482491 1.2380294210965035 2.2126419089027927 2.529072305712994 2.443303505206399 1.871977734277669 -5.968132213087714
4.059628401904275 0.017926585278174447 0.004899105184838653 0.005823485294359013 0.03804336915346225 0.16640184283848042 0.10912546466881674 0.11412883605447144 0.0027442838357168626 0.01497249797660675 0.013156544424427118 1.7634896031419853 1.7537477391029375 1.4763076366411998 1.6709552005019697 1.2934682206814665 1.2896553034986895 1.1525983445501282 1.4489531696783835 0.9064371408886429 1.244997384839147 1.1773335598714092 1.8952395048677773 2.134141540429658 2.0397482667746965 1.5506116890083042 -6.097417524018383
4.453049088946765 0.01826912146600103 0.00749563415176972 0.005309353453331588 0.04525936282796255 0.17846807254136882 0.1621443110142897 0.11464644254267138 0.0027760020502284413 0.015043806209368375 0.013734263830302237 1.7404965146774927 1.6734097768503924 1.4436281537429034 1.6598153766328267 1.2537341282722827 1.3081028873650071 1.1751502788269643 1.492192916114144 0.9379894606112175 1.318148973583289 1.265933210879199 2.373337979672945 2.7202701540181207 2.6159214315282973 2.0290319449717567 -5.956340171420865
2.4565821239143424 0.01947660081804692 0.006876352269890964 0.0066500523908753625 0.0490812597276452 0.19263389064119668 0.15669095138131764 0.1410014939664909 0.0022298029224159903 0.012189033075354782 0.010696577299712658 2.1633691829895962 2.4347971503769283 1.8180384752729233 1.8953280241655464 1.3961965967284828 1.3315379989435783 1.1785454375205349 1.4939965338084478 0.9457899553030403 1.3418176775332358 1.3073786033334271 2.6989584912275846 3.0760682968005724 2.9823261813440007 2.3301813152787236 -5.647166954973662
3.0818056316680362 0.018657808029660005 0.009422596743810048 0.00614848779059578 0.028766909668721346 0.16814869413958666 0.17450390593393836 0.11373868041849221 0.002425173407031516 0.012813130711304596 0.011268733945408081 2.038860182813739 2.086106286627443 1.6281488574000798 1.7559886165052252 1.3245896382409803 1.288025544445295 1.1435404081505078 1.4277629424597915 0.8878938087350821 1.2127232339684686 1.1365574524919284 1.725017516172164 1.9416516677984894 1.8399965985986413 1.4102028485122442 -5.952022242222745
4.047582250246294 0.01767535807047783 0.004915312743135268 0.0058897007650844406 0.05383447333822566 0.1790944704292037 0.12510482264095418 0.1314537468402241 0.002953439790771438 0.015101977298015894 0.013156302939550073 1.7702382419847131 1.7578220518631529 1.4854040093167844 1.6842611142571926 1.2636628850043263 1.315140507953356 1.1851747470436398 1.5121174136405713 0.9605963111271671 1.363353588363058 1.327835362947309 2.7318450240614496 3.1386028785306914 3.0544609978039183 2.3671433089150025 -5.962681839888668
4.557226824422451 0.01762013581503576 0.004657599811941695 0.005334799557248834 0.056121405159058925 0.17982939573618906 0.12236140727716192 0.12367980847964756 0.002902639678667849 0.01590489901235815 0.013928897717142107 1.6631595551058163 1.648159993079568 1.4377180842709967 1.6598996884905528 1.2582771806849602 1.318701997364797 1.190607797129721 1.5215237084717232 0.9675567818617675 1.3763101098149508 1.3459564927160375 2.851608205561724 3.2559303277645495 3.1609053034002135 2.4667801246355534 -5.980199864331616
4.350525092575174 0.01763878575885584 0.004694331548261312 0.0054191981566446374 0.0636781756765682 0.18725775954797028 0.1301223291583649 0.1328534128103315 0.002858790052890284 0.015491575198789404 0.013697594975343973 1.6937706296374597 1.6918831292700665 1.4591425502247906 1.6755724371021987 1.31399645271655 1.3310699959789218 1.2052570674768925 1.5528032972030765 0.9964786692737531 1.437998803145421 1.4271905066943973 3.4210388508193033 3.934128488901271 3.8501837015534277 3.0329352417492443 -5.933490147689668
4.118872667325327 0.017590669547666405 0.004810286422017999 0.005493420991053104 0.0608281442473521 0.1842947501173681 0.12917735865976895 0.13099364627508744 0.002845187259668589 0.015150222316754851 0.013318538746514117 1.7428298712142494 1.7434244044250504 1.4806272559955698 1.6846685265010208 1.314631269402332 1.3258819594598164 1.1983414569107347 1.5817919728416459 0.9838388436007247 1.4140939894683713 1.3952966910685825 3.201860919101983 3.6735341013150906 3.595844978013694 2.8154650730281463 -5.912883233989494
4.368797713783992 0.017655034089006864 0.007095905749073216 0.005411451377681927 0.06165676693923197 0.18861368227278683 0.17215840931535756 0.13234362665061547 0.0030483003507150086 0.014960164012364564 0.013552476056592561 1.799717216872182 1.6877698922342048 1.4576968515909763 1.6779390909707164 1.2909189736711784 1.332943298084808 1.2082313009625896 1.5864303792972982 0.9959026701693023 1.4414859783788245 1.4315633125349527 3.4487201116119137 3.968694261099067 3.898070852720035 3.0753929800147777 -5.825252834302009
3.6204378722408124 0.018014319883265198 0.006178450135462985 0.005851324229011367 0.06165371150228861 0.1912087770726812 0.15656120456717107 0.1395523362094232 0.002665545653329236 0.01418850871775158 0.012376688136148352 1.8718080415968306 1.88774500987296 1.5448037565692088 1.7266763893640196 1.2837013891732878 1.330219357670718 1.201371413527491 1.5776075677498163 0.9928424379615891 1.4343311560004712 1.4254430873606037 3.4129818468788358 3.95651585652524 3.8715041039967244 3.042500447326085 -5.792319741485468
4.056747156341229 0.017829350828924586 0.0055018992782312065 0.005584418125101949 0.04941275065149418 0.176285563653445 0.13147392290777418 0.12183013860796028 0.0027869184770535427 0.014995918171818669 0.013091886388443375 1.7701486764525705 1.7583687945693238 1.4822784163877765 1.6802675937769462 1.2596230657868273 1.3085827514964627 1.177018987871094 1.4957813862777223 0.9456824784773118 1.3311875825828803 1.2873420032812068 2.5020733210175963 2.839897385170376 2.7454064670364886 2.129933604050951 -5.978790120831349
4.916191934232431 0.01767612649923282 0.0044073839585069335 0.00530548585158536 0.058258358921678695 0.1819860305586683 0.11936520898213603 0.12552281970879361 0.0020532386752000415 0.016307960390494904 0.014366180136996698 1.61060202909936 1.5865040530326273 1.4128729747465487 1.6511156234475985 1.3030254892785804 1.3231142638692963 1.1957079963462673 1.5737959019045114 0.9761079384578064 1.3938179944076752 1.367618299609251 2.988567627819265 3.4154262612475232 3.3283768204263797 2.601161069587431 -5.892203111038835
4.165856632383772 0.01764603457724777 0.004857601547810627 0.005511133242642898 0.05704947475622352 0.18144094453087553 0.1266757339375633 0.12751261913522638 0.0028374305573204395 0.015303476759083046 0.013389485428286087 1.7312155108625353 1.7323639122395433 1.473931925290756 1.679896624050224 1.264625092464647 1.3198959961430317 1.191030475423597 1.5659830529596823 0.9714763479881763 1.3844462712729628 1.3574838829229612 2.9378889225961364 3.3593316642859827 3.278100656667639 2.5362106941237883 -5.913751054103968
4.316614073115526 0.018313465086158446 0.006998720010116767 0.005528347354797814 0.014193522430471088 0.14816717490412126 0.12312811638778696 0.08633274198029667 0.002547846588581727 0.015121933433353947 0.013573363963522366 1.7051128934005777 1.6872606452936298 1.4397213168289822 1.6348289872565107 1.2676127472626584 1.2569729711013955 1.1121031400377677 1.402518631171924 0.8352195432416953 1.0995407803361221 0.9947363763370884 1.1345738754369032 1.2473065886425643 1.165803727266251 0.8710660584633495 -6.160771589077746
4.1908399898167135 0.018550463777321984 0.0062647309198416165 0.005684772446892137 0.013968701339351314 0.1499313801374848 0.11155818590528765 0.08853456482271287 0.002126306516761696 0.014835366195649591 0.013366425346413784 1.7307535421417497 1.716043941243857 1.4517691849318541 1.642337022040578 1.2690131423369426 1.2540565208789978 1.1096194245502449 1.3640186513562975 0.8330130143079466 1.0959646752638332 0.9886931988446801 1.1178137481206623 1.2337869748488612 1.1501319173142832 0.8564614128311511 -6.16333548705288
4.856420107389469 0.018033815893321096 0.005115840744167175 0.005123109433495242 0.033533901511490154 0.162427169127332 0.1092049104413304 0.09763541494881017 0.001840765813859663 0.016114741096809364 0.01422928837084732 1.6243851461826184 1.5917838009648928 1.4053199400140093 1.6316322119385285 1.2342587561779823 1.282788176357755 1.145509915160844 1.433281318965034 0.8911780407485727 1.2140560785943078 1.1347590088047765 1.6927395888581507 1.895861139057507 1.8004975644967072 1.3642455405550664 -6.0511132948925255
4.664783511696949 0.017543271239023557 0.004886804265462881 0.005185360712244928 0.06264636335555791 0.18576442120047373 0.1334281331254654 0.12756850896670524 0.0028716924503908287 0.015876518297671796 0.01400460222082336 1.675260673213453 1.631191936269358 1.4325540920076685 1.6660312500304975 1.2798015070797397 1.3303375949192402 1.2050489124817525 1.58631132677278 0.9913502046691768 1.4299909949926206 1.4174940502881757 3.33346151872895 3.829829973148316 3.743232184615942 2.9415469437693775 -5.890993046101911
4.689218239796821 0.01746627674662103 0.004497173413067994 0.005415236757565275 0.06046064769200418 0.18251060525809445 0.12299294067263039 0.12944135341766053 0.0028462406540402502 0.016013776441529192 0.014141763898731381 1.6374233952735775 1.6248454503494951 1.4295605736852892 1.6587399091442758 1.3068669230903067 1.326098505254276 1.199794239171484 1.58212192809661 0.9844424786953023 1.4104612469195996 1.3915242821380909 3.1453143604285896 3.6050504466317044 3.5148317441010355 2.7587107120909162 -5.9428886147099735
4.910623502713345 0.017405504828477254 0.00440946039789448 0.005293086008409563 0.059965924415798115 0.18136503248925798 0.12093630309564028 0.12677300715726073 0.0029577754090891486 0.016393878835604905 0.014340068724679926 1.6114937638122535 1.5869652709598483 1.413917102317495 1.651347824816813 1.259172585499461 1.325540388616993 1.1987834679022775 1.5800743708158893 0.9811036657128096 1.4055357059660591 1.3839989989478039 3.0888736489180024 3.53976968131492 3.4570466349145956 2.7018325309545435 -5.941759796435227
7.013838673858946 0.01743615919471391 0.004501504890145232 0.004404140749627951 0.06515941729288158 0.18603941461511225 0.12934597705090523 0.11661407078927469 0.002390782072515932 0.017651871349718486 0.015771058264880875 1.4571888344266921 1.3598765032761586 1.337848618608854 1.6309921865907986 1.2880778004755182 1.339570972100069 1.2156689708525332 1.5666906515427141 1.00265821941532 1.4501866425849834 1.4398891086651184 3.4597689947266774 3.9606265152262723 3.892924398179134 3.0614892854460725 -5.840171480804272
4.545582965167756 0.01748752325135953 0.004627702838620643 0.0054539433238437645 0.062336395594376176 0.18461407425505555 0.12759938381158886 0.13205267655404587 0.0029195704422421954 0.015907326722490133 0.013929259878618466 1.661874593077959 1.6535316309655814 1.4416512309831784 1.6659406883712053 1.2645020264765519 1.3291311414419464 1.2030109450806215 1.5902902766132576 0.9905321010329629 1.426514020418115 1.412096208853014 3.3025647663083135 3.788757635814153 3.7103882758034197 2.9141021517710928 -5.903580767523578
4.8147563921269 0.01750160805431419 0.004431764020537346 0.005272637528051007 0.06357032869885387 0.1856665589399775 0.12473227234654065 0.1302198829505439 0.00284644041795405 0.0161674864369328 0.014265270995910588 1.623234752144563 1.6048034386838426 1.4220699946024813 1.6577910033878203 1.3090233809430147 1.3315656519136496 1.2061788085233325 1.5531654227231604 0.9948913314796085 1.4354262443674155 1.4234938000432305 3.3750210138693704 3.878672830804203 3.7991581225809705 2.9795451312910215 -5.952956881388318
