2.395608073374202 0.03393503781188383 0.008493126158483442 0.005916519492535995 0.035137345338885254 0.19062016410034313 0.14132039906101496 0.12096382574589187 0.12621827588333603 0.060007896785168886 0.05412137976043953 1.064139924527195 0.8829252358706479 0.9246302204480624 0.6834796566621095 0.7655463275254516 0.9636954740002885 1.0202558874190688 0.7565589499149716 1.2850171160513466 1.3041789140601112 1.3819375332975534 2.925565323531511 3.1476455732958373 3.087480047443004 3.9996043208517156 -5.264009987326379
1.5763888550873202 0.03949416147016359 0.008429151824789432 0.005801677118596267 0.009461011622538484 0.1893531185344885 0.12048022291337888 0.0982583002552696 0.121282703114491 0.055095601453632355 0.048360489166314725 1.1821929280763195 1.2239153545165524 1.1654650183647794 0.8079215037009037 0.8618381705545592 1.007839208702758 1.0139590264826577 0.7181781069555521 1.1822319362470215 1.1616519912023264 1.1812651695181218 1.7846870496211305 1.8772336876592477 2.034860349321098 2.300817220926479 -5.550547478305418
1.610887259407636 0.0351657016747388 0.005465770742133898 0.005281441349924916 0.038972264993530244 0.1936883706517935 0.10891448575423236 0.1104792948222766 0.122188795408554 0.05750646285075777 0.04943097045480112 1.1540538850530668 1.2078654513038245 1.1538980500676062 0.8053636852345679 0.870684696368157 1.022791402343068 1.0513013342221362 0.7541154055773233 1.2695304505861382 1.3042196531959576 1.366637243870748 2.976460509166543 3.1967283815028282 2.848763129772731 3.993954347897935 -5.383345752344576
1.475215017376213 0.04119893761123983 0.012093425715846689 0.010182225497310462 0.004250501733400355 0.19783119409060154 0.15812384318919634 0.14961167678865508 0.11236825717910799 0.05261686812767071 0.046390369819955785 1.2600831625032565 1.2953549751271696 1.220087325304451 0.8372601148363771 0.8894021938741419 1.028667568858715 1.0310134558595512 0.7275961614918708 1.1992649829317985 1.179984608088251 1.2058434763731412 1.9807401196917642 2.096228254925529 2.273882417987719 2.573013518159741 -5.3955906906855144
1.7428980959051792 0.0364904384872781 0.004490699966747078 0.0031418962104443958 0.0397355965787422 0.19941620536778076 0.10061124317820544 0.08649667325170217 0.1288592563039015 0.059706912216011425 0.05178463364071441 1.0871496611072349 1.1327574750055232 1.097649447775149 0.7729761686164134 0.8426467088447601 1.0069814069672582 1.0354691761489676 0.7550438516290046 1.2719705366614649 1.3036098217464072 1.3824068433349816 2.9093864690488416 3.1164144595354273 2.929684424743504 3.984484827515565 -5.461455530134365
1.9413548804974663 0.03548043341009433 0.004913258159122426 0.0029341991252370505 0.04902254610548138 0.19970586538540375 0.1109844135521839 0.09172549133370624 0.1268551672985924 0.05967887866093767 0.05290207868730661 1.092870268017372 0.8827757347083508 1.034791906324915 0.7381827172769149 0.8155415106360733 0.9970676513699486 1.0413155248991304 0.7701142772410978 1.3159261758626166 1.330734744597184 1.4640073484907903 3.559869143260369 3.861584781927677 3.541493843742853 3.9999999985495185 -4.8919520917011825
1.9168199806504087 0.03057084183917103 0.004707893253323649 0.004406405861837412 0.027489494508905567 0.16152906377992293 0.08881781535656526 0.08722604611359636 0.1316177610898942 0.0608564470972306 0.052202975760699065 1.075685599538585 1.0472767096535358 1.0338029548241643 0.7374853328803538 0.8056359870352799 0.9752351142611138 1.0020094801585635 0.7261798016022523 1.2059626424772896 1.1964659361448828 1.2271904391129032 1.9749389984496022 2.084627072364074 2.036269267333137 2.572282297081248 -5.537886850526852
1.8659306735628958 0.03067290997929591 0.008304301039996858 0.0064931483961484454 0.0334161231071124 0.1725035347109137 0.13267288637019287 0.12000090703314858 0.12855009460315422 0.05929433655874598 0.05166584578350581 1.083545493054105 1.0624949015730583 1.0576965684295747 0.7442343624760699 0.8233376668315828 0.9879183511068772 1.022167083985164 0.7431314006116093 1.2479328312093476 1.2549476928538317 1.3284912632333814 2.6127366776485283 2.7734082563729148 2.52089449796024 3.505408580494792 -5.3794859529356795
2.3886639581398494 0.033149040006348454 0.008370149646144086 0.00962511342031317 0.03216308678525458 0.1875074991645006 0.13853310898298626 0.1587167687647954 0.12300984972150852 0.05883563286635426 0.052531612955115346 1.0983253573957317 0.8838799983447431 0.9209948174549928 0.6845463380688774 0.7653283233314723 0.9661670134085029 1.0288284229506357 0.7540392268901505 1.2803525933672404 1.303814419091593 1.3803783298933583 2.9019567798548187 3.147159748893716 2.948203098753141 3.9986182111975874 -5.192411949450316
1.552828479112199 0.036472076075883805 0.006515510307755234 0.005480015027042663 0.035182257162542446 0.19844012790451396 0.11830111570764927 0.1113586587750502 0.12091076109493915 0.056170500689572314 0.04873623819180724 1.1603927115854036 1.2435046215478323 1.1811519097055077 0.8210678640554024 0.8775104188540049 1.0312597152719778 1.0461313915001749 0.7528386181225466 1.2654449574786024 1.2947264011775304 1.3723544825676726 2.878232353267697 3.0858883636900956 2.8011896315510563 3.925006566001118 -5.426424172056331
2.6179505284978286 0.03767028369881025 0.00401892008005302 0.005176291093374314 0.033498571682013645 0.19994234710786818 0.09349099955358248 0.10994674943055521 0.1251945448869596 0.060784362232086955 0.0524064696960649 1.1076112684954278 0.831969587695787 0.876490642630936 0.6651307881387536 0.7502864692939184 0.9561024352851947 1.0142417524843472 0.7543250144370857 1.276659817088975 1.2586026867373674 1.3643892027574192 2.7228440671838086 2.9118982592486775 3.2199006897532993 3.6839138019305406 -5.300556493480928
2.0241683153319783 0.03373906043525576 0.0023519878360857417 0.0013517032488367733 0.04601620474715763 0.18995098900794236 0.07892007871246604 0.06658154490777775 0.13378614074280643 0.06301722356119462 0.05480645251099219 1.038637615124319 1.0069481060580598 1.0071321682471386 0.7226375890730764 0.7992680098208075 0.9820118135079876 1.024187256787298 0.7546555208098479 1.2781078783133621 1.2731101432136076 1.3870512320857464 2.9002687415641852 3.1089803663082174 2.8545853668017758 3.965993785215484 -5.388446757783456
1.6296969920137498 0.037274135326726 0.006843217911709618 0.005916499116202497 0.03264705415158184 0.19939166880352152 0.12067082945338843 0.11515050842402934 0.12327784150767225 0.056577521880232566 0.04946084355941585 1.151194879383109 1.1950986750633021 1.1491124647774678 0.8005490362377524 0.865390696603451 1.0217967284836877 1.0409041103960808 0.7528365171858219 1.2646421931941945 1.243695252942355 1.3646552838334645 2.8172660638922653 3.021257627722554 2.7432173676546334 3.835469791616583 -5.407705981414978
1.7578847894850593 0.040804517678171275 0.005409917605980918 0.005158000230732051 0.017406159739988113 0.19965280340668567 0.0949484394254878 0.09744728252423066 0.12640056385003737 0.05898254656818375 0.05126363214342096 1.1075121199167963 1.121534816417233 1.088267905751065 0.7664518531792082 0.8294487002825155 0.9903357879655145 1.0106474384301845 0.72729121908406 1.209189343855957 1.1567421605187669 1.2352564794107468 2.0467741901287497 2.1592807863789822 2.3595897176465477 2.6712029203348178 -5.508707663446859
1.7193687343228643 0.03689855922235715 0.005069910029566218 0.003843303854217963 0.036400243407049775 0.1992774914460716 0.10631348204717705 0.09404159502730287 0.12844402621693538 0.05912760124350981 0.05124301578885829 1.1051114582422292 1.1466780170089996 1.1061105463921728 0.7777767583596524 0.8428713947830434 1.0081229790932698 1.0331952459321145 0.7506905764955039 1.264537800139404 1.2925715286863075 1.366466056662246 2.7938025933082713 2.998812522994307 2.936529289700367 3.81147387324595 -5.475490759774271
2.3159387457840404 0.03136458053965121 0.0012509236619201065 0.009677238724163983 0.027904403773082547 0.16744299335604348 0.055983348688928306 0.14577969827415654 0.1276613109120435 0.06340207875291747 0.05161400289597592 1.086581436933883 0.9077908332798655 0.930355387772744 0.6814544280965172 0.7642635070027252 0.9543660707259017 0.9993444135213269 0.7323566527296619 1.225795129684262 1.2214404058867558 1.2592822186121186 2.1358374770563184 2.2621066303873842 2.2132143477746333 2.8002785139692437 -5.3505143705943015
1.7600979114818829 0.03658368714532175 0.004146432000461404 0.0027160878941306175 0.040594861151037345 0.19980546205537983 0.09671374066896085 0.08172972021980232 0.12909327779112428 0.059946948022796674 0.05206647263922161 1.0905381105664664 1.1231938376794959 1.092651797667056 0.7707542336430688 0.8373195812695539 1.0054452453614309 1.0341361876875965 0.7543121846950401 1.2736363275279898 1.3055503993428708 1.3493866055638546 2.9216554456691646 3.1379234931471234 2.9056311700755546 3.9956060799373834 -5.4260429504337475
1.3130696938444426 0.04226661802743651 0.01088154777926341 0.008296604284377066 0.004034734405708491 0.1998396980783858 0.14177275959978727 0.12235383388640002 0.10719446925727834 0.0499101540790057 0.04350466164436907 1.3120800924253373 0.9510106325987869 1.3187976358593858 0.8934470360029131 0.9349497441514911 1.0602187024929832 1.0457734533333418 0.7275387027778032 1.186514271709461 1.1668818691518126 1.1918797658750522 1.8691002468869309 1.9646248195560383 1.890174759745677 2.4183669814399478 -5.617141330562021
2.5260894192386214 0.036241186149534615 0.003831105761777593 0.0017407391303155008 0.035038472233251246 0.19212899061954036 0.08889090082941445 0.06651985143719773 0.12536805527149472 0.06097440581290135 0.054629543165469 1.0993873380806827 0.852058979188733 0.8912484863182104 0.6710243940057461 0.7529491789425541 0.9538266505955478 1.0084716835685972 0.7461095487036943 1.2579200815889033 1.265158126081754 1.3274929380070737 2.5018582962289684 2.6691025481289588 2.571635739339994 3.3744984389104977 -5.372092062461617
1.891212035675516 0.036222697566927364 0.003862973135346953 0.0024186042964161104 0.04127342495767103 0.19955744329663497 0.09528272783829039 0.07928920341242955 0.13203482185304152 0.06163574776378864 0.053882752406738836 1.056810161627357 1.0608870495257305 1.0440250603585741 0.7450582762333002 0.8164213896928983 0.9923630433258541 1.028042123215823 0.7537637988065683 1.2751134601192795 1.3076460812581565 1.3742227503079087 2.919282283577505 3.1210967492298973 2.931536336537967 3.9967510452123007 -5.441685641030377
1.8067161981745847 0.03489246236041337 0.005278842569036894 0.006866410489783123 0.036844316611692816 0.19362891352438644 0.10798163477231582 0.12797659266481037 0.12441154050686001 0.05905852747482762 0.0505740035855308 1.1333060187773532 1.096758828677908 1.0750731723344868 0.7635538919864578 0.8338660753612929 0.9994710474934311 1.0321389990313017 0.7533722990618198 1.2721979005593376 1.2977354199776099 1.376051575798892 2.9150994364882568 3.12659048196907 2.870544376599609 3.999384654507487 -5.38481777571533
1.7383440986865917 0.03658101500435865 0.0042010525350701785 0.003396411189462475 0.03957923033521107 0.19998378369092665 0.09679958248399284 0.08924336133818107 0.12879477390626992 0.05961144206192753 0.05157127999861747 1.0950908602464637 1.1351286770207334 1.099208449683466 0.7768209077160452 0.8402903631511129 1.0077225136381103 1.0343150523618325 0.7531775155759067 1.2716954169305266 1.303177180607654 1.381482220461257 2.899669533522795 3.110935447446733 2.8701200550964425 3.971638986058326 -5.452377232932858
1.8376748996398324 0.02178784715701179 0.00011889578209858776 1.7858512924635055e-05 0.09260679103320305 0.13785119461890685 0.06145622723591828 0.05695222265552486 0.11855614034192166 0.058031779072377845 0.050161350601059064 1.1689759558238761 1.0867159565905018 1.0778217348058612 0.7642261603462794 0.8443945360541046 1.027890811226194 1.0809496644325922 0.8122087516131108 1.4212920917480873 1.5338930585425419 1.7035321773775436 3.9624330922675344 3.9964667535483533 3.7596165623947604 3.999999235289774 -4.159649346637192
2.3634249189960057 0.03554612625047511 0.006015110442488018 0.0037790178131979504 0.027252638471466438 0.18512832677154514 0.10591546821786783 0.08392552312201082 0.12066469228343746 0.05900314042683149 0.052000177610404305 1.1431070566864967 0.8934673957804893 0.9227060778445432 0.6880771778276057 0.7630665350014797 0.9551055720119258 1.0045111947284702 0.7380480009270827 1.2373025505879829 1.2364721306782482 1.2766191154304334 2.2539107108514753 2.397424771705158 2.2583074426043925 3.001463695161887 -5.37537391075505
1.8248429064009795 0.03617917057988774 0.0033500180547696807 0.0023003415727412646 0.04203332548163741 0.1988572723947308 0.08955246521310258 0.07759843174880032 0.12974753259459715 0.06086913144375449 0.05279849569631284 1.084135232766258 1.0931094105265782 1.0715176593582294 0.756673013440451 0.8289733563081869 0.9992488523191553 1.0312511735200136 0.7561918368088862 1.2750647017187258 1.306670998196262 1.3855078019581746 2.924471788646124 3.1252849370720437 2.9676416546681392 3.993239906450471 -5.442821460320721
2.272188462028753 0.03986745185515352 0.008975302239669075 0.008232845964191774 0.01456054350030798 0.1986636805617845 0.1328907072539209 0.13234468334592261 0.11617347638994373 0.0576007979693262 0.049540476693041215 1.1836736452451235 0.9198121140462387 0.9394545988904087 0.7005528186936474 0.7700145121737887 0.956308815536898 1.0117905049932576 0.7331865420567326 1.2382989588388067 1.19569161727212 1.2599742361402366 2.19834158157843 2.34072712684843 2.2864466625826134 2.907584708371626 -5.314304196520629
1.807981328357466 0.036623984692851795 0.0040258144171314405 0.003030339755808495 0.0402839264157493 0.1998270527938153 0.09587011793522375 0.08581420148030594 0.12987052684480463 0.060525653149659846 0.05270024991984157 1.0801744674819982 1.0998270799471868 1.0753963515371259 0.761271339805049 0.830975498994589 1.0011334213402177 1.031453400531361 0.7545507360394866 1.2749037016255613 1.2573593085037065 1.38566481488453 2.922604579231532 3.1404208302857426 2.933197154156868 3.9811815942814404 -5.419789469145109
2.0244226639192546 0.026249758039785482 0.0018913955287771231 0.0021825021056162608 0.05529167220384433 0.1602351486329858 0.07414658913883951 0.07859146028455993 0.13128238955856295 0.061612545163451556 0.053739416793049846 1.077317627905128 1.0000816565807467 1.0148186297132573 0.7258177486640733 0.8081474483437162 0.9820142900880443 1.036975841401384 0.7635312219206589 1.2834775026877792 1.3235376760470279 1.405096853748402 3.04334420394323 3.3049903587875873 2.833198005606721 3.995860952034218 -5.282099115759488
1.608957166905663 0.037446116827330816 0.006176717415380787 0.005070838451576998 0.030845356051753897 0.1989346333233804 0.11230139627827804 0.10342556392561338 0.12296171965573055 0.056899065291703264 0.04935691687398363 1.15154953849175 1.2066042212111998 1.1539997568053644 0.8066932669320694 0.8649347385163069 1.0173544437501978 1.035808827404601 0.7504958364880516 1.249583935477046 1.2687401262980134 1.3325672764025926 2.6141304505449936 2.796266883774538 2.6380240661904075 3.5435163817307185 -5.48540703180621
2.191859834122075 0.03243165072492507 0.009536533531613416 0.00582763421636238 0.032417919770362104 0.18110634830954472 0.14797116251147122 0.11670470288508437 0.12900638439787407 0.06058025969853459 0.053448630892010726 1.0713276164514836 0.942512523979511 0.9672161271810085 0.6986499645440849 0.7839766582234986 0.9693450266711772 1.0171350140191413 0.7522337431231921 1.2688899913454788 1.2502907238169858 1.3424482373034798 2.708786851911008 2.8734069355169845 2.9211117304190997 3.64750187452213 -5.290463581165115
2.1992493420282204 0.026882001459243552 6.534008158257973e-05 9.889803737916546e-05 0.05741444364651949 0.16377174901878233 0.05536319861399941 0.05279134274172985 0.13403655131774636 0.06362631006327135 0.05517150777521554 1.0419823170499025 0.9468674566679712 0.9673215844970842 0.6996035556264536 0.7882989778356533 0.9722030717146237 1.0229366408906544 0.7566961320957046 1.2865187847069368 1.3194810071470224 1.400204813869555 2.995711183746591 3.2157120598286904 2.8711157363132864 3.998649256144942 -5.309194593149301
1.5493250624305925 0.037182958664473034 0.007310820894694853 0.005841716353896632 0.03205494410849459 0.19999152437719947 0.12533562789274036 0.11385029545992371 0.12047571857585208 0.0554863034868684 0.04832065967115088 1.1754627469635888 1.2447387641483212 1.1830563361013058 0.8218358085538784 0.8774693045223144 1.0306652043286142 1.0445382298389465 0.7505350237767758 1.2599077753730046 1.2859162661632018 1.3596656508620903 2.7917461401621733 2.993404110549365 2.7671435755790337 3.8023527821392116 -5.444161271948625
1.8348895828073164 0.032328047667704765 0.0020897931263886664 0.002270736025491678 0.046963541087665095 0.18507884389682236 0.07547844580809943 0.07702420592328368 0.13177280463095278 0.061752413851811 0.05326439695407901 1.0588839740104157 1.0881972683707453 1.062927211588534 0.7566341844380922 0.8253106902531381 0.9972337030072487 1.0300922926201392 0.7535510265032563 1.2739183565279135 1.3051855659545069 1.383560067304981 2.8952354104906393 3.116942683335222 2.886910830891426 3.9737658478559967 -5.414733409986988
1.6399691713884474 0.03557505273339104 0.005724309051289015 0.008456217404999562 0.034390078003218444 0.19648107744876636 0.11185327654554696 0.1465630861922438 0.12489257918257404 0.057988450532594556 0.05010645391061072 1.1199404891452105 1.1886363410689897 1.141408408897213 0.7985608773907689 0.8595132985810005 1.020085127885649 1.0407378044433604 0.7537771122182426 1.2704360006588211 1.3008686109249825 1.3791147284226193 2.9093149124400397 3.142261051394456 2.8476884398627824 3.999759815913549 -5.382736377386982
1.4327361669888024 0.042876303560292366 0.009023591419804137 0.007171918652664072 0.0019220382982133586 0.19990864537663178 0.12139562884391289 0.10723902084630119 0.11417676969798533 0.05290907523523289 0.04580697609978588 1.2372001665257115 1.3238734439946727 1.2386547615253594 0.846781494785593 0.8961242410878587 1.027460290137981 1.0244050268568763 0.7151737261975928 1.171125775669177 1.1441627261369234 1.1583014231885438 1.6853888033797901 1.7759465257205478 1.711055854665376 2.1650749958485105 -5.580222164016012
1.950968854414367 0.03166396029368362 0.0017508868208511072 0.0002765199389999345 0.0501670967999955 0.18287617331442027 0.07321190735108175 0.05423874774281181 0.13390570365849624 0.06296557202502438 0.055047018631004356 1.0413402349874599 1.0369945674464849 1.0253851500834181 0.7352992381483032 0.8083021753314156 0.9876185284235893 1.0253320204890404 0.7530785191244858 1.2764682888258065 1.3109429101066927 1.3893574698682754 2.923752619475726 3.144535257693531 2.909394072288054 3.9999999999623843 -5.400346925822615
1.6647970914266514 0.03794872025372956 0.00583984967686469 0.009115082198609879 0.016804131531381602 0.19064824126080396 0.10089169272607229 0.13883204592564669 0.12566518868043153 0.0574685761103986 0.04934381711662843 1.1375283521668125 1.1721759533728418 1.1258558768795337 0.7868937561062763 0.846574197002658 1.0027743122216832 1.0172527194809007 0.7292356484151119 1.210338774238932 1.205659157280548 1.2419933085756336 2.0852057979028538 2.2052948658072573 2.1774790879803327 2.738801803151991 -5.514571576092322
1.7871907930417301 0.03296632920597704 0.004057433365015655 0.0030002961786759494 0.04392641166219332 0.18748860085787783 0.09603897224608736 0.08516306381630456 0.1305830065823169 0.060484518664512425 0.05251538620300962 1.0766068316581916 1.1107852575670367 1.0816290486556164 0.7656914946660694 0.8337465676609078 1.0032285201243887 1.0325575181548252 0.7547023237858005 1.2738735970388817 1.3059587890374145 1.3854460518252196 2.9170900088818743 3.130758010449248 2.8806319186842435 3.995795087889506 -5.441709447635111
2.0078824835071805 0.031228403877117013 0.0031430804029717306 0.002921662212610605 0.02326311658380248 0.15752837553005236 0.06512995218008565 0.06521565511481148 0.1310954900868817 0.061576174282894386 0.053483040517312674 1.078212982554247 1.0091515831103368 1.0052104873150496 0.7186284505008975 0.791628775456748 0.9608673331022112 0.9905998535489495 0.7139890010646638 1.1801480594834601 1.1536674198864185 1.1665837244755113 1.692958739817618 1.777069316339603 1.921115637006007 2.159698374862101 -5.550156232042681
1.7367606626159457 0.03669055301199934 0.004228699994788231 0.003255350945878318 0.039268450091306875 0.19982581589544474 0.0978978632595439 0.08770983696853213 0.12870309130267837 0.05970430806617404 0.0515991161615198 1.0936874358806539 1.13527698719763 1.1004541864726434 0.776260897594944 0.8405029037654724 1.0079026122306514 1.0339676890723604 0.7531186780344399 1.2704614716703089 1.3016476860272819 1.3793155888689919 2.8782836011490387 3.0900922299436657 2.918244064380359 3.940261834322983 -5.4641903815516875
1.7955548545407074 0.03504252595466348 0.004893765559324267 0.007509996082550822 0.020013684811593966 0.1781231707956075 0.08965494724360688 0.12087306191540961 0.12897438564067407 0.059185420278546313 0.05073907076721781 1.1045161202273368 1.1032537568035896 1.0735218546638938 0.7588177815549799 0.8220753921230812 0.9838435847799916 1.0066674546347545 0.7233570955849543 1.2038721840632713 1.1941199537370184 1.2244717672673946 1.9859837984666437 2.095807232802641 2.0458600585625892 2.5809617731238506 -5.540744943515098
1.8204577438413392 0.036638972298196466 0.00455800166603168 0.004399098384740759 0.03829105244866392 0.1993010573622414 0.10244794600956182 0.10314167861990693 0.12808471924673412 0.06016682003188668 0.0524720307896725 1.0923233841427669 1.0940682529090267 1.0719756049881044 0.7593843394579509 0.829240363526787 0.9978452260628756 1.0326308138317914 0.7522910804547177 1.2731365041255276 1.3060094716568145 1.3813721991548769 2.916134897415811 3.1334170791298255 3.0864293137522876 3.9999900779696977 -5.438992192705464
1.8487056677101483 0.03698983142030466 0.007314185676459749 0.006159556784409341 0.027711758744397998 0.19530211933628008 0.12406576879627715 0.11599297104337311 0.12366082230690445 0.05858433752184654 0.05119507966157578 1.1418114801389463 1.0756806317583594 1.0657436487989014 0.7511300208875559 0.8224432366042506 0.9918791286008605 1.0272772518496978 0.743534622750343 1.2486982331163763 1.2422999143951936 1.3204756316841044 2.558662068953107 2.728953696432019 2.634182401478526 3.423612871132673 -5.4201759937035
2.2258824050621575 0.03270197565749459 0.005365312078203162 0.005178418393353906 0.04000809870092688 0.18488991368919563 0.11103468623991955 0.1109878518124589 0.12612030232995877 0.060323517653316214 0.052285220687178204 1.099212184344313 0.9367709545071663 0.9547816483679407 0.6968403895831384 0.7807021893801454 0.9720093446668354 1.021157107571508 0.7572533726627914 1.2821693590747167 1.3107374320782075 1.3882165633160084 2.895694326810076 3.1094858646819357 3.013966564876793 3.9575023036852626 -5.315440658104129
1.5963419338207765 0.03879132590863691 0.007953184744803842 0.007261999638286142 0.009168948941429214 0.1872077382173505 0.11495536899343702 0.11461216806535526 0.12128434769805593 0.055985954283914056 0.04920364675125263 1.1703614608072492 1.2112183316611398 1.1572578832341798 0.8032198798593722 0.8596841942391992 1.0044917921529568 1.0149955296336204 0.717936534501739 1.1838220948269078 1.1590793104909538 1.1792060473127637 1.7942300837545315 1.875420335139395 2.030949032078926 2.30079742116789 -5.554357332370716
2.3412927174250333 0.03997176816703395 0.005986294570502096 0.006461146875212719 0.018992810995009154 0.1999370201207308 0.10488374008312874 0.11387650004389813 0.12243593397319506 0.0592570919661998 0.05138374503069258 1.1253359714803683 0.900231273175735 0.9251938725040438 0.6871402395984302 0.7631146706603497 0.9546650000718822 1.0012183671138457 0.7351367131431361 1.2318827169444047 1.1988335856974723 1.265951700828595 2.1948136781705476 2.333143723660783 2.2703178067841225 2.897443492275676 -5.390122255258675
2.0981874194231063 0.03546678341226579 0.0022761111591205942 0.0023794860696881204 0.043667109827135994 0.1957336846433313 0.0785093119847908 0.07860141410159713 0.12795370576173562 0.06259133087690195 0.053853825830252874 1.0755209705387079 0.9800481585422269 0.9933583754395812 0.7149196918823933 0.7967134002847923 0.9758207366703823 1.0230945731836258 0.7536876638633933 1.2793817160621381 1.2722858517862412 1.3714844278757294 2.9469116355359746 3.1342720454410364 2.874483339838378 3.9920719872816344 -5.358911668236157
1.5188651631766392 0.038384411100647615 0.007869403548255965 0.006288000224512419 0.026740047468949868 0.199999970531449 0.129883545015045 0.11694310464474335 0.1189592754344854 0.05504402416484286 0.04777151788505378 1.184797072185027 1.2643322222515694 1.1978794195001323 0.8296695405246578 0.8828544940165286 1.0330318235372808 1.0425585535914232 0.7452301473845115 1.246084187913492 1.2646746421495694 1.3287888715944152 2.59581420617519 2.7672136199931607 2.7079751504961664 3.507843385867049 -5.452902484363962
2.7116452587214583 0.030050921686740624 0.0012021957413635056 0.0011624113528882147 0.05088670383630511 0.1769014852359568 0.06677234694827486 0.06514064674576908 0.12825141633700468 0.06241941821211938 0.055110749250373826 1.0632039551469852 0.8150329668798266 0.8716653137968615 0.6604198974916516 0.7536066003875085 0.9512627822155281 1.0316378083202355 0.7595853934391803 1.301623715690904 1.3185025637628238 1.3945898093501379 2.9326908319815566 3.141758821704201 2.9093394974625117 3.986824063964428 -5.304824903208211
2.4771904618087635 0.036593781768729586 0.004390334319327832 0.009443219703479527 0.03264855931609201 0.19822818346731516 0.10147186422986497 0.15685197006659074 0.12171887288658718 0.06011553684925828 0.05009030109956676 1.1399726868572 0.8653413679507055 0.9039923881069285 0.6789884801115098 0.7590195489812669 0.9627981731643234 1.0202987988224035 0.7598288626603265 1.2862348466453277 1.3144148821524493 1.388850221774529 2.8970147947657234 3.1103117614623015 3.2397245518386204 3.970806844945589 -5.231086213364138
1.7848192558721212 0.036770822327209615 0.0046302433656069805 0.004208795393965776 0.0378179185828892 0.1998623265715692 0.10223821170348224 0.09881255677118896 0.1297136472843589 0.060337748912377816 0.05226606574859489 1.0829500787311066 1.1111196923449005 1.0824699360807652 0.7664967373517318 0.8324160049221446 1.0025854216900885 1.0316376472416156 0.7532303313419476 1.271852791157373 1.2521897912416025 1.3799206568522981 2.8792737558959893 3.0942223627793677 2.943779081214177 3.9394116057267885 -5.432881285566902
1.582865807095659 0.037741103727303736 0.007581921339286399 0.006562684025803467 0.030476881505413476 0.1998652678627194 0.13087829804073425 0.12541881585908796 0.12213453800125641 0.05621094119340759 0.04909164799811099 1.155708576861759 1.2228384230896603 1.1664881983156672 0.8134617306683128 0.8714822453231095 1.0268440895045345 1.041888636500331 0.751950463618714 1.2609719425457646 1.2872346429084838 1.3604529158808187 2.791951880218226 2.9923406091454425 3.318228505230252 3.810602506804985 -5.392728014607662
2.5076004446530966 0.02807049836038566 0.008493353200646972 0.005053797515714989 0.04093548381010637 0.16419460221962937 0.14711556992695174 0.11238226205516724 0.12729012144669255 0.06018924333963491 0.05499945417046467 1.0997631582475498 0.8631176198568726 0.9110775134836145 0.6750328491420345 0.7654627444448103 0.9521116778872523 1.0294768885186336 0.7601904993232295 1.273493280547785 1.2877824134233338 1.3742419554616851 2.852764563003399 3.0947478672565287 3.3943846905228217 3.8974505926073792 -5.143882485244954
2.225252979808984 0.008999767570584023 0.006893344725797226 0.00869806278798072 0.09351387846693524 0.07814051611310763 0.13157289412237458 0.195881311301405 0.12373584509141927 0.05688073979035259 0.053931396908891996 1.1379775105096637 0.9307298382922188 0.9905793266180907 0.7038756927901366 0.8064059027025402 1.002433747147507 1.0858878427176455 0.8236995171527922 1.44312382665458 1.5568769951581916 1.7937354718906724 2.9790970491443214 3.3449098676344287 2.6808254141969683 3.899347616252265 -3.0470243629559923
2.6138764306701 0.028947893909233913 0.0018346335119570464 6.777519976992732e-05 0.051884031991739125 0.1709985135281939 0.07336540031758715 0.05222631090011816 0.12916234384225608 0.06266908926017403 0.05635573032506745 1.0589330803683565 0.8242778518516687 0.8774629220520677 0.6629218657479771 0.7572744801399584 0.9551075953380846 1.0155913820472828 0.7553710207673551 1.2808412320020401 1.3087831920046635 1.3872735988008846 2.9172037092521257 3.1240364609316202 2.7982689111377366 3.8950254888213127 -5.315709385278319
1.7947582088743865 0.03609566915406611 0.006466399527088335 0.005463940753597756 0.03603901406518482 0.1979368004228238 0.1195502225593664 0.11226149755401174 0.1277080754556043 0.058385823939795196 0.05084901671817649 1.1158505313243983 1.1058233797794221 1.0830260509471512 0.7648567440112886 0.8344801805030511 1.0046939754871365 1.0366088466385328 0.7558377773208015 1.2756427297151773 1.2631241718560946 1.384408065684529 2.924357437828297 3.1414168955026915 2.876583898654815 3.995360649382554 -5.412133598599204
1.5789090755641384 0.03660156024085439 0.006591319843800882 0.006331225170216301 0.03224160161601559 0.19756381490045635 0.11783418162938782 0.1187768686333947 0.12115414864395178 0.0562037999917878 0.04880252393659104 1.1721926490831414 1.2196642385057836 1.169284412645504 0.8160264691073089 0.8729308575209942 1.026391028085379 1.0428377095749297 0.7505109455262186 1.2594026469184938 1.2822875789670771 1.3528966157491567 2.742750686659153 2.9532608331335224 2.7149223771024515 3.7588385440807284 -5.433454010523627
2.391154150414435 0.03677322909136267 0.0038713784355999545 0.0032194965353933803 0.039540186710723665 0.19960501675855893 0.09453880923279703 0.08798123961269 0.12120479320570254 0.06027907447102032 0.052314474262047383 1.1382131560627458 0.8898400454911469 0.9220099744686331 0.6902376821630162 0.7685855328447553 0.9664015762781577 1.0219081911964867 0.7607098091783887 1.2874956623122062 1.3146057381881202 1.3861357975898174 2.9165297723685613 3.1242243063595487 2.933175275653071 3.983555881657626 -5.3241906004846244
1.4946883245428009 0.03801709074551591 0.00826842973391954 0.006099026121737743 0.028182180673573122 0.19999979269960821 0.13397220643788327 0.11565279347253543 0.11747020868374579 0.054138214417408674 0.047489034327878536 1.1993124079369777 0.8733642781234694 1.2095693420878515 0.8352056815102228 0.8907371361598504 1.0381361689356918 1.046987127684874 0.7469469001286738 1.2505481956146083 1.272367020617263 1.3406761602854957 2.6686633701493205 2.8564514486725567 2.7863282002209333 3.6257961342787675 -5.563331365149744
2.3243458751274337 0.036253214990077436 0.002938367903735165 0.002830284151336839 0.041136213925872786 0.19750082544822678 0.08605231706249739 0.08663130144050045 0.12477959133280918 0.06206158901801026 0.05363789865909784 1.1073363360616448 0.9065411379485164 0.9326712411969922 0.6862583996391173 0.7705381546924049 0.9672369778762805 1.0199555607132278 0.7571334824484017 1.2838027810857309 1.31086793951075 1.3876694455552923 2.8966061933077047 3.1078312583542695 3.4350008713082714 3.956114394221048 -5.302626851637772
1.7094934300303357 0.03693376578349374 0.004890535943583462 0.0036594276010391415 0.03741126794181177 0.19991868196069904 0.10496425575933692 0.09232096430787863 0.12792261835828547 0.05920154160045421 0.05117167799972882 1.1016105612972038 1.1496101920159718 1.1109734179521642 0.7823982370631549 0.8449355426403464 1.010514512035329 1.0346103541367802 0.751977502940181 1.2671613106232114 1.2973304947700366 1.373142097096334 2.8392644823549857 3.0457793585909996 2.9542305069739205 3.880130786885888 -5.472990900757728
1.6459851451518612 0.038920384111606025 0.005829893507270375 0.006622806319111135 0.01876220243318715 0.19508608605782468 0.10122202260663103 0.11335005912894593 0.12515470754275898 0.05771334001997897 0.04988384098936481 1.1311221059550423 1.1847654204627118 1.1329152964816493 0.7925644858082738 0.8502607292312283 1.0045210748939752 1.0192710133582483 0.7290933866075195 1.211614385167524 1.208127031158365 1.2462291632048967 2.102867166241551 2.226272891990482 2.168877040234819 2.77138640233461 -5.554616933657854
1.7556461935001484 0.03662159924690912 0.0044681605055119445 0.003315061819732099 0.039412974799108824 0.19979445696508155 0.10139951074467189 0.09169585289764 0.12913698501110668 0.05995733319876423 0.05230417928419027 1.0860527407529088 1.1272225128468107 1.0922959290506893 0.7704642409339312 0.8382318966790033 1.005396916614344 1.0340930773848995 0.7533719094585106 1.272656600766306 1.3040956135573998 1.3827107818073563 2.905962735815128 3.120471086807413 3.3526475037946235 3.999300822728313 -5.384054871096708
1.6096170591037173 0.037015723406813965 0.006411368719656779 0.0051446838387968555 0.03510167598304276 0.1996457419283359 0.11931920580149206 0.1083982519769267 0.12362538121220917 0.05691858059243539 0.04941314133883198 1.1448289389325708 1.2075695675733142 1.1532418861257852 0.8065594549674748 0.865043773783376 1.02245348764906 1.0419756859604716 0.7521004181832395 1.2670932356808347 1.2978198490979393 1.3753451708499684 2.880904412556362 3.090777414859291 2.9406071905826354 3.9513033151878356 -5.446343875718867
1.8882928422946708 0.03492359081664001 0.004619028056045795 0.0015916686624235473 0.04253085671606462 0.1938200409191474 0.1044375957466212 0.07001958927772255 0.13132011980234315 0.06114336288286078 0.05328503896186079 1.0677405629156627 1.0626660355306934 1.0457797910013302 0.7468285296773741 0.81748990935531 0.9929917474563186 1.0280644888547525 0.7554913646080929 1.2759330705300813 1.3086845708013983 1.3877823718390945 2.9039433627354403 3.1204980764024217 3.041168440590871 3.98120382785887 -5.43339381834438
1.7711859820586162 0.0377061657931666 0.0057455425313036376 0.0035562476716565266 0.030877232024135875 0.19838356440455823 0.10763080319928758 0.0858079976514202 0.1279127084478681 0.059441465733846656 0.051847328422841836 1.0915335545850278 1.1171432271746577 1.092679246896244 0.7695301347294183 0.8385060475911204 1.00225753483409 1.0257242943991223 0.7484851393251308 1.2480592552993268 1.2145485193013514 1.3213552655339715 2.535949791168159 2.70261008375957 2.6028193252455676 3.399944691253473 -5.463775989065413
1.672285541512179 0.03580077170457644 0.005267322604048161 0.005295877552014027 0.03637192828133337 0.19506765297394307 0.10516958153897957 0.10926751089416953 0.126560922537574 0.058120054610251895 0.05032624648363855 1.1223191853737888 1.1703011045580118 1.1259376293587477 0.7905313625421481 0.8517035810245716 1.014069300173739 1.0365424947858815 0.7503531660644698 1.2651822611140968 1.2935874901445168 1.3375889629534423 2.8251565645987515 3.0293316812558855 2.72317593184951 3.8494340653595582 -5.429094145828498
2.6347941871398906 0.03362381629358326 0.00178955618641723 0.002902029113759843 0.0441452547655223 0.1875559920285475 0.07350921847636491 0.08474765696307082 0.12658104687388416 0.06258543845484142 0.05303526979284342 1.093180835299157 0.8283414557034176 0.874789852983621 0.6630544275032725 0.7500193957208278 0.9585727125573488 1.017897368403575 0.7589174209235053 1.286108229106655 1.314179999142254 1.3891491866113992 2.862127550876159 3.0678403431279437 2.974692069487489 3.897672255345668 -5.327763722207054
2.317095052988917 0.03718350891075021 0.007944931569205841 0.0072540139278852245 0.031094153314123907 0.1982670302545736 0.13442460696772063 0.13397029590359613 0.12006003678220495 0.05813157230160068 0.05183824275776923 1.1436108154127047 0.9055931181916591 0.9353971118156401 0.6945906862949374 0.7720008337452191 0.968395656781187 1.0247813877929524 0.7545005340966661 1.2817693285703697 1.2818970866119483 1.3826850738133967 2.9257919807158617 3.12526987513524 3.0918947338330103 3.9968195697505924 -5.239447151868185
2.037957721859008 0.03854427930416392 0.0038055531292371294 0.004742285427237426 0.02907569911838893 0.19906208945861215 0.08696880768420903 0.10080449219941719 0.12214290776120068 0.0607413602348805 0.051692743533297246 1.133315987990483 1.0001824663217076 1.0007999128261955 0.718891105940537 0.7952714577340293 0.9741584554450902 1.0129786589083876 0.7429246125952335 1.2468312806063069 1.2552020726073159 1.3097594814219014 2.4467296526181976 2.6081822357412454 2.8595770929158277 3.262621024121874 -5.394280696994139
1.7160685194789782 0.03702869114368565 0.005205116677070024 0.00481043496311029 0.035833690388194686 0.19988086712505038 0.10792158265410202 0.10734931561653853 0.1278290058535095 0.05894964779442951 0.05107741340011046 1.1058282913158086 1.1461008382644375 1.1085637314044623 0.7806665095935377 0.8438298309409481 1.0095744073531479 1.0341984182880954 0.7519238085231917 1.267355063651816 1.2964897655814926 1.3720253675793705 2.8389209588648128 3.04395908326347 3.3772264315005422 3.8792863184718698 -5.421006666803894
2.5270539700384593 0.03677178943471043 0.0039007968750774456 0.0023681510920195896 0.039720316198395215 0.1997781748204188 0.0952860769801022 0.0812306864637726 0.12394936912153749 0.06058351579682223 0.05438620995713782 1.1128198459433558 0.8527762592887028 0.8933190962547951 0.6745503526253762 0.7560049165139971 0.9606553890385988 1.0184326842152658 0.7583002051248842 1.2857465076629044 1.3115227524530475 1.3877550653381365 2.8848268625740245 3.075530039425587 3.4216295531010847 3.9346251001271324 -5.287322367715081
1.5544950757881117 0.03939005802926601 0.008362602527463259 0.006244115350310409 0.020150389773890342 0.19944917697401332 0.1285201950111868 0.11073046330221493 0.12093075485750837 0.05545577845875203 0.04837410250556255 1.1722518104136597 1.2411983861886453 1.1743476008290474 0.816359577508161 0.8717132572285772 1.0195243981665931 1.0319217279492703 0.735978489559507 1.2260365823969646 1.1958046559880424 1.2798998855698915 2.3020345506452515 2.451666449326511 2.3750613881898746 3.0605949101945287 -5.487365550550432
1.4913403917517776 0.04026295896854971 0.0076076877119066804 0.006076733690177932 0.015246619779462334 0.19763829614990616 0.11688267572625936 0.10490906600211876 0.11756730220977975 0.05449042163066399 0.04716194516834354 1.2003312333210812 1.2819221460158459 1.209264856437085 0.8346854693014375 0.8843256093798404 1.027610589232603 1.0301946293781714 0.7281295196644312 1.2044524366768674 1.1976910803483722 1.2326272714288935 2.047304219752744 2.166607937974056 2.1269762671500074 2.688090850959489 -5.525474958407547
1.617601947864104 0.03668370705097379 0.0058902323267981055 0.004652332209849145 0.03686081076496258 0.19946628418146198 0.11284180455703721 0.1031427647429748 0.12339034664160405 0.05737421224342425 0.04985331651388627 1.1384019633835027 1.2070317779836257 1.1502952110342928 0.8005271122578304 0.8685387592773647 1.0226065218887184 1.0435741205941969 0.7539089086592712 1.2668975082058762 1.299023030865543 1.3778309633288313 2.9228863594019003 3.134081041212136 2.808320371755994 3.9645716140376486 -5.438752986561903
1.5071930714008772 0.042370945493682664 0.009180321221802274 0.00744723394863551 0.004633383278429757 0.19992449111754812 0.12472404929483473 0.11596063445910207 0.1178966268842377 0.0539089248234745 0.04757124697815569 1.1982850307300477 0.877551439514785 1.1992442250906867 0.8287399213409293 0.8781777078599077 1.0201448195495453 1.020696187731682 0.7186024569366308 1.1827904680394836 1.1164518540011665 1.1827261814640886 1.8002014117946836 1.8955186163535311 2.0511621988657036 2.3212279561159392 -5.649621025578454
1.735138116780145 0.03698896206196937 0.004985892648852423 0.004468586477953907 0.03684224422232456 0.19994183790622524 0.10505033927879567 0.10132134656630622 0.12852232526244306 0.059543429413165226 0.051806309286295794 1.0947758518893198 1.1358946311720617 1.1007564221552197 0.7769420593879889 0.8407159088787111 1.0069227816427815 1.0338049817377017 0.7521954993570005 1.2695334123819813 1.2498504254335059 1.3754168621950549 2.8631853897948902 3.0810905137022706 2.9182782559365283 3.9189081156214116 -5.432007368950479
1.6170629558866607 0.03674420980760956 0.006177387767490067 0.0048450421816665385 0.03620356350521255 0.19981497963441155 0.11648384369498668 0.10514775633284633 0.12391242823719872 0.05727961634870508 0.049892089229733004 1.1294519173274888 1.2020587268501217 1.1509697445706613 0.8039314596161583 0.8633137529040427 1.0224088548154053 1.0453413798663498 0.753275433783201 1.2701507588782446 1.2994377367334011 1.3781268549068406 2.907818875209973 3.111040720740743 2.916298274839965 3.9708001093046077 -5.449642376922186
1.5659595279087282 0.03756702309088488 0.007366839679548698 0.008357872321853529 0.03097532778493363 0.19992140627283078 0.12759178276191485 0.14296497201183522 0.12049608403855756 0.05619797380060958 0.048560703133040124 1.1709596005200784 1.2374015861495282 1.1750953036113179 0.8192349543054909 0.8785589717232669 1.0315000478262233 1.0469826209516493 0.7542940640213939 1.2689689493884393 1.2532876150516121 1.3702120716149995 2.913186022835505 3.1355330132645682 2.9285657259611457 3.9990348667736173 -5.353822338480549
1.7958955100752085 0.03654461331910139 0.0025660815909325455 0.0028493466969600166 0.04131693286483401 0.19993733114023998 0.08135993770357952 0.08359045785094991 0.13024811406759737 0.06102353513979562 0.05249440286086698 1.0763159414740595 1.1058083940066212 1.077995820719193 0.7647867165798565 0.8308483034596128 1.001737137514006 1.030996499257184 0.7535625666128273 1.2717057452609677 1.30270706967591 1.3804691284654238 2.8723872134158186 3.0879832580538915 2.9403715319410075 3.9342776709061527 -5.450084554225585
1.595918723311274 0.04095927718125756 0.009372096893227683 0.008288670237034772 0.005059901183031946 0.19547406311995288 0.1286668734702021 0.12372359474758418 0.1194980109408784 0.05477547050561213 0.047624384127799985 1.187967939098936 1.2106326791962607 1.155700722218391 0.8019902368619588 0.8572547187353297 1.0051365892997215 1.0132977505236025 0.7183274658166958 1.1848737370657993 1.164528408316648 1.1850376730966097 1.8102749486223257 1.900765178068058 1.8266159163789955 2.3307661656052883 -5.541352566808891
1.705140491565775 0.034225010006803336 0.009797768818741193 0.006333080408893387 0.02975569418967636 0.1863728432201464 0.14710133142824136 0.11818075267816501 0.12164328311213421 0.0566466459836092 0.0506000740796008 1.1648186891609373 1.1580681494377696 1.1109671082303447 0.780792943987838 0.8473571489748243 1.0053019669151515 1.0379541259906389 0.7492378510613876 1.2502240826825408 1.2683855971135403 1.3324017618532071 2.6732614246358617 2.8436452853844503 2.585650726091976 3.595085042550812 -5.369370592964826
1.7317823632174396 0.036664298192183496 0.004985377274361816 0.0037768950155502128 0.03772685201234157 0.19937689798568003 0.10677447429097073 0.09439780668024712 0.12877781752333814 0.05938726604609973 0.05135246125759029 1.0966822808108225 1.1387429445803083 1.102237707004529 0.7780459302135226 0.8418287182964871 1.0085484443848078 1.0337771402106137 0.7528526756356618 1.2689516900666589 1.299942305381362 1.3767701274960382 2.8608073369195464 3.0665542643679755 3.0470879325847466 3.9079404067498986 -5.4606178280644535
1.6185926384764444 0.03982693885065692 0.004996652365619651 0.00470908249739127 0.00014222569364175179 0.17777044038329926 0.07092878045101247 0.07303798536294533 0.12325410172227104 0.05711741679838848 0.04932237193876969 1.1427340747008043 1.1971173818058167 1.1393682119314368 0.7918086819716094 0.8449068793806079 0.9879467194382263 0.9912126644224402 0.6944049833730672 1.1307345288525885 1.0815701270664693 1.0695354028406496 1.3049370758903394 1.3531140698998436 1.4465472127252705 1.6074529473681909 -5.685877530777128
1.378229535640968 0.04129968424040457 0.00944216960619253 0.00831162436725418 0.0027424840793379745 0.19273328611663287 0.12451940872633263 0.1225447263926925 0.11124693674910723 0.05154119692605852 0.045077761256846385 1.266316915317929 0.9116605750152127 1.272169925464172 0.8675314902598968 0.9141027705451253 1.0429529038223688 1.0318054635916607 0.7169958457395957 1.1730574443752777 1.1471948292733751 1.1632364386229606 1.7182087857745796 1.8019080122691853 1.9580028818321504 2.2006517652074824 -5.64854623747371
1.217844744446876 0.04256041832072593 0.01315866473795944 0.00978467701596095 0.0015743865567217359 0.19997637303663424 0.16427974334244386 0.1405058307492648 0.1011350105335903 0.047248694804057044 0.0413243211786905 1.3933141042872577 1.0004302635031046 1.3916920354912146 0.9354614033159113 0.9730967766944528 1.0883982878553673 1.0633703949301851 0.7298637423044433 1.191449831403977 1.1728158085860876 1.2014754331078836 1.9302253721839124 2.0375951325684563 2.0499432228933125 2.5071462266933686 -5.503291558223202
1.789922735294334 0.03664226986301591 0.006741756973256375 0.004573443282486704 0.012121987074470876 0.17597314848993326 0.10054312961818834 0.08249840248373101 0.12720492500864966 0.05901635688219301 0.051382248347799066 1.1146297754296244 1.1041191046828391 1.0744375172463867 0.757602287006701 0.8201830290820321 0.9785006360059275 0.9976537911305302 0.7133574485525404 1.174656531682523 1.115620036926659 1.158292452374148 1.66900653234176 1.7500371096406575 1.8882143483972316 2.120220250877049 -5.564209475708702
1.6845538977630348 0.03678371299242206 0.005848845934895156 0.004820722604239727 0.036825627680106214 0.19872560854536195 0.11308819375223327 0.10533537127072752 0.12667132317694413 0.05843465352516728 0.05085177920863271 1.118875499522756 1.163773593038113 1.1211206657519905 0.7875199081927475 0.8502995089812221 1.0131217563448396 1.0377376428565288 0.7530382769289485 1.2718271171237627 1.255756813218068 1.3831118703852339 2.9370176353735524 3.149411060033095 2.8459867177583646 3.999982868094723 -5.397821506880854
1.9215233342575853 0.03580029166755328 0.0023853641773727134 0.0018453689234602924 0.043850899111597515 0.19738909669233226 0.079479814307024 0.07267058758143789 0.13279111469199964 0.06260112649009253 0.05471307718584161 1.0490336209159008 1.0488119448909181 1.0348821278958307 0.7391211842596996 0.8125584409867779 0.9897997985387443 1.025430465034331 0.7536087623408995 1.2761883590435328 1.2619837378897911 1.3579174823132787 2.9175250752199555 3.1403542611205455 2.900770445858759 3.9998879931294007 -5.369689401925992
2.626743512748471 0.030809101693768735 0.0003608029548568842 0.00041824354291374196 0.05178244539018925 0.17905201201311738 0.05813321449276091 0.05617441711544736 0.12882692773975324 0.06334914469382916 0.0555143190413183 1.0707736805287122 0.8294300198345185 0.8777797967544699 0.6609648235737013 0.7507573925392789 0.9587177715293461 1.0221925949674207 0.7603773332021722 1.2889588335828754 1.3180607777812965 1.3923655802702373 2.926902832444035 3.1366800944790727 2.872768086999259 3.9898414147702295 -5.300881566342323
1.7185245426254963 0.036582148703530076 0.004593773045112713 0.0032922133417828572 0.039505864753746574 0.1995252039311566 0.10182804804413928 0.0884453693110268 0.12824345546989485 0.05932433092469585 0.051370883370036355 1.1005244580596962 1.1449094820131216 1.1058569921585029 0.7800773293494289 0.8434180184672952 1.0081180496805209 1.0356582186942618 0.7531381029501774 1.2721090093039233 1.3044572635593326 1.38374015187092 2.9128549316329004 3.1265454942113964 2.955888135619682 3.9940321869881816 -5.458201008541067
1.8658446776088364 0.03654402274203972 0.004400914640480607 0.0031069897095394932 0.039002320819369135 0.199489404369875 0.10160413384047576 0.08759440530411856 0.12973706046686598 0.060625637217569965 0.05236873913239922 1.0840399273509256 1.0730113175077094 1.0541305446411433 0.7505149656132948 0.8210995758558868 0.9956323083134812 1.0279652429544257 0.7541003794242273 1.2724806820777232 1.3025779868750103 1.3793825838767733 2.8608106214031346 3.0734474123751716 3.116178016655622 3.919658118866467 -5.426185051684835
1.7526147951150441 0.036308519212887934 0.003994723508693475 0.0028482996536269086 0.04035152502126136 0.19836271701428212 0.09709876544369825 0.08490272348604934 0.12927141002335196 0.06029193983888621 0.052135091029386 1.0840879064195879 1.1270231996624491 1.0937893222951658 0.7727554793008913 0.8377417992063005 1.0061480832288092 1.0333037970758427 0.7530020245468317 1.2713611359087218 1.3028767062323567 1.3809309448646416 2.8842824172699313 3.0994093684557087 3.1675462482500527 3.952484229116704 -5.418155167550918
1.6507846596978981 0.03797166985885965 0.006601232009172764 0.005873358662512283 0.029854497190719132 0.19890615422599098 0.11678588048437186 0.11276731152694108 0.12454077771131712 0.05754829573333421 0.050087390769831173 1.133577563642129 1.1794897551297046 1.1373741327115385 0.797124036542014 0.8557235360885095 1.0144143748243086 1.0361373520243862 0.7448668154268036 1.2522762195831771 1.2338574997430258 1.328614783692946 2.660854191865543 2.8542681526742903 2.6901083094774156 3.620352650588503 -5.4383127387756325
2.5054678077073467 0.03627961567324242 0.0005034976705063343 0.003032576359878975 0.04339779591355432 0.19890201111156616 0.06023197999425071 0.08655791615801506 0.125507270888904 0.06312703072679683 0.052730634840273696 1.098718572441408 0.8586602067995891 0.8994701560564935 0.6707892714251326 0.7585004178413653 0.9622543157936677 1.0195151651299428 0.7593859768496573 1.2876839222620307 1.3161847192157856 1.393837468714334 2.9109488159854555 3.121747814210299 2.98159620380271 3.9730537643129553 -5.329554480599084
1.5427022762716869 0.03710621655513835 0.0070034703065783325 0.006527832955000172 0.033595685320071685 0.19979499343144913 0.12579502373874668 0.12430163931446103 0.12028022332408533 0.05562783545100128 0.0481435591647173 1.179430297699996 1.2519270998469871 1.1871852375664482 0.8245614328120906 0.8806983623373705 1.0342981410395276 1.0479254239100744 0.7541003955286923 1.2674471372017757 1.29896973788908 1.3786920565817111 2.910735261811897 3.128068537080072 3.0572014293129492 3.999917220164453 -5.408166791469009
1.7428484967473246 0.0365660010526242 0.0039988194732883875 0.0032011701935585404 0.0398707444591152 0.19955545096796257 0.09594585842603083 0.0875654806531208 0.12898843555451736 0.059967631458622175 0.05178303609258163 1.089741475103557 1.1325295328860592 1.0979232341764664 0.7749096610297445 0.8396728750517058 1.0073858390542323 1.0339331425408427 0.7534327508722762 1.271428521732669 1.303210269829859 1.3815672855244125 2.8902888768129746 3.105876200340336 2.956937328833146 3.959174783641986 -5.462449869174373
1.616948305682566 0.03745109524921109 0.005953923121921674 0.0042313552329520075 0.03305578699735019 0.19984245217818147 0.11167793526885164 0.09548979462438198 0.12381844929072425 0.057259561891371616 0.049781801795590164 1.1388325904973005 1.2040253290620468 1.148978207679303 0.8012245195123673 0.8632294609819756 1.0190836348379544 1.0371199900606303 0.7490122160534036 1.254888282675079 1.2773815187599369 1.345918196382486 2.686705117840914 2.875817518897591 2.7399032642810384 3.6561348098308075 -5.476421860996519
1.7095291695935517 0.03840505634021654 0.005217572871657731 0.004366407850332599 0.011391000161361194 0.18261032510559316 0.08398224401236729 0.07921845401823514 0.12636229579739747 0.05824609913594431 0.05060158631570158 1.1185106769472135 1.1451204485404063 1.104870186411651 0.7749681813944885 0.8324770375675653 0.9863933545880632 0.9993528537862998 0.710513639581385 1.1699910420623247 1.1416808948113686 1.1524597559985772 1.6394309276922472 1.7158822636932167 1.8575560019688109 2.0846058576793625 -5.61516439585054
1.7572613914058017 0.03612736506221271 0.004110700912149874 0.003065822762847 0.0400385301353316 0.19764634298347722 0.09779943685405706 0.08647649259575853 0.12957194186040089 0.06034722851332363 0.05211868731054021 1.0883347076239795 1.1247980434971563 1.0942382320107253 0.7728609590497656 0.8365719458487642 1.0044877452951329 1.0327831486838757 0.7527025666899615 1.2705025413650872 1.3017824402318174 1.3791435144024307 2.874599807684596 3.0811609048439066 3.0029738723227433 3.936846492453803 -5.460609235192661
