1.565535281483777 0.032556943858657775 0.009057003635679779 0.009991864278308511 0.05281573173267218 0.1994191994139162 0.19590328987292352 0.16314365537739567 0.010533210305845718 0.01371017009219318 0.022238570722570013 0.9845779861138052 0.8465255191058507 1.8140450502025407 0.8724333883218843 0.43792915906851254 0.7925698589297313 0.5698237657530107 0.8123912458786507 0.8313742269173713 0.7300485614642913 1.680300476568003 2.6288324106596552 2.283855167934176 2.146363507976575 2.180536789391738 -5.536706783082438
1.419347892515661 0.03444857061735767 0.009342103625316464 0.010701478049564058 0.030752038027152977 0.19997073382663294 0.17935200771407972 0.1513971813623089 0.009646166972070836 0.012886618808452979 0.02090584665990712 1.043870864553201 0.9124805983710145 1.9269963095505473 0.9109912876396452 0.45315426764767974 0.796889062969431 0.5609143615209465 0.795144073952715 0.7794694903966033 0.6561449406090906 1.450977793554337 1.6752426412772576 1.417185659076578 1.3044941079570087 1.3094528878377778 -5.680522809189991
2.404396301565716 0.02960941129619481 0.0047938059990891456 0.004346738464555502 0.07515449555560962 0.1999625148071366 0.10836757870505018 0.08680079550878146 0.013406759100377154 0.017318698252308338 0.028492510751042248 0.7757371552851704 0.608997467563527 1.4156552707026504 0.7270411942276331 0.3867078081783164 0.7538436308129999 0.5640326531781682 0.8639105934226323 0.8825574411788186 0.7895560702668146 1.8484310870486593 2.050842792584957 1.87598738233883 1.6868494094903617 1.977445714677976 -5.12971527168333
1.6753203265350756 0.02964668209489008 0.005289246668735385 0.005483975113601906 0.08032368616170567 0.19964353609533153 0.10428815690644684 0.09024526012877432 0.012014825654523763 0.014758829999773244 0.024962918457786063 0.8843388750516384 0.8047061396556802 1.7460644196911066 0.8472823169974382 0.43033252216893186 0.7952724995770589 0.5771101242550231 0.8600924305295238 0.8871584998100303 0.8025490703262588 1.8984740632225625 2.144847627791209 1.7011195842046816 1.3881702899852735 1.3438663658722154 -5.05141160329975
1.8274287589760745 0.0314776286285098 0.00852643265011638 0.00867022920868726 0.05569881408357042 0.19856816326076498 0.18920080555207497 0.15090677037960903 0.011489858180429063 0.015024115012694825 0.024515229727129117 0.89734968153659 0.754954793235751 1.6456175216545958 0.8095494808677557 0.41495533607228463 0.7691487196372605 0.5597759939349785 0.834718745764062 0.838798073424849 0.7382480691223642 1.6925054495950183 2.668182645694646 2.3089226150168085 2.1751136193788856 2.2039372446882837 -5.59889924250378
1.7794310510099227 0.024734559989273305 0.007570418236338981 0.011129601405150248 0.10501780929584499 0.18915378086178755 0.1675906482577471 0.15633257803990971 0.02013353033792125 0.01375191782988902 0.026318665022738538 0.8466182732056952 0.7690264442842177 1.7067140358123287 0.8348929433802788 0.42916108608170866 0.8090835270704998 0.5964670463573964 0.9071761961425978 0.9785185205271422 0.9402287740054243 2.3498436048477305 3.5111441763137754 3.054436656165144 2.3942921558082206 2.4944314143213306 -3.9035347635989344
1.1035035600523517 0.03635772673839919 0.010576981787660181 0.012834666559186329 0.022476520453966645 0.19999956305625816 0.1928359887241713 0.16816123271961347 0.007964087337721337 0.010961217670308283 0.017604168006898895 1.2298348737474396 1.133866869100668 2.3009433553797445 1.0584267021133893 0.5093962168210148 0.8639545786562718 0.5874846935010156 0.7816018444569979 0.7695909300565255 0.6363505055180513 1.3954416484091148 1.5314004673317734 1.2937202722313146 1.1984326124227782 1.1854498836112972 -5.563869547362775
4.103343059455137 0.025351911590930372 0.006863979357717816 0.005161986641248452 0.04937058667603111 0.1999999945474119 0.14778626511707435 0.09898356812258692 0.017814000712690837 0.017437729385109783 0.029443076388722744 0.7554916962406953 0.4303807363652453 1.1301557676509089 0.631492756793211 0.35426197093177164 0.7211541540200781 0.543484606699429 0.8169395831987757 0.8165778932446467 0.6892958593051474 1.529311829631209 1.8113110995119979 1.527918708229054 1.417883762505998 1.4089809312929842 -5.9455305330308175
2.8518924186889483 0.02291246288667958 0.002267469491108072 0.0070112620745262574 0.12968523142363475 0.17903358052735724 0.08436662631210508 0.1952249158176755 0.016254758885997325 0.018320614980312087 0.028940165466088155 0.7612981096915301 0.5441665132301907 1.323676946347158 0.706887811138818 0.38805567169026545 0.7917346824370843 0.6179572465260393 0.9887637873967495 1.0614315726401315 1.042843464370822 2.689748209050088 3.9999999999971676 2.9459415219256084 2.548300162110566 2.3090617216707803 -4.472538997478441
1.653496828922834 0.03257830664752481 0.008857816148703854 0.009602479603955015 0.04468549653252328 0.19783842376206268 0.18471668885047704 0.15172327416414838 0.010780396482435945 0.014017977349814675 0.0226528714666832 0.9685317326214543 0.8094616118014475 1.7478103936689735 0.845740901044815 0.42651045955865924 0.777448761820702 0.5582831398412397 0.8153147495292541 0.8127582774825763 0.7000005985198567 1.5804334623485494 2.1549189252028476 1.84965520373687 1.7303909854254647 1.7446325270881757 -5.6457011739528244
1.7992326869842403 0.032411435501608396 0.005082329152989877 0.005564433796054355 0.053065411559021794 0.1999999997095087 0.08129558297443079 0.07141145245589829 0.011364553203170504 0.015407601993469116 0.0256580743857409 0.8503374198578261 0.7580924793474496 1.65861612090591 0.8110620706657095 0.4151604357304463 0.7660997525811294 0.5539436883382577 0.7985966826046367 0.8176719353058189 0.7052081797872304 1.5936608627006639 1.302965539811564 1.0038869499666423 0.8070409801587833 0.7082170601035648 -5.374446903010481
1.972364323801601 0.02644226468000381 0.003715099062779283 0.00852964009454271 0.1180532343093217 0.19992516426400633 0.10366511938729268 0.18585836701843772 0.013764773356225132 0.01608946724604189 0.025579834299519832 0.8603083240951177 0.7108909360369102 1.5983758970200188 0.8002743625610209 0.41921625672645135 0.8051100020505947 0.6045387514651587 0.943761635941072 1.0149469502889585 0.9865482519849481 2.515780720361349 3.998148249333282 2.961652114549855 2.585611336025563 2.319448972461499 -4.466314982219399
1.8077144311578586 0.03019605339094957 0.0059369211790726096 0.00617046846973171 0.07948411807316029 0.19999686982253015 0.1322271815709766 0.10483857127586318 0.011856899537247249 0.01528638768866222 0.024793486649975396 0.8854113166693393 0.7564394863587102 1.664437716012815 0.8192570337656992 0.4201102348328058 0.7857579027578847 0.5788357256141012 0.8694183258415081 0.8934050137725454 0.8117463829192715 1.9291726636399331 2.187128058268181 2.1656184655252586 2.0848765388734374 2.0866723636608064 -5.037563255607518
0.6830392265199822 0.03254871091067066 0.007140896548838707 0.012591230018488525 0.10336149820053665 0.19991890683318803 0.11798870349099831 0.14133018423630225 0.006332352535566854 0.007597198305793285 0.011799074946681089 1.8631441246282405 1.7414159828827291 3.4446716039954945 1.5288071856139842 0.7138408380630564 1.149018054862638 0.7585510922697825 0.995750459666112 0.9722498475069953 0.8571185820160633 2.1135625183323463 2.7491630185451466 2.1256221703569027 1.8429962608710413 1.6377308366162842 -4.194496875189699
2.183082895409784 0.028844937800395258 0.007917696011471064 0.007193782301593258 0.06304747434390881 0.18144717647201528 0.18320151984789523 0.13902779332065432 0.013014142344825452 0.016213597402444224 0.027092491477064884 0.8179972373091063 0.6531034718653501 1.486840845408207 0.7505841175503761 0.392791213762847 0.7543419882149917 0.5587694245164411 0.845299293032373 0.8570172929889468 0.7560750422350414 1.7461855861468327 2.8498670811178037 2.4824039513238927 2.34139870027452 2.3812011228863876 -5.60207344308859
1.6164504918430764 0.032419635995159166 0.005223358512304852 0.006000552351118157 0.05972023042382551 0.19999995042454227 0.08540360355173002 0.07533675163246654 0.010787634180130996 0.014511674821791378 0.02386095598135865 0.9169467769116856 0.8234205188355059 1.7757264465043154 0.8579759818311914 0.4363339335099494 0.7869173100442494 0.5650982868935674 0.8302503111034418 0.8331698663439359 0.7282798839370028 1.6689312646830157 1.4556788947614545 1.1101120765390289 0.9135601731910786 0.8009994184687689 -5.299711569409415
6.101801861541305 0.020622877006722717 0.0015962074436489907 0.00656667205360575 0.13156331065140706 0.16319638749121387 0.07209631011728175 0.19481171933499414 0.017887056075079684 0.01886453664952215 0.02930584601491784 0.7438127021990301 0.3556156305190618 1.0644145238753744 0.6396067730614258 0.3718607361871263 0.7995182059585808 0.6261879851612083 0.987476463358821 1.0870518941321485 1.0664267018477809 2.7374532423335625 3.725608055988323 2.701377953610628 2.3260772130048997 2.076192214458658 -4.438183017746206
2.868949122569097 0.02154140825206631 0.00748606386144007 0.009409414677849216 0.10777738324895847 0.19664879767971555 0.1938044864796545 0.18178430449870353 0.02301609589005655 0.013233488149049545 0.024444491050043964 0.7175081437931567 0.5392756437746192 1.3050247427474793 0.6986939809791239 0.3813787831090883 0.7764728040770192 0.6030093948830448 0.9526826421311604 0.9866111530061289 0.9424822243023273 2.388797603406323 3.4693177158223882 3.8840061365935474 3.416232341280785 2.994397614206214 -3.6414299433748964
2.5317792003189368 0.027941188111895568 0.007338746008073861 0.006069974062173296 0.011286618171884462 0.19999999999999998 0.11941871631581226 0.07501262224102069 0.01627702063103688 0.016664233291245032 0.027856746721813423 0.7991273468222156 0.5851267556901192 1.3542140311379858 0.6943276060969857 0.3655629139282794 0.7019488642494637 0.5112494832015908 0.7369251320232748 0.7133146876122577 0.5623728353300472 1.1630751388270462 0.7972444661225295 0.649682004783934 0.5807137460717793 0.5600307705259511 -6.2684300021272765
3.397578653338543 0.021696224560019586 0.0017337622815057799 0.006489894740156301 0.132282298057598 0.17022571431927241 0.07610530322937326 0.19809356907735803 0.01716510398245686 0.019119285794607015 0.02969349610787402 0.7396477661205912 0.4854853411393713 1.2330609265783912 0.6788894354196618 0.37987975952275027 0.7903791422768515 0.6156745040019974 0.9990165878815737 1.0717764736514668 1.0545511149436153 2.717507685691381 3.8616599304324004 2.8095069648857662 2.4455164633626874 2.1845588429091736 -4.472254712525542
5.607452249672512 0.02252875985129235 0.0041577934140627085 0.00734458967663093 0.08336078633445801 0.1999990228640115 0.1057298158170857 0.19995864417044418 0.019042571013377082 0.01833292974126048 0.03048880213369488 0.7232826527983319 0.3660156389332465 1.062033358576854 0.6250341012801259 0.3591519544693357 0.7537477071059961 0.577805887539323 0.8967200419495691 0.9250238571288784 0.8285288621821154 1.9519799138401712 2.8289982729178056 2.0540677242041543 1.6933125957303807 1.5179685174473703 -4.810611561208622
2.2861171299645546 0.028895787493908604 0.007767029703433729 0.006150521111987609 0.05769767882574711 0.17718652623265535 0.17461194510718614 0.12164472059514748 0.013148641379711454 0.01656067445430175 0.02849240018587233 0.7749228132999193 0.6294042874017629 1.4475384270869043 0.7355174665487972 0.3869731125302948 0.7452849040625142 0.5527325616398198 0.8326603397778286 0.8393532759797363 0.7311477353560284 1.667637467953802 2.4599822480853515 2.1186000006109755 1.9882700099960222 2.004543184175818 -5.660362816988996
1.6082622679443068 0.032418700427763424 0.00897774237866679 0.009818842084078004 0.05428656180362985 0.19999998915555683 0.1966268077630993 0.16314743485023417 0.010694669070301047 0.01397471723092925 0.022656087856647515 0.9658581385773799 0.8304439973374577 1.783087522771201 0.8606229611927586 0.4351398123779882 0.789890849590695 0.5679812291766686 0.814831935642902 0.8390657368861318 0.7363409310423075 1.694802847085959 2.703428116597144 2.3490522642109926 2.217008910010883 2.2413606959044667 -5.533143821033156
1.7490115740665453 0.03128806864152495 0.008678436845524327 0.008980751469193913 0.05941285065163697 0.19999987609465858 0.1958579689787456 0.15636938017535784 0.011458094322475543 0.014730926973076836 0.023925300891730655 0.9163664646726024 0.7736245861325562 1.6937634145356024 0.8277364835452087 0.42560818508871145 0.77873449118908 0.5649370483937641 0.8417062016057991 0.8507727616856803 0.7519256988581969 1.7412249741001502 1.7201951811275993 2.528379307472798 2.3912090608184986 0.8705349362083741 -5.041910475616894
1.9662479797962478 0.03037380142536098 0.00809252098781346 0.007811458051998019 0.06043955741424944 0.19304323926202963 0.1847744243312196 0.14501878542395977 0.012130296489780467 0.01585345437495412 0.02626961241339582 0.8354016126002818 0.7074103068021851 1.5771822895488175 0.7834395863610886 0.40548048812468146 0.763588521747593 0.5599618875926233 0.8414452686245674 0.8515905651806192 0.7506587112243606 1.7320521736149446 2.817907435437037 2.4414403045345745 2.3176797321887386 2.3539059678963823 -5.587086963092118
1.9101314270320449 0.0289451226653512 0.004155215834599543 0.005478964529442903 0.09534533829526878 0.19980950042740675 0.09384463129793064 0.10153138991420434 0.012510033001925226 0.015781726054388073 0.025156312851584182 0.8712152233917845 0.728421788143206 1.6152034638020554 0.8030007299008479 0.41636804068804895 0.7888057833219603 0.5851251722666381 0.8768082193569892 0.9341356822155412 0.8695175743478357 2.11588681382111 2.644842137352131 1.9612883624152246 1.673679818372177 1.490086467874146 -5.030004276139914
3.649228813391952 0.02579802350637371 0.006633158249950627 0.001808114932185041 0.03236672118162272 0.19999999999999998 0.12401534900345162 0.03917635798514944 0.017899447835049546 0.018344702061358676 0.03404580182237801 0.6628945206581596 0.4572695965130426 1.1659155008177564 0.6362563365226013 0.35424336500151793 0.7031423458239012 0.5243992086411521 0.7541850934418924 0.7595583939330094 0.6135074215152333 1.30387790701528 1.116779995326283 0.9312267428086247 0.8335702289383312 0.8271332435465916 -6.183562251960047
0.8401414975709532 0.0395304541262304 0.012030370183643613 0.0038625849578003907 0.01068745824817048 0.19999999999999998 0.19365850975215873 0.06118425859804873 0.0061183753081573465 0.008064187535062411 0.032116084371084444 0.6535082381843421 1.4405274067202118 2.843727767494277 1.2665438097299935 0.5945030886681315 0.9563459415965576 0.623245046383755 0.7835602854007246 0.7398764120874834 0.5785260219524679 1.2213410751356284 1.0353978305242617 0.8578921305908205 0.7781383498768787 0.7614719281592415 -5.405705986764398
2.6826690745698136 0.02583501520427987 0.0030645491566891735 0.007181305808668064 0.11522022924011428 0.19650808129191283 0.09427373741428502 0.18394441182759455 0.014930945334924612 0.017604721971354383 0.027994837308466962 0.7880736557168068 0.5673558697788658 1.3568455023996502 0.7149765881470649 0.3882788471740411 0.782273562319758 0.5997260847398315 0.9572267094845232 1.0157573335254935 0.9787997277311064 2.468091069367926 3.7684968305104265 2.771849016740749 2.368522833657604 2.0911090948736244 -4.572247151476072
1.4860249549103233 0.033893326877115854 0.00914268861218759 0.009815713841948752 0.03163565512484473 0.1964791275873749 0.1761638767070889 0.1422397727331747 0.01003194456132322 0.013059869087876966 0.022180398420489997 1.077087129937586 0.8808360260957998 1.8676070853803055 0.8896695101530087 0.44375644387712493 0.7895880149889835 0.5550910129882517 0.793099380750039 0.7785368733633276 0.6569768720665334 1.4486856562739037 1.6458201621182242 1.398980284919668 1.289550839094674 1.2817368233027615 -5.693689395303955
1.6670156545582473 0.031122610587551065 0.005854603395304685 0.006327759751369649 0.07294591815677551 0.19999957684824982 0.1196077357948107 0.09819689980245917 0.011101489275144689 0.01472217977562068 0.0243012413392481 0.9029909507868247 0.8060332807327149 1.7495452114139702 0.8499049245823838 0.43073388992050743 0.7924904521085008 0.5748365628865066 0.8570426084871029 0.8716870194334467 0.7820840652701752 1.8383595664868828 1.9190344221410354 1.7301109608094198 1.679119588812681 1.7004316295665904 -5.093373164685729
1.4209772643658423 0.035253024004887966 0.009200516315886531 0.0099360882572521 0.020643508830829126 0.19999934632313898 0.16729210819358645 0.134292523088477 0.009445566512910125 0.012973854417923678 0.021704185965671696 1.0128371305686734 0.9114928419281157 1.9192392531385947 0.906911305413843 0.452171617626225 0.7905595102154952 0.5516962530820166 0.7763254560210098 0.7551074009070692 0.6220880744152623 1.3482109003057972 1.3185268287977454 1.1047096881158487 1.0122901856173743 1.0000686227200615 -5.7571297043078955
0.6845804217609617 0.04071682860791775 0.012353305015222204 0.009350725177314707 0.007679302176446311 0.19999999998393908 0.1993019872506797 0.12104490601246333 0.005153579171815003 0.008496965078020662 0.01295114085082008 1.6403696406375947 1.7336681165485577 3.348705708820975 1.474138348702607 0.6796103295084428 1.06967764672271 0.682612994128303 0.8469693675628772 0.7645699716798308 0.5867199518784207 1.2341016884960287 1.1093292447074303 0.9244310268767045 0.8424889706142029 0.8261439961902993 -5.231578824261929
4.638715572756363 0.017883562219089752 0.0005833802564132826 0.004496891147140173 0.1518530685673347 0.14836252423792365 0.061450848890632036 0.19806485923318237 0.019315752504479394 0.020096106456967123 0.03246190484121653 0.6796623905888809 0.409078406848137 1.1260500930981105 0.6549335163765704 0.37657441769883926 0.8104158213507296 0.6387525706227759 1.048877185680315 1.1428221266826857 1.1490102528714607 3.044932474068585 3.99999999944426 2.930305691145646 2.488758906325315 2.2438896123025533 -4.3358821547903865
7.900511636789937 0.017310984457142953 0.000649741744827697 0.004604535146926541 0.1504316958444183 0.1445700903076161 0.06099549283519979 0.19997537917714292 0.019288207566141174 0.019529575263235108 0.0314154919094755 0.7166849555929087 0.3244757609761537 1.0464351276539443 0.6470536453996015 0.3799946357316125 0.8186256482885466 0.6508752018547912 1.0598534869204463 1.1537587584747555 1.1735755891226098 3.0597651385870686 3.9985009229237383 2.9059668475782 2.5083275514642267 2.1807852570994117 -4.253826253966254
1.6969717274222889 0.0333422301737028 0.008596228076057345 0.008969463849471782 0.0351030354599425 0.19770418099085627 0.17094890179668293 0.13653306901697193 0.010720026580181842 0.01445843316904343 0.023744463670062388 0.9235827444384004 0.7939313246962275 1.7145453283693506 0.8306263331828445 0.41988112664785016 0.7657457699885234 0.5480282847840764 0.7963745938065285 0.7873148256053616 0.6653701817878294 1.4734745342729298 1.7208408314043886 1.4636825193644212 1.3544355913579484 1.353175386411013 -5.730541751618889
2.391577633971363 0.028213669986297134 0.003651559495213251 0.0025410647768805052 0.09014201703052106 0.19494845123851967 0.08451928591865772 0.054384614969198636 0.013571880664326947 0.0175191047098409 0.02867518822936142 0.7649278761588222 0.6136983029618852 1.423915343187285 0.7327410124778103 0.3911512989132297 0.7637656356816042 0.5754829880554286 0.8879833409156977 0.9176049783557149 0.8381598448590118 2.006260518786301 2.2985268642039856 1.6395640707219172 1.4397458244809884 1.3937078320281906 -5.358410932866026
2.4856832047642765 0.027929024094693375 0.007773302034187986 0.006705334611697571 0.06823441609919911 0.1998765511794899 0.1856301123472575 0.13752954041686946 0.014400555794822072 0.016543041321365096 0.02764235282652031 0.8094259313712203 0.5935258126419192 1.3906955011554296 0.7177783135023482 0.38224852054339276 0.7493761644961966 0.5614397035613555 0.8577284017224822 0.8737649078115538 0.7762956919987475 1.8063945201717726 3.119456182882885 2.727854920793634 2.5851360482112913 2.642003569971265 -5.613982837555454
3.8878985455368773 0.025595189137230943 0.006737813125137072 0.0028547684971585905 0.039885755225378135 0.19999999999999998 0.13420372143275486 0.06010584587544323 0.018038820168171897 0.01793307751315969 0.031686157591867145 0.7135067276862113 0.4439063581928928 1.1446889171337966 0.633655431688662 0.35165854349413006 0.7118873175637855 0.532046927137599 0.7898241904987148 0.784734558799208 0.6439280983222615 1.3951267549892727 1.3647236087616752 1.1476882404066864 1.0501949053977382 1.0367427152773323 -6.100651448379521
1.9664563059147844 0.029679820834902795 0.008162794590963805 0.008331357165590613 0.07528039400885796 0.19526389578349973 0.19999973866640888 0.16450941080399245 0.012323339615941379 0.015762028595715617 0.02578789873149794 0.8546102142142538 0.7071482288071979 1.583706148151892 0.7882828486358534 0.4084300967123418 0.7746211778203294 0.5759439171392716 0.852119407155386 0.8933352257284203 0.8139180413533708 1.9309331464153836 3.994441732095655 3.522745162192169 3.3773128214088812 3.474716727282938 -5.428178622839186
1.3121550905838693 0.036369590233577685 0.009536957784206075 0.010929554714492794 0.011493548737295021 0.19999999999973206 0.16508882242510547 0.13825714835369718 0.008923446834787569 0.01231902642650462 0.020198856479616667 1.0815467704968533 0.9757790267822735 2.0242497146140366 0.947668436804625 0.4653302307618446 0.8027207146893864 0.5536979545031303 0.7502691115568182 0.7370177108017956 0.5980253706600471 1.2774196809661884 1.124697663391351 0.9309968166524886 0.8566535385026239 0.8408421059508697 -5.760811346231714
2.1737911467666677 0.028694772410184654 0.007976199177515795 0.007354192849043587 0.06732333778354159 0.18357606486766898 0.18883631642946694 0.1450697251647556 0.013063402401622971 0.016193198714457437 0.026907086033489416 0.8207167733344394 0.6581627098721784 1.4917588998400744 0.7545891288176644 0.3941485058678309 0.7589341904475532 0.5614573694231948 0.8546476413807838 0.867791738361231 0.7737457229941163 1.8024936354893484 3.1590617346035774 2.7618777220782924 2.6297702475165305 2.6703054999462164 -5.5635258850502955
1.9936554245321219 0.028946415529342438 0.008114057593825939 0.007967185871919514 0.07648619045220088 0.18962739562842504 0.19979092276180818 0.1605660635360162 0.012572016443289823 0.01576596890002317 0.025900252464162946 0.8512180484890535 0.7019914801522316 1.5709309236028577 0.7843362216670333 0.4071742522788518 0.774395761617161 0.5722929185573685 0.873805193277644 0.8975407272731202 0.8147132603325686 1.9364271147125944 3.988515250829125 3.526852532292574 3.3725714794346993 3.4687019205149383 -5.443869419837715
1.841179596226268 0.03026421624575654 0.008281481436472516 0.008769942065779511 0.07342483631011877 0.1999992270620704 0.19998863467716457 0.16762647577941284 0.0119382819735526 0.015122668184659308 0.02453858228985054 0.8965846135071299 0.7454871259354884 1.650838573828378 0.8110432055996305 0.41752488334115573 0.7821312801013194 0.5730593401789402 0.8690774700617443 0.884524358702734 0.8068188782382639 1.915470322335513 3.9214641356738387 3.436317274912912 3.290532770712049 3.391675667604092 -5.438425938830576
5.247594662575998 0.02517981918830024 0.007143438232515136 0.0023798922075475206 0.03519782493673347 0.19999999999999998 0.13455257089259035 0.04966538795318931 0.01899289283925943 0.01578001121996584 0.032708373238691364 0.683914451386299 0.3768874799782189 1.0574452957417646 0.610709189582042 0.345891017261297 0.7087799127404374 0.5296764002433318 0.7826907135481334 0.771165537857236 0.6281085512725563 1.3449693655764237 1.2165376813342017 1.0130148299872448 0.9229627619071092 0.9060194109877396 -6.1475367685546916
1.5982501490609515 0.03391114739128958 0.008799181434303126 0.009236807755715878 0.034008253297195444 0.19966475589666524 0.17353875170733893 0.13882635635003165 0.010417718875860106 0.01410885147602516 0.02340957207575937 0.9384514045744051 0.8244241192579238 1.7805039605605137 0.8540224661077522 0.42829872632400073 0.77339567874493 0.5557389396925688 0.7834384206100035 0.7799404065549069 0.662794541341805 1.4683978399588165 1.7158364539792128 1.4632632199564906 1.3530905607326533 1.3473414502496113 -5.702569804210727
1.7367817520787125 0.03239156834805628 0.008627387539875497 0.00873057893490703 0.04347244943000871 0.1959894625065108 0.1793813974173725 0.14084162439803377 0.011150724471561214 0.01471242498836413 0.024323781834877975 0.9066769170155868 0.7788858318591987 1.693307046916956 0.8246547577849581 0.41843092846509916 0.7681246206646754 0.5528961824198307 0.8109929580238222 0.8080412131563686 0.6928750124657558 1.5571807296172664 2.0431245151675674 1.7456288185638553 1.6358484558086948 1.6229884188397519 -5.6793407501185795
3.9358033572659448 0.02581986559855062 0.006773268447117601 0.0015447020376423936 0.030861683770270758 0.19999999999999998 0.12431408350594535 0.034260589662026095 0.018116212410462067 0.01786815658564869 0.03444530819471193 0.654522899107872 0.4382508768076599 1.1365426376436936 0.6285219336866676 0.3509136179238364 0.7027568748296019 0.5227001549039724 0.7519747413388306 0.7553301392738431 0.6079652363487199 1.290380510655954 1.0787746578680157 0.8854420890795173 0.802934359282206 0.7961260257986729 -6.194970631941771
2.8803435239151773 0.025993756315835843 0.007272629918105601 0.005868521566048471 0.055612346992352485 0.19999999996715373 0.1616864619414536 0.11400784558358798 0.016294817270294505 0.01721182773147498 0.02851710126285667 0.7813464732135125 0.5376051688409821 1.2912698754669616 0.6813930598470755 0.36999955155737757 0.7307984022443478 0.5474784811463644 0.8270207715719075 0.8331201761000755 0.7144456452949011 1.6083265973765346 2.1606972735755656 1.8545236387598079 1.7315432755893954 1.7419496133661005 -5.835807481790359
3.2598216723515754 0.025168603155884255 0.007124695928346011 0.00571728726986371 0.06556768691598516 0.19999997652895024 0.16828724934886424 0.1206737259907966 0.016929621344830725 0.017449131733313725 0.028781558606055534 0.7721630091620224 0.4953918608135194 1.2297101474816219 0.6638400411888021 0.36452224489374296 0.7375426691579575 0.5565490369328806 0.850168049656848 0.8638407458778635 0.7538808634081281 1.7306311379857797 2.671394930959757 2.314732845633839 2.180861767368799 2.207740818951181 -5.746643226545253
3.3281383315935456 0.02433577722423554 0.007220408834311821 0.005552035000664805 0.08189360046763007 0.15810333885402642 0.18681395054811506 0.13427305547626078 0.016273252644276762 0.017465164818589417 0.029011731625722573 0.770508456512523 0.4886160188236839 1.2259264959654186 0.6663575152822939 0.36786693136394416 0.7506120923378206 0.5719101002191859 0.8873622801172113 0.9123325480645982 0.824124686387565 1.9492112263634973 3.826563960819795 3.40784314376878 3.2562585351704123 3.339638664749789 -5.495844291252278
4.860989125404757 0.022366731271225265 0.0041438387333947975 0.0029267996796934564 0.09355034207143549 0.19999974745351795 0.11051901298889931 0.09188727457466259 0.01895748242292532 0.018551812581794468 0.030773890184097128 0.7172589623333159 0.39594003244046233 1.0951343097498092 0.6336879566686289 0.36071793999512536 0.759164046292793 0.5825093595006757 0.9081453376721175 0.9408546670271131 0.854986267823434 2.031648109409794 3.063896050256962 2.8843890882278953 1.9329471395709374 1.7186704830851234 -5.063992838848484
1.8501802364437792 0.030410590567482722 0.008296233046577048 0.008753217741470368 0.0705427216223354 0.19742703305328016 0.19757831095527134 0.16467500244279915 0.011833183714385923 0.015280091443575195 0.024912045210857773 0.8813151776429421 0.7411305464152712 1.6403207121733636 0.8090796720110137 0.41613258076681964 0.7789040375231682 0.5725680811440758 0.848266802546894 0.8779348210541859 0.7948955041623514 1.8785950285164075 3.6465391958891877 3.211171102966552 3.0708999165873894 3.156117362424033 -5.456290381343331
3.289558754526696 0.023538108793496576 0.002299386086688265 0.007061531960705099 0.1203633241354916 0.17958304844199482 0.081014957947267 0.1953865577434226 0.016956737947941405 0.018797814585755444 0.029510794726490323 0.7463558318670954 0.49254367726135373 1.2446234481826615 0.6801272373091508 0.38325286878412523 0.7803908592324891 0.6074043208979539 0.9592017807141325 1.0311321708457786 0.9996472405372513 2.534771240274026 3.5254811715899077 2.5589253937651493 2.230853727796227 1.97848113087489 -4.550530959476005
3.4046526133635475 0.025976301481792825 0.00686803743147264 0.003670708139182349 0.03788701032985528 0.19999999492748652 0.13581338599364937 0.06952437906476057 0.017357056090552967 0.017832205481598917 0.030608975296029052 0.7327646401029106 0.47989212312861806 1.1984546314723912 0.6485990657465779 0.3566177608994968 0.7111641094193586 0.5297300182770556 0.7866367672566682 0.778798653350757 0.6392453867465859 1.3829186656679031 1.3431376247352698 1.1228143193628584 1.028844939337518 1.0128655526342378 -6.096649592864001
1.8891117982479224 0.031079381974485894 0.004576222717610011 0.00475394436690879 0.06758639534567654 0.19999998478403386 0.08332998509936927 0.07097570020338105 0.01176965959923331 0.016018502554060222 0.026389700330462357 0.8254954426050936 0.729301946172545 1.615503552980544 0.7972956124611947 0.4112984019876167 0.7688963243374567 0.5624333429395861 0.8429485358466684 0.8536149308583734 0.754139392887136 1.7444967268879032 1.6430994376851145 1.2671248864366942 1.0343440473432226 0.9115256736881747 -5.322160059369731
3.891359599025748 0.025580609774239666 0.00674514230930083 0.0028609104365913333 0.03766875006906738 0.19999999999999998 0.13229335471530465 0.058127009868827205 0.01809222533104816 0.01798718810375743 0.031838393952289074 0.7100712623875861 0.4402961627398637 1.143554848683922 0.6317730657213226 0.35129445822085514 0.7084688371664983 0.530831343245017 0.785250508134154 0.7760408012887926 0.635904002537818 1.3694021789090085 1.2982533662229419 1.0835360075356029 0.9894414832315572 0.9776770890277977 -6.126642175508142
2.046362583981062 0.029071872393244404 0.008389778641306385 0.007996659803983565 0.06866398376583903 0.18946472535149914 0.1999636150239517 0.15433258838890662 0.013071743713098728 0.01571998071363052 0.025817115701687567 0.8596474076827891 0.6854680567486559 1.54295035719558 0.7730616736426008 0.4006141257821225 0.7664594136820031 0.5653656625434985 0.8429688409488224 0.8741463243918492 0.7842606480969917 1.8373139687821685 3.3274164328849483 2.950625690249121 2.80692462654529 2.866448568406208 -5.529264719937049
2.320118628060994 0.028153822301287816 0.0074774594182919355 0.007999233586611006 0.06945941050012291 0.1999999259983866 0.1777396334880719 0.15934749463827003 0.014155454792215555 0.01613762043994553 0.026569814146173036 0.8414194255727205 0.6249791495958203 1.4416343305920583 0.7359568293764212 0.3902526096725412 0.755254383817474 0.563550471203875 0.8603141072890571 0.8790661267092603 0.7844891315407838 1.8324791038347976 3.3169320978139236 2.891288745535783 1.2468459009128625 1.077364594451564 -4.986364502768447
2.232707948849495 0.029740874085234643 0.004263481793374093 0.009456120122415234 0.07273685149497966 0.19999290405481074 0.08802287249676662 0.19870395339651512 0.012991942861862029 0.0168643491892005 0.027508039851531406 0.8004331909997415 0.6438218319333225 1.472954911313411 0.7475935862367687 0.3936369621390956 0.7602629492957005 0.5665386062852014 0.8457064716581575 0.8863966764353404 0.7965370667275812 1.8726271411370752 2.034604637067658 1.457437340481564 1.2154483688878628 1.0622871159108547 -4.808690531279009
1.6866608625088957 0.03311324643607534 0.008602692909584746 0.008703261221043701 0.03648374856182353 0.1954890194921723 0.17179800676236157 0.13425350606757813 0.010779785223263883 0.014724184054661816 0.024749816085920556 0.8828784382408563 0.7922071096268964 1.7218690508871513 0.8315808240639485 0.4269006838648803 0.7692283221677535 0.5492845378021387 0.7808717248091492 0.7895173607105067 0.6691654541821859 1.4839761945182917 1.7549591994362477 1.4972931196394355 1.3747787775483122 1.3855742029521525 -5.707158054278257
2.318961051260339 0.0265430670100743 0.0032934998052199698 0.008367690472521764 0.1026682752598717 0.18856623966457742 0.08598172861589 0.19599031196945063 0.01419545748091347 0.01727514629585288 0.02774218596562018 0.7928744220065355 0.6279038562466465 1.4540819751315162 0.7465591425047327 0.39674767557764196 0.7794782489047913 0.5892180928297419 0.9086813484021045 0.970339072697937 0.9172510315520265 2.257587223279777 2.8822465086373255 2.0789826042098754 1.8319372993520098 1.6113641218702577 -4.61779393199701
3.472311285516671 0.025524957812033115 0.006930636425836605 0.004543163957916374 0.0517984119025318 0.19999999999999998 0.15084847969282622 0.09359825449939327 0.01730218624571339 0.01773093125945049 0.029822505716503703 0.7486404536484023 0.4747003373684935 1.195166530789567 0.6506203905220862 0.3592378323356762 0.7235895430995909 0.5436047485515741 0.818281750939785 0.8209564343939089 0.6947942931499308 1.5462004406153578 1.8926851180751736 1.6045268652316276 1.4906648769358388 1.485251106885087 -5.926134446361558
1.1608137838335701 0.035779605763366105 0.01029746708313398 0.01238886420795322 0.027262164660211873 0.1999999999994551 0.19260147199588323 0.16746463268275516 0.00832760095069496 0.011282245542957344 0.01817246705920993 1.2005793615679203 1.085394778072159 2.220050753203258 1.0277965849127244 0.4998416800975785 0.8495675521914459 0.5807394660069627 0.7846640752464796 0.7767338912600336 0.6492142830727975 1.4347023756033155 1.6679023575975387 1.412854435442388 1.3115416179106736 1.3057928918146746 -5.563305451740915
1.6880844941625033 0.03234291753127167 0.008849261232023023 0.009499660031735985 0.05169266817128503 0.1991771252825015 0.1919986860308811 0.15713464577935718 0.010910295408360948 0.014231211189759648 0.022954605251434054 0.9606467782262946 0.7986306914231456 1.7304744839395865 0.8398022988335891 0.42407450969091 0.7794757462886567 0.5625145277167156 0.8095163637970819 0.8301956823124415 0.7263860909605899 1.6609950003559875 2.524375175242802 2.1957484318640423 2.058333412907606 2.0781121833022764 -5.57819644832647
3.6739337011856534 0.020037336366884206 0.0012711037487425296 0.005877243289177345 0.14183251347266296 0.1616228577512302 0.07142557989376769 0.19866432804428266 0.017972978973806047 0.019525628987403294 0.030432740046460738 0.7298195858254262 0.4657722422857521 1.2018759347232226 0.6700093368579146 0.38402688236845267 0.8000698501419926 0.6265186833551217 1.0229873239157785 1.1022147288135502 1.103710055006316 2.878294976235457 3.9999999999999996 2.956900510504725 2.604809940621723 2.3404994721167993 -4.3984304754903025
1.7976945821267118 0.029730229183401773 0.004581320327633788 0.006700097956942691 0.08611306686890974 0.1999483591026299 0.09449891566482643 0.10623211000579522 0.012181281660320249 0.015019528592448064 0.02355167176463133 0.9212612594294056 0.7550889181738295 1.672562086373252 0.8239543676663083 0.42836518961666825 0.7900390740382667 0.5806106873214163 0.8700923334635532 0.9028254503227628 0.8329035061941483 2.0081513627251906 2.3273610027976512 1.7227858158404015 1.456087408442178 1.3470529785132175 -5.067182315284801
1.98716950682137 0.030368182461532556 0.008120379040310374 0.007291250338383666 0.05857305079358905 0.1910845125379017 0.1834165743647292 0.1371669529595985 0.012205576105966107 0.015987286590722672 0.026919026569671208 0.819523944342522 0.7053596906856904 1.5664280488888906 0.7800088224552736 0.40461618507250374 0.7622403079672014 0.5587993369659434 0.8368400429653055 0.8438797602625145 0.741897737840301 1.7008448469223745 2.660400281540371 2.311943875896779 2.1799452451358463 2.2149722443105726 -5.61300146775547
2.401443860707719 0.028105869613908808 0.008022944255726505 0.006427067816099399 0.07199960726256598 0.19999976642544035 0.19644827455648117 0.13673779594995222 0.01408165361152315 0.016575553997699406 0.02811944982720893 0.7922087857177385 0.6089856157543408 1.416763476729352 0.7271480120656797 0.3901660660104155 0.7543123596580299 0.5654021132605777 0.8654269114023149 0.887088020191845 0.7927152909919357 1.8596596712868776 2.1633973442722843 2.9846141459063604 2.849294007203707 2.921132335358215 -5.388313895970546
1.3561489406770428 0.03492923102388734 0.009546802689602073 0.010909062010428726 0.03055943214913985 0.19992664959079826 0.18316456987674185 0.15409613787842297 0.00927428826351359 0.012470046925747559 0.020310659822527492 1.0772629328876226 0.9578667265871801 1.9848362216076625 0.9339808989953259 0.4665924438337436 0.8099554949053531 0.5652685280869674 0.784493813808846 0.7796988747120711 0.6565540517001889 1.454156936703007 1.6923482025858771 1.4354395027924571 1.3365093329127302 1.3321871124694116 -5.643083086635575
1.953941750963588 0.031829585428952575 0.005399692599604338 0.005227130404912841 0.05517634942038225 0.1999999999999853 0.09826629162572582 0.07507315411852435 0.011791110350910525 0.01599645210313162 0.02647530969262225 0.832320051584623 0.7100976380872372 1.5776281480118608 0.781825524500244 0.404988172354049 0.7568399222822773 0.5545865950965736 0.8034053132190309 0.8249749992349946 0.7144119692869656 1.6187789611309067 1.4308604380499228 1.1334171689735955 1.113425136257516 1.113336012381882 -5.34942989611611
4.09518737428591 0.025658475966201504 0.00666819999175758 0.002725980998946539 0.03182354514432719 0.19999999999999998 0.12518665190036096 0.05068695764499745 0.01817454869894956 0.018098739625352783 0.032147094168707625 0.7057410238220007 0.43059969826181743 1.1234445179349888 0.6262427177570128 0.34718599053256305 0.7047335224036503 0.524201471052892 0.7566422043639731 0.7623349222976696 0.6151329852305876 1.3082236055398138 1.1265351104085972 0.9350898826519738 0.8509042854214 0.8271471726499329 -6.195171543223113
1.8802333794389854 0.03165940385045859 0.004960674803517278 0.004189761554661733 0.06031895976159588 0.19997837897621845 0.08491456901600053 0.05377821711589085 0.011722099086235754 0.015756086744690624 0.02643030446837752 0.8301680612446038 0.7342028056678462 1.6164419674613497 0.7979225602887244 0.4097640499181887 0.7651599148575918 0.5583349862858806 0.8285726562983342 0.8336179228382554 0.7265527042840724 1.6583869901486579 1.4823073147171788 1.0527059643554046 0.9161484129763321 0.9221650855260983 -5.43611193407204
3.3805539424025306 0.024836290696009764 0.007065440570963777 0.005574881007663059 0.07051754836240964 0.19999999721547268 0.17193410950758783 0.12361776065901195 0.01708793944328241 0.017627702372960154 0.02909872318018767 0.7633124185497685 0.4843152153722997 1.2144430697777748 0.6602799965787675 0.3649716340643417 0.7409059811444573 0.5615262597451572 0.8505469626288008 0.8791331063716071 0.7742340296108825 1.7909687692560123 2.96924175153229 2.5878936364632543 2.448478906343667 2.4893153741568463 -5.691021407190872
1.386903489746852 0.027660178723234164 0.005801437512688133 0.0073108659922136495 0.11605617146583491 0.1998568253083283 0.1259948938737916 0.12747026229164493 0.010856735258055009 0.01271935286140725 0.02137198437280056 1.0270659401130973 0.9436138507050469 1.9978416500092808 0.9543441986404865 0.47595516189834236 0.864541670511118 0.6203449815796895 0.9285147410843471 0.9895281984119615 0.9513642545333411 2.4231761546942683 3.7420344667639522 2.849985509157092 2.488982709448098 2.223815287503186 -4.4738136477296715
2.910446481491496 0.026860184037196633 0.007168430308550258 0.005207321846623326 0.022495841418290394 0.19999999999999998 0.12657140621456514 0.0744591350850442 0.016673611003116193 0.01745502209406892 0.02975326736685224 0.755557982022305 0.529783480263469 1.2713219560432578 0.667193433532377 0.36349860707282045 0.7039644800301218 0.5204442857284552 0.7419612910048837 0.7404616070438835 0.5941884148611727 1.2515422795865678 0.990388835497195 0.811714428039715 0.7408201322322049 0.7224558738771479 -6.209893691293117
0.37167377998940077 0.03709970004294246 0.009371592750323458 0.015530855563308164 0.12078940091109078 0.19997399517420233 0.1258089769853854 0.13645895525994478 0.004977031977152897 0.004305333581033317 0.006589309467115591 3.126517900372627 3.107770782665357 3.9005491743827125 2.535203275206813 1.1461890603317015 1.7545749413847964 1.0878103464030786 1.2931993415128038 1.183454397649079 0.9390497290707872 2.1891655855445187 2.6204858262182547 2.1141441811080375 1.9260716612258306 1.7256842430471664 -3.86980688121597
2.3716147452829466 0.029256238444982895 0.007526339122223691 0.006101157551716923 0.05872927473730799 0.18255166236958206 0.17165412898486365 0.12283676643553126 0.01312110977990707 0.01683766227273517 0.028758888427344954 0.7673080542949265 0.6139734137119703 1.42050957246168 0.7263155383296042 0.38388560485910816 0.7442567896445921 0.5532617732312278 0.8362550194570963 0.8441077249280291 0.7368856606892054 1.683475306602064 2.5212468638319487 2.1828856972973996 2.050164831553315 2.0722928843760506 -5.651366216435049
1.7162791039257752 0.03183068701971726 0.00868462038393819 0.009164739910983032 0.058262106063767055 0.1991118624589308 0.1943418711488654 0.15880246821926444 0.011179363573425229 0.014600281303269187 0.023858889771130203 0.9184229317897709 0.7853821686559036 1.712176889853445 0.834010901376834 0.4257138920109631 0.7807325483501955 0.5687404193917459 0.8259271675874347 0.847251707764655 0.7493850632005239 1.7312326508732006 2.878509732463631 2.4969134418738497 2.363867581861653 2.4130289960979945 -5.535960621601621
2.602083265708351 0.027012015235427827 0.003461011118718342 0.007599361586785689 0.09891960100040946 0.1968797107435148 0.09084962219066975 0.18405671366106977 0.014397375656665165 0.017461606955992394 0.028172808027858723 0.7841375357188868 0.5776283739295794 1.3706884140223874 0.7165736117365387 0.38593640998209605 0.7701650127698748 0.5856529916564879 0.9208441059797383 0.9628308033612812 0.9017773484977949 2.2100113623191078 2.919655798383429 2.1531000047812197 1.8518400971927715 1.631044761529462 -4.685754915822314
0.7225271996980454 0.03893337222370413 0.008796976229397626 0.012573821390337268 0.018791254306970203 0.1999999999999778 0.11112186976611552 0.10956280176831483 0.005591415519611843 0.008745862576996586 0.012959633402790794 1.6473083120876608 1.6570942686469412 3.2092198273178583 1.4189780692375473 0.6617920770805167 1.0454092620668753 0.6722622522153799 0.8488560487396087 0.779372748659323 0.6115048072020747 1.3154177109215657 0.8401666117011951 0.6446970305875449 0.6559879447143404 0.6580880530917517 -4.956072381442305
1.898157863935938 0.03157936769226648 0.008390112317302856 0.008206027680942592 0.04595290460732291 0.19219755715220113 0.1771447692807057 0.13627781817436993 0.011650960014080327 0.015437336333823881 0.02543904466130861 0.8625149088230631 0.729299570145999 1.6037719611437444 0.7914178943089875 0.4095684444468503 0.7582379579779963 0.5504104427380333 0.814338583349959 0.8145811371646106 0.6998930006028924 1.575441592334037 2.099584333228188 1.7873635468774394 1.6700770757855088 1.680341650824218 -5.6951972436312595
1.4785974802436563 0.027487902566126772 0.004422351026954418 0.009991739656188603 0.11277745116698941 0.1999989101476652 0.10688269413787872 0.18312669086184685 0.012518095411090856 0.014291989211795862 0.023205280312015124 0.9547662580067277 0.8884409616653727 1.9146115593566975 0.917895563175897 0.4627916305828625 0.8471069910589659 0.6131000214686089 0.9184107423847302 0.9849947473557479 0.9452182538944993 2.4078134231068615 3.703498865534705 2.7069811829850985 2.3704285254466946 2.1606105858986964 -4.311234692311802
2.4391912252163017 0.02611854870799328 0.0030630141062590417 0.00792705106562524 0.11483644446268985 0.19754967962562545 0.09344588258916489 0.19982598956711828 0.014404733550330838 0.017501986821900104 0.028114041317046534 0.784939634111998 0.6080324472130572 1.421211087997349 0.7373425268096429 0.39523748481742776 0.7866885514443515 0.5990261645331443 0.9543652086701824 1.0131843099774733 0.9770518087497985 2.469750485831297 3.7624112235452043 2.7473114210225766 2.3956137331268503 2.128094464930302 -4.539264199788268
2.099771266156345 0.02971554223939252 0.00418592413256424 0.003383637150182552 0.08021365352042983 0.19980499956874412 0.08719704168068848 0.058287083806287325 0.012599686428750537 0.016734640109235168 0.02745994672741247 0.8006622005361292 0.6733205889887774 1.5239060445922874 0.7659689837446167 0.40005566801536085 0.7661805619810598 0.5684376280048853 0.8673415230949162 0.8876821343294617 0.8002929149485251 1.885797994437403 2.0428911309826145 1.455334971678624 1.2788907067844046 1.2862834225303608 -5.368049029144365
0.6780428872210156 0.03378304927075153 0.007758899767761677 0.012361090355203675 0.08687672928603689 0.19999542052616312 0.12276247484558185 0.12682914883610655 0.006609949166404046 0.007423986119844227 0.011629964198137046 1.8814534725326124 1.7513529595246822 3.4508305176048797 1.5263843929902217 0.7098114171961395 1.1458475444950353 0.7471385070106256 0.9605710865441502 0.9373257191886046 0.8034160684039122 1.926103980555564 2.1681472845994034 1.713550987093934 1.6905728270150437 1.7628460552442669 -4.3624776725845065
9.34154106251818 0.02278309758062823 0.002959256077136508 0.006388522569908145 0.11585415274320078 0.18926011332117654 0.09507848366471526 0.1998812283535462 0.016603213136497128 0.017351807594081035 0.02851605625190186 0.7869949529950797 0.3065651369762451 1.0246122870745682 0.6345936669485766 0.3694998378002831 0.7948176739030706 0.6169794034360195 0.9777257553187044 1.042887672051154 1.002560408981495 2.506628924145223 3.907449069552613 2.868261154286975 2.460602285479694 2.1868138133568733 -4.445829892432613
2.1169214168990123 0.029348500752212587 0.0040023573104277675 0.0033691271370067475 0.08947062266570265 0.19861350333198569 0.08858801139285667 0.06208210553148747 0.012628206331471737 0.016776609822779735 0.02735435025264092 0.7970630775150781 0.6701290761145015 1.5205643910328916 0.7668041514074142 0.4031191589586278 0.772869843508391 0.5766056275580562 0.8865538937468769 0.915416200107657 0.8389915749053751 2.011899190734763 2.2978616965812146 1.6336587405231058 1.465951363735074 1.4736402293792468 -5.312050845741565
0.05470029873293377 0.003517401558427323 0.012473999262243365 0.02042955697966903 0.10719221605921514 0.048275426223607275 0.19999754336984488 0.19936346211397327 0.03633040387543042 0.021209718954311334 0.034096473834957786 0.5139322004897594 0.39026376855289807 0.6937310183349344 0.5406384299477938 0.40019119051581864 0.9100368599615604 0.760174816747337 1.4843768284834506 1.6482709020979067 1.609906561389638 3.8581208897443395 1.5936089195681709 1.304964152046025 1.1377666127139046 1.089634973541755 -2.894857731895839
3.950915607864698 0.025572282240597762 0.0066268456175551 0.0021278218008046537 0.03395116019239281 0.19999999999999998 0.12595845226297375 0.04503140230395474 0.018242301159016157 0.018264777820262066 0.03355875632104105 0.6778850292244631 0.43681074603495906 1.136418355920044 0.6289747819842164 0.3502684046840785 0.704578701547198 0.5257724544873537 0.7590956970662825 0.7634706404468057 0.6199393410978639 1.3226685084572551 1.1646250557243616 0.9685315315529629 0.8804538951793944 0.863086800743611 -6.174703120291257
3.9120892607888993 0.025932057899503008 0.006721543828206581 0.0026204595237967667 0.030649057744339573 0.19999999999999998 0.12507173133793767 0.04844367203002282 0.01812812775951963 0.017951797204394 0.03218263044303763 0.7040944674840485 0.4400650057964103 1.139030222936199 0.6290502408165599 0.3486460325504889 0.7033368691454133 0.5240238859314543 0.7701191322839654 0.7564935645279803 0.6111903342045688 1.2984783744191761 1.1006525357770223 0.9115704695616024 0.8265629789536694 0.8106360166701378 -6.2044164602052785
5.367705609864167 0.019657838313371177 0.0013287980090986784 2.7553478619026074e-05 0.12986242879038265 0.14374745822551338 0.05571819151092868 0.034573585376138624 0.018400973307556998 0.019196801110092317 0.030248564066392418 0.7281485515680073 0.375179002583233 1.0830360542460022 0.6388249761514609 0.36882639783406046 0.789196391664477 0.6159948121867371 0.9859873774233561 1.044938087339216 1.0072230482317075 2.5381310221174123 2.7158448458275206 1.9222746091231464 1.6838031687049182 1.5533026353774333 -5.246676912383706
1.376749436881972 0.035071132521302194 0.00941229961072853 0.010592997745357184 0.02587309532816518 0.1999999686960565 0.17656956950800326 0.14649872101980757 0.009459694407008463 0.012733077880763319 0.02086112517809265 1.0478134648849369 0.9381738160156402 1.964832707861354 0.9253542238712879 0.4593811143183637 0.8009116693216346 0.5585502547724267 0.7706203514281496 0.7684300269463661 0.6403054843043292 1.4038139169336796 1.5141501765835184 1.269405451365986 1.1735243746491408 1.1666060682553585 -5.684829940892994
2.0163279559557696 0.029527258852801563 0.008214813690993857 0.007907667762416486 0.06704116339602323 0.1902704277453525 0.19356129725606022 0.15159685019411853 0.012524260426452641 0.01576885153852236 0.025990742950231547 0.848565118933427 0.6913408792830827 1.557070520700104 0.7781498759715461 0.4020082630220224 0.7645654470061114 0.5696749558631949 0.8549039278693116 0.8668758703065509 0.7766127994197521 1.8148063257295384 3.2427697144427174 2.8439688295646404 2.705270627870384 2.74924968375938 -5.539569537911545
2.1995464534818225 0.028033384985265336 0.003676850933281723 0.008671362780627929 0.09659026320920254 0.1979068982931 0.09067135503452266 0.1975272944046068 0.013267824427376044 0.0169050481375191 0.0273768451408839 0.8027211324536738 0.6520134688174386 1.4937237971231516 0.7591796150445418 0.4020846502071287 0.7802104746746928 0.5857735341102156 0.912696636719428 0.9528600112637636 0.8925164260286222 2.1867600660670945 2.8248523978337987 2.066248281458906 1.7646161673477256 1.5804285358009733 -4.65650325280885
1.7874791283249565 0.0310683494961406 0.004803619132524184 0.004481883105800422 0.07393427785863671 0.19981085058664866 0.09012367102561687 0.06316090938098268 0.011499733564611949 0.015395605360659809 0.02556263517820711 0.8548209852134455 0.7629756892686714 1.6733737971375802 0.8202862551273882 0.4198883969574505 0.7810050637122303 0.569244910854937 0.854558247145474 0.8697881439620647 0.777482537177153 1.8212705875379471 1.8373082600558919 1.3017360450322093 1.158213596760618 1.1719926488879304 -5.326852781329011
3.498212071350723 0.02596904708131152 0.00678250108546685 0.0023278883107444117 0.031563378095529594 0.19999999999999998 0.12619823304431046 0.04532375646053054 0.017655797333920604 0.018278739157388552 0.03335419481100686 0.6768846908952797 0.4735855764707213 1.1834892162776443 0.6427979569796604 0.3577573911530752 0.7052029577550529 0.5296593056631526 0.7532808956205765 0.7617478517195276 0.6118418693241379 1.3055671787727843 1.1173106369561843 0.9303808499457968 0.8414340971292882 0.8226395139208139 -6.179391257050223
1.1296923696787127 0.037532610508803445 0.010310870854926673 0.012493315020802039 0.004835277445118654 0.19999999999999998 0.1716384435489712 0.14897948190357746 0.00788153778909434 0.011038235810197854 0.017728587080528373 1.2241586686841903 1.114331232202679 2.254657952832011 1.0340081833597166 0.5023502752881399 0.8385950827317815 0.5706756770346864 0.7677116620484157 0.7264531061855246 0.5846839494453695 1.2397548698890475 1.0336809001695504 0.8621955869897101 0.7826389865409339 0.7657969570529624 -5.733173476585665
2.3176818027472175 0.02814358428733917 0.003662128918079021 0.0027249869033595534 0.09017230995558113 0.19063222667270383 0.08119565748545284 0.053973308401819575 0.013469235922271628 0.017096037855826234 0.027949700073627595 0.7960024804479329 0.6282305435227382 1.4473504784425368 0.7407398281725891 0.39377677758685264 0.7653122087929659 0.5739063114380294 0.887284070149936 0.9153379931902769 0.8370512330217366 2.000738559880452 2.2018533248162115 1.5838738227561608 1.3807571397779579 1.244942882988215 -5.347226069649896
1.408133830327567 0.03439407577575285 0.0062846427802055625 0.007002191187504211 0.03592857996053727 0.19999999999995646 0.09011673770909523 0.0693341011133822 0.009646608649249117 0.013245191577422495 0.021547565960194123 1.0261129839603018 0.9220270207926656 1.9349621578004823 0.9155270988575113 0.45277663784642475 0.7991270215523179 0.559330951626909 0.7923644746196632 0.7775234981393884 0.6502548176306652 1.4323788496061847 1.0331752561638132 0.7528501122613648 0.6755842415655596 0.7070399885443839 -5.394972664340137
